0.7729118488936827
0.7630614376495802
0.7505885796150695
0.7376595423760572
0.7242980862516746
0.7105265890277475
0.6963625583116242
0.6818213773077819
0.6669180092095368
0.6516679533842595
0.6360878047840572
0.620195597746448
0.6040110227966942
0.5875555606485385
0.5708525560610205
0.5539272434460563
0.536806730624984
0.5195199443360277
0.502097539753783
0.4845717757635227
0.46697635769858303
0.4493462495051267
0.4317174577269176
0.41412679022387355
0.3966115930939237
0.37920946981194703
0.36195798709376126
0.34489437240471743
0.3280552083341157
0.3114761292268948
0.2951915254876546
0.27923426084078884
0.2636354075436119
0.2484240041137914
0.2336268395626998
0.2192682674434927
0.2053700522540821
0.19195124991157042
0.1790281231697617
0.16661409201883481
0.15471971831823106
0.14335272319871584
0.13251803515076988
0.12221786621079722
0.11245181327394249
0.1032169813054602
0.0945081250874763
0.08631780611485851
0.0786365613284099
0.07145308052815558
0.06475438952489132
0.05852603634524023
0.05275227808590921
0.04741626630076412
0.04250022908656892
0.0379856482999088
0.03385343058230317
0.030084071089458875
0.026657809013023392
0.023554774150685187
0.020755123925610186
0.018239170383057335
0.015987496804432677
0.013981063681208217
0.01220130388631624
0.010630206971715128
0.009250392609535307
0.008045173281485352
0.006998606407325636
0.006095536187340378
0.005321625515105066
0.004663378393716222
0.004108153359657307
0.003644168482011323
0.0032604985592890046
0.002947065180752051
0.0026946203527815626
0.0024947244133263213
0.002339718968501714
0.0022226955853438257
0.0021374609643602938
0.0020784992952037618
0.0020409324702654885
0.0020204787947699643
0.0020134107898693854
0.0020165126382329923
0.0020270377711696375
0.002042667043622992
0.0020614678895326533
0.00208185479616807
0.002102551382954121
0.0021225543189182794
0.0021410992637681536
0.0021576289713109986
0.002171763650895886
0.002183273643114436
0.0021920544302056477
0.0021981039697873683
0.002201502312530579
0.0022023934402423118
0.0022009692404720838
0.002197455516908753
0.002192099921505153
0.0021851616840634636
0.0021769030077868345
0.0021675819948354658
0.002157446963794718
0.002146732021086728
0.0021356537504074735
0.0021244088878343836
0.0021131728553771545
0.0021020990318435517
0.002091318647057694
0.0020809411931571598
0.002071055255045695
0.0020617296705865984
0.0020530149399070607
0.002044944811767979
0.0020375379836861107
0.0020307998606403643
0.0020247243252943248
0.002019295480157557
0.00201448932918602
0.0020102753728944434
0.002006618096994317
0.0020034783400416645
0.0020008145303571645
0.0019985837867544376
0.001996742881285374
0.0019952490653687427
0.0019940607632147334
0.0019931381386921743
0.0019924435433216203
0.001991941854428969
0.0019916007133269353
0.0019913906739118525
0.001991285272376131
0.0019912610285865995
0.001991297389655755
0.001991376625602226
0.001991483686627049
0.001991606030771309
0.0019917334300254552
0.0019918577621380607
0.001991972794595398
0.0019920739663602527
0.0019921581721756842
0.0019922235534437505
0.0019922692989103874
0.001992295457707516
0.0019923027666316484
0.0019922924929566266
0.0019922662935497604
0.001992226090572924
0.0019921739637090985
0.0019921120584456276
0.0019920425097370575
0.001991967380093662
0.001991888611055148
0.0019918079867911054
0.0019917271086180577
0.001991647379074757
0.0019915699942848475
0.001991495943331145
0.001991426013410069
0.0019913607996192573
0.001991300718324318
0.001991246023118287
0.0019911968225332366
0.0019911530987126724
0.00199111472641611
0.001991081491785618
0.0019910531104327944
0.0019910292444746958
0.0019910095182678056
0.0019909935326219985
0.001990980877394244
0.001990971142382114
0.0019909639265308643
0.0019909588454689597
0.0019909555374716392
0.0019909536679296735
0.0019909529324668718
0.0019909530588272384
0.001990953807700868
0.0019909549726122577
0.001990956379052
0.0019909578829704344
0.00199095936878535
0.001990960747027537
0.001990961951746084
0.001990962937778229
0.001990963677956592
0.001990964160366926
0.0019909643856804715
0.0019909643646468522
0.001990964115763494
0.001990963663160872
0.0019909630347242357
0.001990962260447149
0.001990961371037936
0.001990960396758723
0.001990959366490075
0.0019909583070156778
0.0019909572424966493
0.0019909561941203746
0.0019909551799108804
0.001990954214663332
0.001990953309992771
0.001990952474475449
0.0019909517138548827
0.001990951031303645
0.001990950427718574
0.001990949902034078
0.001990949451546875
0.0019909490722332945
0.001990948759058253
0.001990948506257695
0.001990948307605822
0.0019909481566440235
0.0019909480468890406
0.001990947972002499
0.0019909479259276885
0.001990947903007023
0.0019909478980593143
0.0019909479064333935
0.00199094792403931
0.0019909479473675384
0.0019909479734722124
0.001990947999952475
0.001990948024923056
0.001990948046970753
0.0019909480651042477
0.001990948078706034
0.00199094808747724
0.0019909480913865574
0.0019909480906163957
0.00199094808551592
0.0019909480765568643
0.0019909480642925637
0.001990948049320207
0.0019909480322573003
0.001990948013706695
0.001990947994243708
0.0019909479743974723
0.001990947954644273
0.001990947935388676
0.001990947916974739
0.0019909478996739116
0.001990947883691252
0.001990947869169424
0.001990947856188696
0.0019909478447845963
0.0019909478349399157
0.001990947826603695
0.0019909478196916686
0.001990947814099253
0.001990947809702326
0.0019909478063687702
0.00199094780395781
0.0019909478023324434
0.001990947801355447
0.001990947800901588
0.0019909478008489634
0.0019909478010923243
0.0019909478015355253
0.0019909478020988525
0.0019909478027125838
0.001990947803321763
0.001990947803884091
0.00199094780436726
0.001990947804749954
0.001990947805018628
0.0019909478051692853
0.001990947805203702
0.0019909478051293172
0.0019909478049527918
0.001990947804690002
0.001990947804356935
0.0019909478039655815
0.0019909478035323724
0.0019909478030738503
0.001990947802603782
0.0019909478021332694
0.001990947801673748
0.001990947801234988
0.001990947800822873
0.001990947800444398
0.0019909478001037817
0.0019909477998001357
0.001990947799536791
0.0019909477993120817
0.0019909477991260083
0.001990947798974574
0.001990947798855447
0.0019909477987637425
0.0019909477986993496
0.001990947798656606
0.0019909477986302937
0.0019909477986196356
0.0019909477986189694
0.001990947798626852
0.0019909477986405077
0.001990947798657494
0.0019909477986740365
0.001990947798691245
0.001990947798707232
0.001990947798720666
0.0019909477987297697
0.001990947798736986
0.0019909477987399837
0.001990947798740539
0.0019909477987374302
0.001990947798731546
0.0019909477987226643
0.001990947798711673
0.0019909477986997937
0.001990947798686804
0.0019909477986733704
0.001990947798660714
0.001990947798646836
0.0019909477986352897
0.0019909477986229662
0.001990947798611753
0.001990947798602094
0.0019909477985934343
0.0019909477985855517
0.0019909477985793345
0.0019909477985736723
0.0019909477985696755
0.001990947798566345
0.0019909477985634583
0.001990947798561571
0.0019909477985603496
0.0019909477985603496
0.00199094779856146
0.001990947798561571
0.001990947798561238
0.001990947798561904
0.001990947798562459
0.001990947798562015
0.0019909477985634583
0.0019909477985634583
0.0019909477985639024
0.0019909477985642354
0.0019909477985641244
0.0019909477985643464
0.0019909477985639024
0.0019909477985639024
0.0019909477985632362
0.0019909477985637913
0.001990947798562792
0.001990947798562459
0.001990947798561904
0.001990947798561682
0.001990947798561904
0.0019909477985605717
0.0019909477985603496
0.0019909477985605717
0.0019909477985597945
0.0019909477985593504
0.0019909477985587953
0.0019909477985592394
0.0019909477985585733
0.0019909477985594615
0.001990947798557907
0.001990947798558018
0.0019909477985593504
0.0019909477985583512
0.0019909477985593504
0.0019909477985587953
0.0019909477985592394
0.0019909477985592394
0.0019909477985587953
0.0019909477985590174
0.0019909477985593504
0.001990947798558129
0.0019909477985592394
0.0019909477985596835
0.0019909477985592394
0.0019909477985594615
0.0019909477985592394
0.0019909477985594615
0.0019909477985590174
0.0019909477985585733
0.0019909477985599056
0.0019909477985590174
0.0019909477985590174
0.0019909477985584623
0.0019909477985590174
0.0019909477985592394
0.0019909477985590174
0.0019909477985590174
0.0019909477985589064
0.0019909477985587953
0.001990947798557907
0.0019909477985592394
0.0019909477985592394
0.0019909477985594615
0.0019909477985590174
0.0019909477985594615
0.0019909477985584623
0.0019909477985589064
0.0019909477985593504
0.0019909477985589064
0.0019909477985585733
0.0019909477985585733
0.0019909477985590174
0.0019909477985589064
0.0019909477985593504
0.0019909477985583512
0.0019909477985584623
0.0019909477985584623
0.0019909477985583512
0.001990947798558018
0.0019909477985585733
0.0019909477985589064
0.0019909477985592394
0.0019909477985584623
0.0019909477985589064
0.0019909477985592394
0.0019909477985593504
0.0019909477985583512
0.0019909477985593504
0.0019909477985584623
0.0019909477985584623
0.0019909477985584623
0.0019909477985589064
0.0019909477985583512
0.0019909477985590174
0.0019909477985585733
0.0019909477985593504
0.0019909477985587953
0.001990947798558018
0.0019909477985585733
0.0019909477985592394
0.0019909477985587953
0.0019909477985584623
0.0019909477985584623
0.0019909477985592394
0.0019909477985587953
0.0019909477985590174
0.0019909477985585733
0.0019909477985590174
0.0019909477985583512
0.0019909477985592394
0.0019909477985592394
0.0019909477985589064
0.0019909477985585733
0.0019909477985584623
0.0019909477985596835
0.0019909477985590174
0.001990947798558129
0.0019909477985584623
0.0019909477985590174
0.0019909477985585733
0.0019909477985587953
0.0019909477985585733
0.0019909477985583512
0.0019909477985592394
0.0019909477985593504
0.0019909477985585733
0.0019909477985589064
0.0019909477985589064
0.0019909477985592394
0.0019909477985594615
0.0019909477985584623
0.0019909477985594615
0.0019909477985590174
0.0019909477985589064
0.0019909477985587953
0.0019909477985585733
0.0019909477985585733
0.0019909477985590174
0.0019909477985584623
0.0019909477985583512
0.0019909477985589064
0.001990947798558129
0.0019909477985587953
0.0019909477985584623
0.001990947798558129
0.0019909477985585733
0.0019909477985592394
0.0019909477985584623
0.0019909477985583512
0.0019909477985585733
0.0019909477985590174
0.0019909477985587953
0.0019909477985583512
0.001990947798558129
0.0019909477985587953
0.0019909477985590174
0.0019909477985585733
0.0019909477985590174
0.0019909477985590174
0.0019909477985590174
0.0019909477985587953
0.0019909477985583512
0.0019909477985589064
0.0019909477985585733
0.001990947798558018
0.001990947798558018
0.0019909477985587953
0.0019909477985587953
0.0019909477985590174
0.0019909477985590174
0.0019909477985592394
