0.8007795144428395
0.7511455183282346
0.7494393448730936
0.7477203541307764
0.7459905551925516
0.7442511884881717
0.742502950084245
0.740746243227941
0.7389813077173294
0.7372082869111589
0.7354272645084909
0.7336382859544965
0.7318413715635124
0.7300365249345253
0.7282237385616046
0.72640299770213
0.7245742831225404
0.7227375730967822
0.7208928448922791
0.7190400758947832
0.7171792444723493
0.7153103306464277
0.7134333166172926
0.7115481871772795
0.7096549300360695
0.7077535360759146
0.7058439995502785
0.7039263182362152
0.7020004935485593
0.7000665306223364
0.6981244383685616
0.6961742295076745
0.6942159205841234
0.692249531965067
0.690275087825696
0.6882926161233296
0.6863021485621306
0.6843037205500468
0.6822973711493585
0.680283143022044
0.6782610823710112
0.6762312388781044
0.6741936656396721
0.672148419100385
0.6700955589858801
0.6680351482347329
0.6659672529301852
0.6638919422319758
0.6618092883085755
0.6597193662700649
0.657622254101845
0.6555180325993404
0.6534067853037977
0.6512885984392764
0.6491635608508708
0.6470317639442047
0.6448933016262044
0.6427482702471394
0.6405967685439111
0.6384388975845576
0.6362747607139176
0.6341044635004185
0.6319281136839088
0.6297458211244931
0.627557697752283
0.6253638575180087
0.6231644163444154
0.6209594920783754
0.6187492044436462
0.616533674994209
0.6143130270681176
0.6120873857417997
0.6098568777847386
0.6076216316144922
0.6053817772519774
0.603137446276983
0.6008887717838491
0.5986358883372813
0.5963789319282418
0.5941180399298958
0.5918533510535673
0.5895850053046781
0.5873131439386376
0.585037909416664
0.5827594453615108
0.5804778965130837
0.5781934086839275
0.5759061287145779
0.5736162044287587
0.571323784588426
0.5690290188486473
0.5667320577123223
0.5644330524847283
0.5621321552279137
0.5598295187149289
0.5575252963838999
0.5552196422919637
0.5529127110690615
0.5506046578716091
0.548295638336056
0.5459858085323377
0.5436753249172508
0.5413643442877565
0.5390530237342286
0.536741520593675
0.534429992402937
0.5321185968518967
0.529807491736711
0.5274968349130886
0.5251867842496378
0.522877497581302
0.52056913266291
0.5182618471228602
0.5159557984169678
0.5136511437824869
0.5113480401923503
0.5090466443096267
0.5067471124422418
0.5044496004979737
0.5021542639397509
0.4998612577412763
0.49757073634300164
0.49528285360847357
0.49299776278107976
0.49071561644121264
0.4884365664638769
0.4861607639767632
0.48388835931880836
0.48161950199926806
0.47935434065731786
0.47709302302220735
0.4748356958739889
0.47258250500483934
0.47033359518098916
0.46808911010529075
0.46584919238043077
0.4636139834728139
0.4613836236771286
0.459158252081617
0.45693800653406125
0.45472302360850314
0.45251343857270776
0.4503093853563972
0.44811099652024833
0.4459184032256862
0.44373173520547105
0.44155112073509684
0.43937668660501394
0.437208558093674
0.43504685894142137
0.4328917113252283
0.4307432358342841
0.42860155144644296
0.42646677550554746
0.4243390236996153
0.42221841003990046
0.4201050468408497
0.4179990447009213
0.4159005124843087
0.4138095573035324
0.41172628450293647
0.4096507976430589
0.40758319848589775
0.40552358698105595
0.4034720612527789
0.4014287175878598
0.3993936504244342
0.3973669523416413
0.39534871405016025
0.39333902438359736
0.39133797029075135
0.38934563682870815
0.3873621071567964
0.3853874625313747
0.38342178230144086
0.3814651439050748
0.3795176228666811
0.377579292795038
0.3756502253821413
0.3737304904028198
0.3718201557151327
0.36991928726151313
0.36802794907067493
0.3661462032602383
0.3642741100400858
0.36241172771643226
0.36055911269658336
0.35871631949438054
0.3568834007363184
0.3550604071683173
0.3532473876631287
0.35144438922838295
0.3496514570152417
0.3478686343276416
0.3460959626321317
0.3443334815682765
0.3425812289596054
0.3408392408251073
0.33910755139124016
0.3373861931044485
0.3356751966441799
0.33397459093635906
0.3322844031673391
0.33060465879828815
0.3289353815799988
0.3272765935681209
0.32562831513878443
0.32399056500460466
0.3223633602310517
0.3207467162531684
0.31914064689263333
0.31754516437512603
0.3159602793480113
0.3143860008983065
0.3128223365709174
0.31126929238714574
0.3097268728634338
0.30819508103033677
0.3066739184517151
0.30516338524412856
0.3036634800964192
0.3021742002894605
0.30069554171608004
0.299227498901112
0.29777006502160475
0.2963232319271266
0.29488699016020015
0.2934613289768171
0.29204623636704696
0.290641699075711
0.2892477026231175
0.2878642313258508
0.28649126831759164
0.2851287955699576
0.28377679391337596
0.282435243057949
0.28110412161431775
0.27978340711450345
0.2784730760327404
0.2771731038062596
0.27588346485603565
0.27460413260747785
0.2733350795110665
0.2720762770629105
0.27082769582524213
0.2695893054468086
0.26836107468318715
0.26714297141698873
0.26593496267796246
0.26473701466298516
0.26354909275592064
0.2623711615473697
0.2612031848542742
0.2600451257393862
0.2588969465305976
0.2577586088401135
0.25663007358347756
0.25551130099843566
0.25440225066363353
0.25330288151715463
0.25221315187487703
0.2511330194486564
0.250062441364336
0.2490013741795627
0.2479497739014267
0.24690759600390955
0.24587479544513002
0.24485132668441034
0.24383714369913767
0.24283220000141847
0.241836448654551
0.2408498422892681
0.2398723331197995
0.23890387295971094
0.23794441323753934
0.23699390501221984
0.2360522989883016
0.2351195455309506
0.23419559468074347
0.23328039616823926
0.2323738994283513
0.23147605361449353
0.2305868076125156
0.2297061100544303
0.22883390933191683
0.2279701536096148
0.2271147908382024
0.2262677687672704
0.22542903495796418
0.22459853679542874
0.2237762215010396
0.22296203614441656
0.22215592765523395
0.22135784283481508
0.2205677283675187
0.21978553083193386
0.219011196711841
0.2182446724069883
0.21748590424366165
0.21673483848504904
0.21599142134140425
0.21525559898000957
0.21452731753494814
0.21380652311667425
0.21309316182138638
0.2123871797402167
0.21168852296822394
0.21099713761319283
0.2103129698042544
0.20963596570031695
0.20896607149831536
0.20830323344126944
0.20764739782618058
0.20699851101173017
0.20635651942581923
0.2057213695729203
0.2050930080412693
0.20447138150988298
0.20385643675540177
0.2032481206587824
0.2026463802118097
0.20205116252346633
0.20146241482611726
0.20088008448157213
0.20030411898695333
0.19973446598044609
0.1991710732468731
0.198613888723134
0.19806286050349442
0.19751793684473018
0.19697906617113103
0.19644619707935818
0.1959192783431778
0.19539825891803797
0.19488308794553844
0.19437371475773457
0.19387008888134816
0.19337216004182345
0.1928798781672727
0.1923931933922881
0.19191205606164274
0.19143641673386236
0.19096622618468384
0.19050143541040754
0.1900419956311109
0.18958785829378488
0.1891389750753243
0.18869529788544925
0.1882567788694821
0.18782337041105224
0.18739502513467643
0.1869716959082558
0.18655333584546507
0.18613989830804212
0.18573133690799581
0.18532760550970917
0.18492865823195614
0.18453444944982544
0.1841449337965645
0.1837600661653318
0.18337980171085955
0.18300409585104394
0.1826329042684508
0.18226618291173846
0.18190388799700352
0.18154597600905664
0.18119240370261058
0.18084312810341474
0.18049810650929432
0.18015729649113954
0.1798206558938088
0.179488142836982
0.1791597157159367
0.17883533320225709
0.1785149542444856
0.17819853806872177
0.1778860441791329
0.1775774323584408
0.1772726626683192
0.17697169544975344
0.17667449132334445
0.1763810111895424
0.17609121622884683
0.17580506790194572
0.17552252794980172
0.17524355839369576
0.1749681215352159
0.17469617995620557
0.17442769651865575
0.1741626343645678
0.17390095691575436
0.1736426278736115
0.17338761121884083
0.17313587121113427
0.17288737238882435
0.17264207956847588
0.1723999578444695
0.17216097258852014
0.17192508944918072
0.17169227435129253
0.1714624934954202
0.17123571335723753
0.1710119006868861
0.17079102250831202
0.17057304611855517
0.17035793908701502
0.17014566925469676
0.16993620473341675
0.16972951390498514
0.16952556542036012
0.16932432819878063
0.16912577142686924
0.16892986455771186
0.16873657730991176
0.1685458796666247
0.16835774187457242
0.1681721344430187
0.16798902814275296
0.16780839400502512
0.16763020332047818
0.16745442763805318
0.167281038763877
0.16711000876014348
0.1669413099439505
0.16677491488615237
0.16661079641017074
0.16644892759080188
0.16628928175301017
0.1661318324706973
0.16597655356546615
0.16582341910536924
0.16567240340364275
0.16552348101742498
0.1653766267464697
0.16523181563184364
0.1650890229546117
0.16494822423451672
0.1648093952286409
0.16467251193006593
0.16453755056651787
0.1644044875990086
0.16427329972045934
0.1641439638543284
0.16401645715322288
0.16389075699750466
0.16376684099388628
0.1636446869740369
0.16352427299315364
0.16340557732855487
0.16328857847824907
0.1631732551595073
0.1630595863074351
0.16294755107352465
0.16283712882422174
0.16272829913947195
0.16262104181127768
0.16251533684224106
0.1624111644441134
0.1623085050363331
0.16220733924456676
0.16210764789925192
0.16200941203412456
0.16191261288476644
0.16181723188712693
0.16172325067606375
0.16163065108387664
0.16153941513883252
0.16144952506370702
0.1613609632743095
0.1612737123780218
0.1611877551723273
0.16110307464334772
0.16101965396437923
0.1609374764944288
0.16085652577675102
0.16077678553739216
0.16069823968372532
0.16062087230300548
0.16054466766090236
0.16046961020006323
0.1603956845386546
0.16032287546892043
0.16025116795574357
0.1601805471351968
0.16011099831311748
0.1600425069636704
0.15997505872791917
0.1599086394124002
0.15984323498771136
0.15977883158707984
0.15971541550496526
0.15965297319563987
0.15959149127179462
0.15953095650313687
0.15947135581499572
0.15941267628693578
0.15935490515137163
0.15929802979219032
0.15924203774338253
0.15918691668766483
0.1591326544551307
0.15907923902188426
0.1590266585086918
0.15897490117964186
0.15892395544080085
0.15887380983888555
0.15882445305993098
0.1587758739279731
0.15872806140373807
0.15868100458332657
0.15863469269692176
0.15858911510748763
0.15854426130948418
0.15850012092758847
0.158456683715415
0.15841393955425243
0.15837187845180123
0.15833049054091974
0.15828976607837875
0.15824969544362022
0.15821026913752556
0.1581714777811919
0.15813331211471005
0.1580957629959605
0.1580588213994023
0.15802247841488215
0.1579867252464443
0.15795155321114873
0.1579169537378995
0.15788291836627655
0.1578494387453776
0.15781650663266744
0.1577841138928383
0.15775225249666602
0.1577209145198868
0.15769009214208174
0.1576597776455536
0.15762996341423074
0.15760064193256795
0.15757180578445684
0.15754344765213746
0.1575155603151389
0.15748813664920303
0.15746116962522783
0.1574346523082205
0.15740857785625162
0.1573829395194245
0.15735773063884295
0.157332944645601
0.15730857505976337
0.15728461548936779
0.15726105962942782
0.1572379012609474
0.1572151342499405
0.15719275254645693
0.15717075018362314
0.15714912127668557
0.1571278600220608
0.15710696069639363
0.15708641765563158
0.15706622533409398
0.15704637824355505
0.15702687097234014
0.15700769818442284
0.15698885461852663
0.15697033508724412
0.15695213447616008
0.1569342477429747
0.1569166699166501
0.1568993960965429
0.15688242145157105
0.15686574121936403
0.15684935070543438
0.15683324528235254
0.15681742038892876
0.15680187152940495
0.15678659427265318
0.15677158425137872
0.15675683716133182
0.15674234876053728
0.15672811486850458
0.15671413136548284
0.1567003941916857
0.15668689934655156
0.156673642887998
0.1566606209316822
0.1566478296502728
0.1566352652727354
0.15662292408360712
0.15661080242229763
0.15659889668238236
0.15658720331091336
0.15657571880773113
0.15656443972478495
0.1565533626654575
0.15654248428390805
0.15653180128440114
0.1565213104206601
0.15651100849522626
0.15650089235881115
0.15649095890967113
0.15648120509297614
0.15647162790019875
0.15646222436849377
0.15645299158009307
0.15644392666171514
0.15643502678395793
0.15642628916072587
0.15641771104863855
0.15640928974646506
0.15640102259455124
0.15639290697425867
0.1563849403074108
0.15637712005574256
0.15636944372035833
0.1563619088411946
0.15635451299648684
0.15634725380224568
0.15634012891173932
0.15633313601497745
0.15632627283820233
0.15631953714339353
0.15631292672776553
0.15630643942327804
0.15630007309615357
0.1562938256464007
0.15628769500733208
0.15628167914510271
0.15627577605824727
0.1562699837772198
0.15626430036394712
0.15625872391137519
0.15625325254303413
0.1562478844125983
0.15624261770345893
0.15623745062829408
0.15623238142865548
0.1562274083745444
0.15622252976400752
0.15621774392273036
0.1562130492036351
0.15620844398648337
0.1562039266774965
0.1561994957089533
0.1561951495388202
0.15619088665037373
0.15618670555182546
0.15618260477595702
0.15617858287975583
0.156174638444062
0.15617077007320768
0.15616697639467525
0.15616325605874815
0.1561596077381746
0.15615603012782542
0.1561525219443709
0.1561490819259479
0.1561457088318372
0.1561424014421472
0.15613915855749994
0.156135978998715
0.15613286160650663
0.1561298052411857
0.1561268087823523
0.15612387112860582
0.15612099119725453
0.15611816792402922
0.1561154002627959
0.15611268718528148
0.1561100276807963
0.15610742075595885
0.15610486543443647
0.15610236075666928
0.15609990577961586
0.1560974995764991
0.15609514123654267
0.15609282986472717
0.15609056458154125
0.15608834452273757
0.15608616883909354
0.15608403669617255
0.15608194727409141
0.15607989976728864
0.15607789338429867
0.15607592734752673
0.1560740008930246
0.15607211327028248
0.15607026374199828
0.15606845158388127
0.15606667608443614
0.15606493654475495
0.1560632322783163
0.15606156261078752
0.15605992687982384
0.15605832443487466
0.15605675463699586
0.15605521685865353
0.15605371048354322
0.1560522349064044
0.15605078953284168
0.15604937377914174
0.15604798707210443
0.1560466288488609
0.156045298556715
0.15604399565296223
0.15604271960473193
0.1560414698888245
0.15604024599154587
0.15603904740855368
0.15603787364469746
0.15603672421386705
0.15603559863884142
0.15603449645114065
0.1560334171908736
0.1560323604066003
0.15603132565518285
0.15603031250165256
0.1560293205190625
0.15602834928835885
0.1560273983982431
0.15602646744504156
0.15602555603257207
0.15602466377202528
0.1560237902818229
0.1560229351875081
0.15602209812161727
0.1560212787235572
0.1560204766394918
0.1560196915222236
0.15601892303107368
0.15601817083177982
0.15601743459637285
0.15601671400307626
0.15601600873619237
0.1560153184860016
0.15601464294865153
0.15601398182606285
0.15601333482581736
0.15601270166106673
0.15601208205043193
0.15601147571790663
0.1560108823927595
0.15601030180944753
0.15600973370751792
0.15600917783152024
0.15600863393091713
0.15600810175999502
0.15600758107778312
0.15600707164796324
0.15600657323878842
0.15600608562300045
0.15600560857775048
0.15600514188451964
0.15600468532903922
0.15600423870121494
0.1560038017950517
0.1560033744085798
0.15600295634377825
0.15600254740650943
0.15600214740644447
0.15600175615699152
0.1560013734752307
0.1560009991818494
0.1560006331010696
0.15600027506058856
0.1559999248915117
0.15599958242828926
0.1559992475086619
0.15599891997358706
0.15599859966719298
0.15599828643670843
0.1559979801324135
0.15599768060758068
0.1559973877184122
0.1559971013239987
0.15599682128625358
0.15599654746986336
0.15599627974224084
0.15599601797346596
0.15599576203624343
0.15599551180584326
0.15599526716006684
0.1559950279791814
0.15599479414589146
0.15599456554527757
0.15599434206476026
0.15599412359405218
0.1559939100251161
0.15599370125211942
0.15599349717139532
0.15599329768139525
0.15599310268265987
0.15599291207776578
0.15599272577129586
0.15599254366979487
0.15599236568173402
0.1559921917174779
0.15599202168923865
0.15599185551104588
0.15599169309871252
0.15599153436979896
0.15599137924357664
0.15599122764099693
0.15599107948465774
0.15599093469877268
0.1559907932091381
0.15599065494310116
0.15599051982953238
0.15599038779879226
0.15599025878270245
0.15599013271452256
0.15599000952891118
0.1559898891619097
0.15598977155090565
0.15598965663461184
0.1559895443530359
0.15598943464746018
0.15598932746040906
0.15598922273562987
0.15598912041806579
0.15598902045383356
0.15598892279019738
0.1559888273755482
0.1559887341593823
0.15598864309227334
0.15598855412585744
0.155988467212807
0.15598838230681322
0.15598829936256087
0.15598821833571297
0.15598813918288978
0.1559880618616455
0.15598798633045574
0.1559879125486937
0.15598784047660963
0.15598777007532416
0.1559877013067963
0.15598763413381755
0.1559875685199853
0.15598750442969633
0.1559874418281213
0.15598738068119333
0.15598732095559253
0.15598726261872897
0.15598720563872837
0.1559871499844171
0.155987095625306
0.15598704253157936
0.15598699067407884
0.1559869400242887
0.15598689055432746
0.15598684223692627
0.15598679504542368
0.1559867489537491
0.15598670393641212
0.15598665996848782
0.155986617025608
0.1559865750839472
0.15598653412021335
0.15598649411163168
0.155986455035941
0.15598641687137693
0.15598637959666395
0.15598634319100535
0.15598630763406962
0.1559862729059872
0.15598623898733077
0.15598620585911716
0.15598617350278865
0.15598614190020899
0.155986111033652
0.15598608088579358
0.15598605143970312
0.1559860226788371
0.15598599458702223
0.15598596714845991
0.15598594034770985
0.15598591416968455
0.1559858885996417
0.15598586362317401
0.1559858392262088
0.1559858153949919
0.15598579211608854
0.15598576937636965
0.1559857471630116
0.1559857254634851
0.15598570426554936
0.1559856835572475
0.15598566332689778
0.15598564356308875
0.15598562425467655
0.15598560539077289
0.15598558696074294
0.15598556895420101
0.15598555136100067
0.15598553417123429
0.15598551737522381
0.15598550096351804
0.15598548492688735
0.15598546925631707
0.15598545394300434
0.1559854389783527
0.15598542435397056
0.15598541006165723
0.15598539609341078
0.15598538244141624
0.15598536909804217
0.15598535605583885
0.15598534330753144
0.15598533084601673
0.15598531866436394
0.15598530675580136
0.1559852951137194
0.15598528373166998
0.1559852726033526
0.15598526172261984
0.15598525108347028
0.1559852406800465
0.1559852305066306
0.15598522055764086
0.15598521082763084
