0.9996611884000525
0.9996243308125893
0.9995901764939754
0.9995510811917526
0.9995069465374914
0.9994569691774988
0.9994007332101862
0.9993380854508461
0.9992676183324757
0.9991892915258312
0.999102626780828
0.999006174826583
0.9988991879642306
0.99878090189495
0.9986508751605263
0.9985073622055429
0.9983502600187032
0.998178967700882
0.9979886798996108
0.9977832787427928
0.9975596781411007
0.9973169882126386
0.9970555767531818
0.9967723323943711
0.9964660718412588
0.9961380801549395
0.9957863008647527
0.995406906327015
0.9949984879671905
0.9945631876305163
0.9940988387200987
0.9936022340101033
0.9930758018987842
0.9925141598497169
0.9919150290252856
0.9912801762908169
0.9906099555165416
0.9899075123499916
0.9891671659813693
0.9883813122585544
0.9875580082056384
0.986695176485784
0.9857953249341269
0.9848339742239768
0.9838268154348494
0.9827844133415478
0.9817075037969062
0.9805982854270882
0.9794573650782918
0.9782790260002998
0.9770593399206384
0.9757998477200281
0.9745099410089917
0.9732009470303113
0.9718454682732588
0.9704495847101159
0.9690060456177472
0.9675235891221828
0.9660268809600199
0.9645215159392253
0.9629978104929574
0.9614337908524714
0.9598305617761483
0.9582213611746074
0.9565864798874546
0.9549438784853393
0.9532940101698958
0.9516300331986033
0.9499258638184791
0.9482151397661052
0.9464916418393279
0.9448222315121652
0.9431612960346165
0.9414936708342374
0.9398507483218612
0.9382701277258796
0.9366917202068626
0.9351271636202715
0.9335682286792986
0.9320374008446657
0.9305018264872243
0.9289786158852916
0.927459533006335
0.9259371091325772
0.9244516530995753
0.9229535133954158
0.9215097866461193
0.9200995656970924
0.9187014823260252
0.9173695487756424
0.9160876557806731
0.9148543053869448
0.9136222231563179
0.9124559268634469
0.9113302946601751
0.9102418327447649
0.9091859235536225
0.9081222963024018
0.9071214465621902
0.9061122298649266
0.9051952571815994
0.904308956602239
0.9035176552067958
0.9027371498096471
0.9019926520725711
0.9012762471555404
0.9006826586174537
0.9000565085994279
0.8994772920438074
0.8989230466642469
0.8983694499994298
0.8978151431742925
0.8973374599402789
0.8968421164289793
0.8963328644931878
0.8958739025504275
0.895425126688527
0.8950230951644124
0.894631398208575
0.8942285585897884
0.8938336859044463
0.8934434284865572
0.8930295151177868
0.892708653395186
0.8923974808903471
0.8920712791257768
0.8917539522461421
0.8914777389143458
0.8911634957599811
0.8908430651305057
0.8904752378377961
0.8901291465563317
0.8897473722997494
0.889377244235873
0.8890418501244521
0.8887692140987582
0.888509204842845
0.8882849316121558
0.8880378553899754
0.8877518018827671
0.8874502537874297
0.8872163859955168
0.8870208447229293
0.8868975872249638
0.8867324197754198
0.8865131357187095
0.886225228966031
0.8859296176303628
0.8856717271142162
0.8854938595842197
0.8853118799392913
0.8851292937292439
0.8849639971117474
0.884751649023578
0.8846026369410872
0.884386441919393
0.8842160263910861
0.8840932819416412
0.8839676917337546
0.8837983711493543
0.8836855730330891
0.8835615190831476
0.883405579413107
0.88329500443875
0.8832632804298017
0.8831834669345169
0.8830730735487032
0.8830019873824599
0.8829138338786764
0.8828057509489189
0.8826941387198187
0.8826393949219079
0.8825737931899845
0.8825485345092662
0.8825089480721345
0.8825163214902548
0.8826005495370106
0.8826858776969515
0.8826663124288524
0.8826520438685095
0.8827096741222122
0.882753439413857
0.8827497967989842
0.8827150873959614
0.8826822454955529
0.8827442517494413
0.8827643805860759
0.8827892382806468
0.8828380689374301
0.8828115008087029
0.882756910775135
0.8828022559605565
0.8828699387732094
0.8828766391007647
0.8829656834086584
0.882955523261818
0.8830164614502698
0.8830511729814013
0.8830283871730488
0.8829779044953927
