1.0101332059584112
1.007988365531979
1.007013180050257
1.0059212831063358
1.004772987237561
1.0035596054155442
1.0022854180838692
1.0009092509741582
0.9994390176880299
0.9978895127379607
0.9961824146060257
0.9944138974769963
0.9925481868839617
0.9905513373053281
0.9883532270859603
0.9859857013920127
0.9834832537946753
0.9808591081180991
0.9780658563637495
0.975100697882852
0.9720006789022743
0.9687650032741167
0.9654147884290747
0.9619141580970346
0.9582468793144135
0.9545046231381409
0.9506418209046322
0.9467116052783473
0.942724499425358
0.9386882556405309
0.9345893234440095
0.9305168132568619
0.9264356782939681
0.9222825416636709
0.9181270275771409
0.9139985704106318
0.909884978580873
0.9057681311167715
0.9016614574281854
0.8976065149369971
0.893644694869275
0.8896882912284707
0.8855382440423589
0.8813960388651221
0.8772717597788512
0.8731962973089312
0.8691738662679768
0.8652030952969627
0.8612849927198193
0.8573222495753975
0.8534011534224861
0.8495117789768638
0.8456384978131247
0.8416964368519757
0.8377179665659799
0.8337321150419786
0.8297613470045219
0.8257247505260652
0.8216943446390268
0.8176365214960661
0.8134827770786575
0.809468359173261
0.8056316051430885
0.8020015835717554
0.798255622454297
0.7947530990507973
0.79148425441145
0.7881821706471472
0.7850913264950239
0.7820979825422535
0.7793406432442945
0.7767957561587217
0.7743612368878016
0.7721483177857952
0.7701497862508502
0.7682859370835894
0.7665300472411143
0.7649817960633165
0.7632760430244401
0.7617808772545288
0.7604351887737659
0.7592386559499549
0.7582123801823895
0.7573405429345831
0.75632919011985
0.7554212682200256
0.7546107593807413
0.753951485868847
0.7532861163309541
0.752681298507268
0.7521133288422431
0.7516850320952418
0.7513065240777144
0.7508944158662962
0.7505852995095138
0.7503906873525569
0.7502784319212795
0.7499818762823584
0.7496992374103152
0.7495051062937224
0.7493806334028495
0.7492905077583761
0.7492725303356786
0.7492294978906012
0.749005749584005
0.7488322542883391
0.7487497027996438
0.7487851471291455
0.74895246319441
0.748933826521136
0.7489243194958888
0.7488627785119699
0.7489385935743679
0.7488967743191334
0.748860879848032
0.7489623213401801
0.7491740345247946
0.7489502793298031
0.7487756421833026
0.7486329686568924
0.7486119474787584
0.7487186023354212
0.7489215237746146
0.7491433343624497
0.749444354038911
0.7492408823618814
0.7491526407352957
0.7492109556094706
0.7492935221186758
0.7491697576118117
0.749114566822333
0.7491931310646865
0.749299024471132
0.7491545295078474
0.7491691469367256
0.7493235944311082
0.7494809351665208
0.7494903524111257
0.749641488599825
0.7495313993007
0.7495723202006674
0.7493833390604051
0.7492861490334696
0.7493319041487344
0.749461925900704
0.7495787958626756
0.7498211884506596
0.7499875354915275
0.7502785023122642
0.7501005727591519
0.7496618582017802
0.7494263372020586
0.7493152792730545
0.7493923511873881
0.749640550088079
0.7500500746706787
0.7504993597381802
0.7502808326341371
0.750101394487217
0.7498561010126685
0.749626765515555
0.7496442812834265
0.7498005770657241
0.7500593545713936
0.750433285546391
0.7501109338412016
0.749968682729284
0.7500160006700799
0.7501637378161253
0.7503292538206182
0.7503619574340725
0.7504725146469918
0.7507368988249126
0.7503697214301817
0.7501249804595533
0.7499384447250202
0.7499540110510522
0.7501050596103351
0.750335094935289
0.7505921824624131
0.7508198834084772
0.7505700104597071
0.7505607318368503
0.7507543624252494
0.7503292677314918
0.7502207404107973
0.7501655712980078
0.750318428946594
0.7503311643234746
0.7502146575297444
0.7502707210544775
0.7504059159541936
0.7505806678181662
0.7506168272027148
0.75071663903084
0.7506323919747091
0.7506008004350634
0.750552691874657
0.7505230996371407
0.750577410894
