0.9886558476500091
0.9888465910809171
0.9881079583303958
0.9872721189001741
0.9863828745169415
0.9854163331113964
0.9843682312987664
0.9832553815347815
0.9820744421908025
0.9808446491418155
0.9795434349775313
0.9781097373377732
0.9765800392950431
0.9749986287532595
0.973313016532162
0.9715072544366288
0.9695687269334827
0.9675509762111899
0.9654387860888719
0.9631646939235569
0.9608449241265247
0.9584549508829947
0.9560100893876251
0.9534845302483219
0.9508897400480276
0.9482149282907908
0.9454161185468888
0.94242831243179
0.9393404998375783
0.9361480565318951
0.9328601714266994
0.9293826683192798
0.9254326888715325
0.9216522386052303
0.9177643065467121
0.9136454311579676
0.9093727745797135
0.9047668289686148
0.9000055586070386
0.8951212919503251
0.8901475797292857
0.8850183382558185
0.8797798543494283
0.8744120823406594
0.8684797628306464
0.8624809871286949
0.8564162231165399
0.8501564561550826
0.8437612099086722
0.8371232296720205
0.8303776841474007
0.8235876176503764
0.8167926941650374
0.8096910126298797
0.8025061901616295
0.7952261460663386
0.7878673382754209
0.7805151579018644
0.7730753902151573
0.7657020881653972
0.7582208577249878
0.7506736466824646
0.7429703861649224
0.7355315907467472
0.7276469014058549
0.7197778120100518
0.7121068735076073
0.7044448983187432
0.6969982008827322
0.6896578671682265
0.682144043696246
0.6743445433960638
0.6660589592337649
0.6582405519728745
0.650423697843697
0.6423692965954108
0.6342657914542689
0.6265421053145644
0.6192257954305164
0.6122596993148565
0.6053590823662247
0.5989284104449313
0.592643899277434
0.5865755761407223
0.5806702142407467
0.5746087988411712
0.568717876991972
0.563027068804117
0.5574665978842255
0.5516240664181777
0.545945127205125
0.5407054855006286
0.5361384446147848
0.5322203691452174
0.528819655186793
0.5254641700997181
0.5223449531557376
0.5186600562786815
0.514999491255298
0.5119932422258233
0.5092786498294675
0.5065646881781163
0.5042586065864383
0.5016952141742996
0.4991588391764723
0.497058922003498
0.4953953137330078
0.49411953779833995
0.4929158207341624
0.4920504213819701
0.49090962784877434
0.48900939963196266
0.4874489872610126
0.485992781252337
0.48464027086540273
0.4836771516514048
0.4827393034998664
0.4820065273854707
0.48188074563686545
0.4818695262407011
0.48196853902796044
0.4821657862415354
0.48202703094362753
0.4816169932166501
0.4814190044645752
0.48166456945717806
0.4821258899460079
0.4814153860958327
0.48099247857822003
0.4810374610701932
0.48150733148354896
0.48166647342939606
0.48186399229089494
0.48160226436502573
0.4811399499180602
0.4802707518585779
0.47979298261189074
0.47971940512581757
0.48019530155063406
0.480706893878432
0.4810016596197886
0.48170200370075067
0.4817762390472027
0.4822673350904225
0.48198731552493435
0.48172225393697843
0.4819893970103195
0.48230052897240794
0.48223577924140815
0.4821937528022867
0.4825057099807015
0.48314827513803205
0.483055589703442
0.4831937264236795
0.4828667592072603
0.4825578750242835
0.4825112451672844
0.48275328997359446
0.4829306233366175
0.48329265956528034
0.48335324959423165
0.4833921006926847
0.483425805484925
0.48358290176465
0.48365698787580336
0.4838508089143577
0.48398636083697744
0.4846434406173892
0.48515822374825013
0.48500023494549094
0.48474828905762635
0.4846530180688313
0.48462455912908364
0.48442160620836316
0.48450601606692967
0.48507973972728213
0.4858616448804236
0.48561929692156725
0.4860197825199464
0.485967859309822
0.4854560622376908
0.4850647361260848
0.4851116261801379
0.48549287683130393
0.48604339417104037
0.486378133351439
0.48697651196196956
0.4877327765014622
0.4877703985549252
0.48796380338834433
0.4883656801966254
0.4884861499775708
0.488460011271316
0.4884558469912319
0.48887034009723007
0.4887860208500202
0.48911951760074013
0.4896403619459436
0.49017089989785934
0.49028512228260246
