0.9682241952985259
0.9403414937499667
0.9372311236184543
0.9339084212376209
0.9302088008489968
0.9263313180193498
0.9221504795334373
0.9178229155657032
0.913424888768545
0.908916953455502
0.904309334380959
0.8994384626923955
0.8944068675236793
0.889217718319931
0.8835948847738957
0.8777664623336354
0.8720070360341168
0.8660660689469901
0.8599500381834856
0.8536758996443639
0.8474807353476747
0.8403989991070053
0.8330056603735922
0.8248301594173331
0.8163343743574117
0.8075287956741886
0.7984343356580151
0.7890777983342119
0.7798962198276631
0.7705339636672652
0.7610391428614216
0.7514646371394405
0.7418648360301889
0.7322904834355475
0.7226934397313227
0.713185023806227
0.7038126376835071
0.6946257259804327
0.6856625721183172
0.6769300394140494
0.6684066735825613
0.6600680051854033
0.6519015898159162
0.6439093530574855
0.6355891567334699
0.6274966139110627
0.6193980824692509
0.6115095534821127
0.6035293847026211
0.5957714120284584
0.5879181336884358
0.5804924215255942
0.5735753682168125
0.5666916045246198
0.5604063234726564
0.5547261059746968
0.5493444659048681
0.5446017874290008
0.5404612446191013
0.5364891603607576
0.533058419068626
0.5293039988608556
0.5260669330392518
0.5228730362141869
0.5201709267783794
0.5179358032232337
0.5156379932411475
0.5137627223447214
0.5122775089823248
0.5111604805434847
0.5097236901471809
0.5082853743080759
0.5072610608252762
0.5066081091474601
0.5062503608878113
0.5057144563815414
0.5054249904745607
0.5046800447605528
0.5041859824707184
0.5039248486500512
0.5038741203051398
0.5036611742263342
0.5036265325895602
0.5037852978269679
0.5035024343439292
0.503436021750131
0.5030332960685482
0.5025692641820279
0.5023058128685707
0.5022382144086037
0.5023589003222085
0.5026584061374286
0.5031268404383076
0.5028682416635873
0.5028057220226956
0.5028807697406523
0.5026457170430811
0.5025614966791809
0.5026172647518989
0.5025633066449444
0.5026952750275889
0.5029967778329614
0.5034506614701485
0.5037803477449679
0.5036340682878373
0.5029921622544046
0.5026706106718631
0.502640707977548
0.5028705538006122
0.503035170711557
0.5033528764009453
0.5038561336425211
0.5046101019043294
0.5056683220577676
0.5055676494125457
0.5044522416765145
0.503841932397997
0.5037375905463997
0.5041025298041958
0.5046177803493253
0.5055073000905577
0.5067197826736137
0.50775761900969
0.5079251778751124
0.5078582928053565
0.5064232763522531
0.5055061953405147
0.5051203142951242
0.5052455218780623
0.5051275133492618
0.5054617420812817
0.5061912831100714
0.506574980878763
0.5073660830643925
0.5086127834195646
0.5086873062757153
0.506928065325077
0.5062098363184644
0.5059097177968797
0.5064128364370967
0.5075961242555106
0.5084500593793672
0.5100277956839249
0.5130170241283541
0.5119863260447597
0.5111858488716432
0.510656264789693
0.51043027074348
0.5101105869917184
0.5101989701085536
0.5095753575744006
0.5094447716203263
0.5097699445311752
0.5105423363199187
0.5105206092239808
0.5109705142118754
0.5116332872198881
0.5125749801895954
0.5130181810749572
0.5127702047502893
0.5127867455913676
0.512862450894443
0.5131072089544779
0.5123605532085072
0.5117256488815292
0.5115531701148872
0.5118193779418034
0.5124412254027443
0.5121606194088778
0.5123376035883354
0.5129066623438242
0.5134554129922999
0.5128063694418737
0.5125155055826605
0.5125630407782948
0.512206478503767
0.5121944190010528
0.5124430175705748
0.5128030682719141
0.5125609640000377
0.5126118007806928
0.5126203982233433
0.5117565999637381
0.511275150480241
0.5109258975146247
0.5108877850599496
0.5111330009698849
0.5116324096140634
0.5116836224112566
0.5117744989514006
0.512133154763809
0.5127397466908332
0.5131323824306243
0.5127778423295744
0.5127627283397256
0.511839465852194
0.5111543997483241
0.5109040302924249
0.5103006815158285
0.510080735591751
