1.1115542542570238
1.1060285940551258
1.103919755427993
1.101528928770154
1.0988411131216949
1.0957881609689044
1.0924390914581021
1.0888013397429823
1.0847522831712404
1.0802876701524733
1.0754068069966838
1.0701038912640346
1.0644421049816435
1.058408814967724
1.052054084880195
1.0453745618577959
1.038404233032433
1.031166424406454
1.0238010238777615
1.0157422564061724
1.0073952809992583
0.9986414423298716
0.9895092473328214
0.9801326328744193
0.9705743926150088
0.960871797400282
0.9507472535132838
0.9405725208225012
0.930203450500776
0.9196750148520546
0.9090575381840523
0.8983885422952634
0.8870335721845459
0.8755616386314133
0.8639010237211449
0.8521192077652217
0.8401457918563564
0.8283465404395334
0.8165033342209767
0.8046559859422174
0.7925476418022
0.7804603552134806
0.7684244423818418
0.7564622901117382
0.7445614977298413
0.7327040831404701
0.7208911572838076
0.7090612059002307
0.697216061558497
0.6854049277756299
0.6736106768639225
0.6618807547342884
0.6496987335765244
0.6376956279605867
0.6258781322725722
0.6142772135820599
0.6029419975426477
0.5919203114592957
0.5811123314149825
0.5705120510225332
0.5602879318483349
0.5503289703717104
0.5407903433895023
0.5317359101106759
0.5231732548084155
0.515118053062815
0.5075772892778065
0.5002895765758382
0.4932966365437635
0.48673986164631194
0.480654968996803
0.475072734991268
0.4700028034900084
0.4652349907194282
0.46097204697269384
0.45721290372313295
0.4540287500941891
0.4502180219586682
0.44713317867419916
0.44453425174859795
0.44226922163647003
0.4403716052058398
0.4386513154739312
0.4371389812421628
0.43590710354623924
0.43493156608617484
0.43419752635116465
0.4334725051985624
0.4329661166040837
0.4326534527752903
0.4321069311783169
0.4318344913116743
0.43171412065401926
0.4316902224987532
0.43145101084297055
0.43132092612768713
0.43163783005635403
0.4302133644709813
0.429001069950863
0.42814503316913655
0.4277138147015219
0.4276322961787217
0.42783421545677747
0.4282381319332169
0.42858064503880167
0.4287748538213553
0.4289940119470444
0.4288177936855761
0.42859953108251553
0.42848856503174326
0.42849209164254665
0.4286180756298558
0.4287303498506779
0.42884669882551524
0.4291795634562151
0.429775183710412
0.42917363647499773
0.4285579195443412
0.4277887635215716
0.4272978541123552
0.42706833886361295
0.42707229453547496
0.42706061362549086
0.4269992053506487
0.4271165812216302
0.42740117010539624
0.4278389158914556
0.42841975978659924
0.4291404781357992
0.4294588508763207
0.42885878988212944
0.42847811405961145
0.42811659102122324
0.4279895423279689
0.42788853768422164
0.4277688130023672
0.42777449629322883
0.42795409754273717
0.4283465096588646
0.4285817974204735
0.42897701600301175
0.4295231338289472
0.42973064682334516
0.42934009269435414
0.42939957350430746
0.42876068941351364
0.42850169940904026
0.4285074784880462
0.4284784721618304
0.4286782432285395
0.4287606560609509
0.42880172254172655
0.4289758430470526
0.4292569923762221
0.4296366429406747
0.43011447717174084
0.42981228535860555
0.4296791102570582
0.42941046876868244
0.4291055949938745
0.42897685697114063
0.4290096290308099
0.4291883785885983
0.4293004674724601
0.42954216799871886
0.4296425592845694
0.4298758924409359
0.43003378637995854
0.43031480659401833
0.4305754783501816
0.4303775049302924
0.4301122842795299
0.43000738052823945
0.4300504151573136
0.4301038333008034
0.4300969381373268
0.4302153992573583
0.43020034090401826
0.430293354564071
0.43035852697469523
0.4305340601989019
0.43081459828559043
0.4311944233251953
0.4314817779895799
0.4316205405005128
0.43122632405862804
0.43100674960799407
0.4309457053729842
0.4310273266376157
0.43121493710830305
0.43151500603686765
0.43173112083267234
0.4316274574876023
0.43163667301760367
0.4316933141620468
0.43179975192488246
0.4320004488345248
0.43230012236398324
0.4326956642526267
0.433005357818494
