0.9755330320135724
0.9608415262388216
0.9591942557110302
0.9574437473023134
0.9556053232671657
0.9536875213771598
0.9517025695257915
0.9496599561199217
0.947568006284157
0.9454348315696741
0.9432695968104778
0.9410840024175798
0.9387430198885647
0.9364328052261148
0.934062535949397
0.9316062867266591
0.9290782024563147
0.9264808443665472
0.9237780401003547
0.9208583124916083
0.9178624922545464
0.914806095042274
0.9116496363329071
0.9085068106316124
0.9048246299971128
0.9010629693618293
0.8972409840613725
0.8933138207177971
0.8891851769120169
0.8850339426758222
0.8808343934572851
0.8768239157431965
0.8728122768409242
0.8686965915498601
0.8645510118953743
0.8603964327831006
0.8562457021324406
0.8521075687622218
0.8479882336771415
0.8438927953516192
0.8398265932112035
0.8357963549095394
0.8318112891960071
0.8278832031246228
0.8238708437098121
0.8199505288955491
0.8161329416292125
0.8124269631167449
0.8088406637862944
0.805381355949059
0.8020527246867173
0.7988434952918855
0.79557765453415
0.7923991370494935
0.7893647125195421
0.7864794169004032
0.7838232626883351
0.7814112150853398
0.7791670452054451
0.7771167852126315
0.7750684130540628
0.7730599990868365
0.7712371882457464
0.769619264533174
0.7681152022187829
0.7668206292244208
0.7657227839759234
0.7648005330810901
0.7639023257737879
0.7630745318839912
0.7623550922348262
0.7617606877531975
0.7611943434792106
0.7607437930602929
0.7603979948115941
0.760145133144904
0.7599715711552409
0.7597810040570145
0.7596547464124395
0.7595655284158317
0.7594395156933282
0.7592764802836781
0.7591005929867782
0.7589769026633191
0.7589105312875288
0.7588919660774128
0.7588829286172727
0.758831055984482
0.758791781964143
0.7587788667030028
0.758791811025467
0.7588377316119351
0.7589222153447734
0.7590747014343822
0.7594263017968521
0.7595746471058988
0.7587127542714137
0.7583912284248415
0.7583564514310801
0.7585570296419006
0.7591024653357059
0.7603499040387499
0.7596523658549122
0.759371465524466
0.7592276245072107
0.7591107275741974
0.7590870921379593
0.7591078291498691
0.7591179456068551
0.7591896480168513
0.7592667453687902
0.759402571680425
0.7597458848659482
0.7595572433634437
0.7596032686800824
0.7590643461896569
0.7587843878310542
0.7588455244095295
0.7592012452403667
0.7592585606161725
0.7595984276679754
0.759412550923495
0.7596469481077127
0.7593721016603745
0.7588429869948994
0.7586871600556893
0.758254313540986
0.7581242023606238
0.758019766008359
0.7582117000855181
0.7586757930836574
0.7590550996335296
0.7590602195073003
0.7592795674698327
0.7592001805555638
0.7591074552829618
0.7592832975987256
0.7597067776528366
0.7601654603307385
0.7609693940009201
0.761845065030408
0.760482438017682
0.7599967282574822
0.7596892056516449
0.7599359026031469
0.7607328639438715
0.7602437502640605
0.7603389428026698
0.7603713528578405
0.7609409826236262
0.7604327024816182
0.7603050047148324
0.7604169618111868
0.7608097441374593
0.7612126450473168
0.7616584690485176
0.7622198187346858
0.7622459804893217
0.7621248991715999
0.7622045227833897
0.7624627849153653
0.7624990309723912
0.7625927834182491
0.762886228186826
0.7627979526325182
0.7628103097233909
0.7625374694412698
0.7626114792828531
0.762941577137539
0.7624803608177801
0.7623546936980758
0.7623558313872123
0.7622538496833969
0.7624325489591184
0.7622351356119124
0.7623313664478926
0.7626950804967938
0.7629941577932788
0.7635333452957607
0.7632724572524031
0.7628630389528899
0.7625797864060091
0.7626126260052328
0.7623539521243657
0.7623927674599105
0.7625004175657165
0.7627065232688011
0.7626453008133647
0.7627300823783367
0.76274865409101
0.7629246426188063
0.7632547363719672
0.763478280716809
0.7640243848836514
0.763298494937984
0.7625129963267816
0.7619541922366656
0.7618634400667876
0.7618655866975343
0.7619529713496852
