1.0066262817771796
0.901030481167084
0.8940382209692902
0.8857766225787795
0.8768636436414919
0.8675301304634115
0.8578918272731735
0.8480174357218792
0.8379526800658619
0.8277306529849867
0.817376881791723
0.8069120520165999
0.7963535695829687
0.7857164904310312
0.775014081806839
0.7642581641290466
0.7534593245866493
0.742627059796495
0.7317698844200722
0.7208954308460561
0.7100105577068018
0.6991214785259903
0.6882339139135577
0.6773532611087643
0.6664847653610712
0.6556336722897649
0.6448053419076605
0.6340053131453918
0.6232393187412091
0.6125132595746468
0.6018331521456721
0.5912050629922595
0.5806350411939438
0.5701290566847027
0.5596929491329609
0.549332390072551
0.5390528597096594
0.5288596391128277
0.5187578180380454
0.5087523182519643
0.4988479317980457
0.48904937319649555
0.4793613441180456
0.46978860861310145
0.46033607627624284
0.45100888910118464
0.4418125040904222
0.4327527570938848
0.4238358853392601
0.4150684823484918
0.40645736706521
0.3980093707508637
0.3897310705158871
0.3816285122184404
0.3737069615998328
0.36597070737579407
0.358422924228489
0.3510655934746716
0.3438994751160018
0.3369241247850009
0.3301379504677544
0.32353830530781613
0.31712161348636686
0.3108835257373805
0.3048190992651439
0.2989229935853266
0.2931896693901126
0.28761357313925484
0.28218928814372907
0.2769116362400671
0.2717757235604167
0.266776936356287
0.2619109028428489
0.2571734406216181
0.25256050649821593
0.2480681594758717
0.24369254159754647
0.23942987689215936
0.23527648625691786
0.2312288151729003
0.22728347086779652
0.2234372649360806
0.21968725564993777
0.21603078118888583
0.2124654724346337
0.20898923504835407
0.2056001975926133
0.20229663358143246
0.19907687460979362
0.1959392339896976
0.19288195546225703
0.18990319347533652
0.18700102427843215
0.18417348252967167
0.1814186160304579
0.17873455049797995
0.1761195557964602
0.1735721040222481
0.17109090837297491
0.16867493123406493
0.16632335286670086
0.16403550019422247
0.1618107467487834
0.15964840441774764
0.15754762990457882
0.15550736306875534
0.15352630450903615
0.15160293079642428
0.1497355402656507
0.14792232020392157
0.14616142615893735
0.14445106417915257
0.14278956589637604
0.141175444645259
0.13960742046547625
0.13808440607767683
0.13660545585591524
0.13516969171887844
0.13377622718973609
0.1324241098343531
0.1311122946662951
0.1298396517023
0.12860500340635694
0.12740718333772116
0.12624510505588601
0.1251178288375855
0.12402461229716802
0.12296493045554846
0.12193845379538996
0.12094498181100885
0.11998434321952724
0.11905628607951418
0.11816038465106847
0.11729598341701328
0.11646218691106457
0.11565789294974792
0.1148818597931484
0.11413279450240513
0.11340944840981908
0.11271070439089287
0.1120356394000703
0.11138354684163282
0.1107539102944563
0.11014633355996956
0.10956044671642133
0.1089958156730071
0.1084518796371608
0.10792793009924395
0.10742313278075068
0.10693658488062516
0.10646739465688317
0.10601476742542687
0.10557807990534882
0.10515692376874784
0.10475110213079347
0.10436057297350008
0.10398535031039119
0.10362538969289688
0.10328049022978196
0.1029502381060129
0.10263400228095036
0.10233097930688982
0.10204027509594571
0.10176100669245086
0.10149240445173474
0.10123389310692936
0.10098513050650605
0.100745989404635
0.10051648304450117
0.10029665482499181
0.1000864655301307
0.09988571087682314
0.09969398956622826
0.09951072589366738
0.09933523810051309
0.0991668358518506
0.09900492579225334
0.09884910113620989
0.09869919044779071
0.0985552463648575
0.09841747083988941
0.09828609602574073
0.09816125739213633
0.09804289749320791
0.09793072557795791
0.09782423940791818
0.09772280006452073
0.09762574103137817
0.0975324875969032
0.09744265922649009
0.09735612669609696
0.097273002275475
0.09719355944491817
0.09711810424304701
0.09704683954395871
0.09697976466847869
0.09691663716062898
0.09685700240650366
0.09680027969139887
0.09674588289548465
