0.9790113738207572
0.970913732614981
0.9698940369794963
0.968860677295831
0.967789069149246
0.9666773250276788
0.965511889299159
0.9642840416928893
0.9630400007786993
0.961769856729518
0.960546627459838
0.9593656888446102
0.9581687130159396
0.9569577797900444
0.9557310002810332
0.9544580121958057
0.9531410762495707
0.9518108492222616
0.9505042943581226
0.9490037166167439
0.9475332919508506
0.9460685024801971
0.9446077855720273
0.9431534272996496
0.9417100026299199
0.940177692684308
0.938670969462404
0.9372667381480814
0.9353952338065699
0.9335954935240376
0.931630644286106
0.9295744868471616
0.9275372087244997
0.9255051491535466
0.9234228441539617
0.9213355409708152
0.9192460084455141
0.9171960249199652
0.915149571787961
0.9131049611252754
0.9110605556678464
0.9090153166834252
0.9069688408008958
0.9049220744199035
0.9028766151992503
0.9008261230854224
0.8990089515850942
0.8971587680394351
0.8953357409909535
0.8935451852207288
0.8917883913805823
0.8900713214159146
0.8882664679953988
0.8864100612913507
0.8846340858718704
0.8829454064552215
0.8813488214503715
0.8798217122404262
0.8783783262526493
0.8770716842285659
0.8759035872091164
0.8747993994271536
0.873553224368727
0.8724431489174732
0.8714412859659817
0.8703659660747194
0.8693824762510273
0.8684838649920472
0.8676150307108181
0.8668369694790683
0.8661435201486234
0.8655308530171784
0.8649982331501902
0.8644600489101469
0.8640165354994958
0.8636708516612677
0.8634102774628322
0.8632401963581429
0.8630459795821313
0.8628331470498196
0.8626836299079191
0.8625758327191961
0.8625045983881354
0.8624612546474214
0.8624624938383033
0.8625095148178419
0.8624854126534038
0.8624116572722453
0.8621615214128354
0.8619936163446272
0.8619072477036698
0.861897577619476
0.8619571262462666
0.862074182186074
0.8619716147966079
0.8619198874803911
0.8619008071895393
0.861938036993477
0.8620275997799911
0.8619807074106896
0.8619181332000403
0.8618228191182458
0.8618020801631472
0.8618508917310608
0.8619596130652805
0.8619135138647669
0.8619077690916175
0.861940587115015
0.8619699291637567
0.8620503821425447
0.8621098867737216
0.8620656892165539
0.8620196313253252
0.8620177396232558
0.8620564999257984
0.862133644279667
0.8621182503459125
0.8621470565872733
0.8621805826779694
0.862277412927468
0.862457421561459
0.8626713462074801
0.8628851609063815
0.8635769492698863
0.8630022581890235
0.8627344525420529
0.862584690040183
0.8625438245739498
0.8625777605791446
0.8624477355913895
0.8623912333439301
0.8624085808808571
0.8624428700403974
0.8625366493961261
0.8627393070287177
0.8630679876869003
0.8628534194891688
0.8626733084478779
0.8626086619972616
0.8625802803664107
0.8627048431447792
0.8625814192338753
0.8627701270660292
0.8628405442652791
0.8626854080097144
0.8627101224278626
0.8626927052990201
0.8628321425310926
0.8627037717529906
0.8627338407953525
0.8627985092886012
0.8625639186822533
0.8621710051479543
0.8619638211381528
0.8619988700214578
0.8622557367223276
0.8622761056694075
0.862498297626271
0.8623047284373342
0.8623038956453101
0.8620624244556809
0.8619885160450538
0.8620716519950156
0.862233686461304
0.862538441673078
0.8621406819757009
0.8619262059948286
0.861895780540828
0.862034962278734
0.861962581913051
0.8620240649021351
0.8620849114129784
0.8622156723189831
0.8624680328954342
0.8622296670795611
0.8621441570773779
0.862175227103907
0.8623498117245351
0.8623254502741011
0.8624904971950919
0.8624189445436652
0.8624508242673552
0.8622952909441028
0.8623004537675806
0.862253737424884
0.8620834593688618
0.8620466403124931
0.8621974580818547
0.862209146631105
0.8623951229430338
0.8624745866617072
0.8627441231073623
0.8630507167690508
0.8620391060830296
0.8616583512762457
0.8615451752530118
0.8617725557707708
0.8620712086053963
0.8621109847622113
0.8622201678903205
