0.9610065493767478
0.9205145374623661
0.915905451913811
0.9108761589680986
0.9052190175099937
0.8991635358547396
0.8928306485226921
0.8862481072169354
0.8792978420838299
0.8720955948782716
0.8646638247181853
0.8569515633903482
0.8490146176146147
0.8408545310009352
0.8320830075010035
0.8229458096097397
0.8134486141983723
0.8043428144314404
0.7949689202946053
0.7853515553928789
0.7744348764313063
0.7628964075613883
0.7503311866743684
0.7368511150853194
0.7236467137346738
0.7100332233605047
0.6960039295619113
0.6815700933914548
0.6666720549328239
0.6514748556507889
0.636425039211787
0.6221482249175965
0.6077170374513053
0.5931093542568212
0.5784326871486386
0.563859601868919
0.5492878189584438
0.5348247269606138
0.5204592475970224
0.5062060047483523
0.4912993013597562
0.4766409012102193
0.46225265452713826
0.4478091486169329
0.4335598722740326
0.41958316726547995
0.40603250360649124
0.3928743906345502
0.38042517661597175
0.36877081563362024
0.35620169836126814
0.3444905201479592
0.33358753684679043
0.3232699338179301
0.3139998779267127
0.3057750926603163
0.29854763391561456
0.29109998908061696
0.28460773639757975
0.2790686576371507
0.2735951731311045
0.26902325856483544
0.26410326853543864
0.25961518512679893
0.25539286303953523
0.25156845462486355
0.248566292728699
0.24632976738474077
0.24480066257795008
0.24308207274271254
0.24132559167882706
0.24020155671295373
0.23800054803830473
0.23603509563308034
0.2347790799275522
0.23415284723017094
0.2340712390518258
0.23445368354672225
0.23351564514016276
0.2329871724092586
0.231853067229692
0.23116554565212377
0.23089253475668625
0.23100331827810217
0.23059824847395094
0.23065827851588383
0.23114472820606558
0.23142138604060825
0.2306806826737129
0.22953205141896205
0.22887922033171249
0.2286694742994626
0.22885077115405972
0.22937367290316446
0.22979656167625406
0.22967372220407778
0.2291084433271945
0.2284386273461172
0.2282600246275992
0.22852587584207473
0.22862925263240796
0.22820212361567682
0.22820340363866998
0.22860561984689287
0.22850332679633778
0.22801048000486213
0.22799648345022017
0.2281042748343145
0.2277901087992762
0.22784062093045965
0.22805705182095182
0.22862364316813466
0.2288103829688325
0.22891704781354416
0.2293634982950783
0.22874782167833607
0.22859351658321347
0.22850662364570795
0.22877029032108753
0.22932407015212208
0.2294547677315223
0.2292494081826173
0.22939845637506362
0.2286765024089198
0.22841564518010515
0.22857127017079226
0.22909421178108702
0.2293735048026685
0.22920849652969388
0.228907436288054
0.22841754142903514
0.22833533494289548
0.22865139939721169
0.22898488339525125
0.22968054487665412
0.2306119690737719
0.23085723008591308
0.2302978153132782
0.22960112147722767
0.22939033789643493
0.2293151580615045
0.22960971440628986
0.23023605676734193
0.23117506645571595
0.23127153631575714
0.2307882216111914
0.23028487867560699
0.22952599812937535
0.2292261388920217
0.22922840341407302
0.22972002495570365
0.23036725120269141
0.23137022887866587
0.2317812297239754
0.23152621863552103
0.232001185802717
0.2304424194141368
0.22953973461406973
0.22927789082480188
0.22935295089713525
0.22986066958099227
0.23071585439539055
0.23082841458324577
0.23056115550790657
0.23028678659682533
0.2294962634948583
0.22886069013953658
0.22869116781453802
0.2289525022497918
0.22927951148554215
0.22915189295436234
0.22936756147767812
0.2298578999168589
0.2294618116713233
0.2288746428760453
0.2286189086510967
0.22867824957193206
0.22886662430271787
0.22856301927385891
0.22849823156544868
0.2287104946766796
0.22905727727622038
0.2285604202201974
0.22824504014497093
0.22823182566187372
0.22841430197868173
0.22889727112352554
0.22862157863659693
0.22870604093630198
0.22870551653817794
0.22880644647505033
0.22839162669902835
0.22830755163458705
0.22834611584581732
0.22865437473171402
0.22908175968582567
0.22853339751859802
0.22818769353846213
0.22816775772014575
0.22782106675313274
