0.8587683908621068
0.9280304467629182
0.9263862674870154
0.9244000965242452
0.9223344522821016
0.9201634601905939
0.9179098556451017
0.915585695619076
0.9131986639987832
0.9107543285139819
0.9082570565947055
0.9057103967422099
0.9031172165671687
0.9004942537061678
0.8978276989460265
0.8951183592688852
0.8923662176661291
0.8895704479337251
0.8867294727975517
0.8838410398207821
0.880902248584186
0.8779094084537614
0.8748575308852687
0.8717391583963199
0.86854218696981
0.8652468028203678
0.8618236425701357
0.858237924815262
0.8544600506187986
0.8504723971633867
0.8462662448087678
0.8418354667287233
0.8371726161666281
0.8322677539617385
0.827109476470687
0.8216882917417685
0.8160017789985899
0.8100590183084637
0.8038817500537595
0.7975025009229915
0.790961736829634
0.7843053916330188
0.777582931003557
0.770845681644162
0.7641452202323259
0.7575317661255593
0.7510526214639417
0.744750753514341
0.7386636450742438
0.7328225668847231
0.7272524349743437
0.7219723305523167
0.7169964906329118
0.7123352265210845
0.7079951987259697
0.703978972683829
0.7002843142808637
0.6969037364857451
0.6938245183637839
0.691029171772496
0.6884962571364441
0.6862014747466205
0.6841189869182377
0.6822228965391635
0.6804887070016596
0.6788944894797593
0.6774215121641531
0.6760542800535283
0.6747801612802928
0.6735888742173874
0.6724720543646214
0.6714229984823358
0.6704365743267429
0.669509214417136
0.668638883887335
0.6678249266831502
0.6670677456286584
0.6663683379389319
0.6657277582392951
0.6651465982777622
0.664624559994181
0.6641601718191733
0.6637506700658672
0.6633920434774873
0.6630792200459832
0.662806361117984
0.6625672193787271
0.6623555154000933
0.6621652918019134
0.6619912130427217
0.6618287898928099
0.6616745183015182
0.661525931141222
0.6613815679179031
0.6612408725811099
0.661104033779755
0.6609717855066787
0.6608451884819784
0.6607254127621293
0.660613539230195
0.66051039276436
0.660416415894268
0.6603315911010443
0.6602554209384814
0.6601869724901506
0.6601249832183722
0.6600680122654982
0.6600146112453689
0.6599634856044285
0.6599136215398289
0.6598643616308428
0.6598154221553632
0.6597668551299511
0.659718968272747
0.6596722262147421
0.6596271635693323
0.6595843368185975
0.6595443183186718
0.6595076995603885
0.6594750574947874
0.6594468746233242
0.6594234576860485
0.6594049100799448
0.6593911732279396
0.6593821074177488
0.6593775654264462
0.6593774203019693
0.6593815270352981
0.6593896166817241
0.6594011390359955
0.6594150908275878
0.6594298984780066
0.6594434662785555
0.6594535097473215
0.6594581738258721
0.6594566697592625
0.6594495246015579
0.6594383127974337
0.6594251484253819
0.6594122747146207
0.6594018599260532
0.6593959274718175
0.6593963105130416
0.6594045518839851
0.6594217056850925
0.6594480236692657
0.65948254604498
0.659522709446908
0.6595642828858351
0.6596021185233254
0.6596318302233457
0.6596513963846141
0.6596613716415558
0.6596638808834937
0.659661608773429
0.6596573888064526
0.6596542192187242
0.6596553662492584
0.6596643314198114
0.6596845689825066
0.6597188913785743
0.6597685199068033
0.6598318007327343
0.6599029534922505
0.6599721841469224
0.6600291108314241
0.6600682085420786
0.6600904413071521
0.6600999830483445
0.6601011103128664
0.6600975221810106
0.6600929279846524
0.6600916985968339
0.6600991100598622
0.6601210467486307
0.6601630623540693
0.6602285661219324
0.6603157423025314
0.6604135350320173
0.660501320217938
0.6605610331280576
0.6605918151266277
0.6606041587874026
0.6606072791473194
0.6606062029848059
0.6606041661359405
0.6606051351812843
0.660615223291591
0.660643009928024
0.6606987935893935
0.6607925576990714
0.6609297507863159
0.6611025173511731
0.6612754311385005
0.6613894315411551
0.6614226967788799
0.6614076837212557
0.6613754144556536
0.6613393671366451
0.6613046811843091
