1.0266512499823806
0.09406565167274857
0.09005000983769423
0.08575243600559497
0.08152855067625665
0.07751080320249594
0.07376138754350131
0.07031184673356278
0.0671773288722073
0.06436283926821375
0.061866391495483515
0.05968077950720005
0.05779467410113051
0.05619336722717874
0.05485933005148264
0.05377267940281816
0.05291161137175313
0.052252839356745344
0.0517720577763996
0.051444438653756724
0.05124515578053993
0.05114992083634521
0.0511355085418019
0.05118024426081599
0.05126442759772903
0.051370669202054665
0.05148412455890511
0.05159261702598169
0.051686651521895575
0.05175932869931222
0.051806175899829186
0.05182491483940332
0.05181518657842258
0.0517782523107607
0.051716684795781155
0.051634061021700074
0.0515346630074412
0.051423191264452855
0.051304494622118335
0.0511833206699876
0.05106409241346018
0.050950718098377444
0.05084644175502286
0.05075374126519797
0.05067427844739009
0.05060890199222067
0.050557699654920345
0.05052009174871442
0.050494954527019874
0.05048076014268055
0.050475719831710564
0.05047791868984711
0.050485433443659154
0.050496428289060834
0.050509227443357695
0.05052236590187282
0.050534621611538266
0.05054503277994107
0.05055290353317223
0.05055780003902783
0.050559538028971084
0.05055816183126229
0.05055391484454704
0.050547201879781296
0.0505385448001948
0.050528534062933006
0.05051777973417909
0.050506865997362566
0.05049631293474799
0.05048654845539421
0.05047789185716773
0.05047054894798308
0.05046461723813348
0.05046009871836946
0.05045691730267321
0.050454938140372774
0.05045398656045471
0.05045386519285933
0.05045436859280538
0.050455295295465254
0.05045645755569491
0.05045768908393772
0.05045885095684886
0.05045983568270851
0.05046056925668931
0.050461011027872434
0.0504611513363176
0.05046100712360652
0.050460615994825035
0.05046002942641481
0.05045930590639117
0.050458504735475675
0.05045768102948492
0.05045688219978103
0.05045614591986198
0.05045549937500893
0.050454959476237043
0.05045453370490393
0.050454221316383746
0.05045401472915841
0.05045390101698399
0.05045386347623079
0.050453883247903036
0.050453940944062636
0.05045401818449775
0.050454098917448335
0.05045417039696163
0.05045422372466311
0.05045425392704416
0.050454259612613794
0.05045424231562129
0.05045420566837575
0.050454154545831874
0.050454094298107786
0.05045403014100137
0.05045396672657131
0.05045390787846634
0.050453856457005376
0.05045381431700361
0.05045378233122746
0.0504537604658283
0.050453747903705846
0.05045374321356338
0.05045374455676458
0.05045374991477258
0.05045375731200808
0.05045376500658453
0.05045377162619475
0.05045377623715444
0.05045377834782866
0.05045377785929497
0.05045377498297421
0.05045377014586951
0.05045376389988381
0.05045375684483478
0.05045374956801927
0.05045374259865082
0.05045373637399516
0.05045373121504704
0.05045372731167692
0.050453724718806166
0.050453723365276
0.050453723075540934
0.0504537236017887
0.050453724661681076
0.05045372597560985
0.0504537272977078
0.050453728436677815
0.05045372926513226
0.05045372971868203
0.05045372978771412
0.050453729505337164
0.050453728934444775
0.05045372815573692
0.05045372725738865
0.0504537263263088
0.050453725440726904
0.05045372466407294
0.050453724040479486
0.05045372359244262
0.05045372332106984
0.05045372320893018
0.05045372322498559
0.050453723330638696
0.05045372348576161
0.05045372365371845
0.05045372380478641
0.05045372391785328
0.0504537239806584
0.05045372398903952
0.05045372394564331
0.050453723858418766
0.05045372373903543
0.050453723601260964
0.050453723459311824
0.050453723326252996
0.05045372321260191
0.050453723125332244
0.050453723067434585
0.05045372303808949
0.050453723033371735
0.05045372304729597
0.0504537230729615
0.05045372310357769
0.05045372313322869
0.05045372315733356
0.050453723172833385
0.050453723178181475
0.050453723173209286
0.050453723158918495
0.0504537231372205
0.05045372311062979
0.05045372308192495
0.050453723053802295
0.05045372302856518
0.05045372300789378
0.05045372299272886
0.05045372298327542
0.05045372297910781
0.05045372297933922
