0.9999958753783132
0.9999955940533295
0.9999952761965744
0.999994907346662
0.9999944758794818
0.999993966276752
0.9999933580342292
0.9999926235234923
0.999991724857062
0.9999906095757041
0.9999892041924681
0.9999874068690533
0.9999855511669642
0.9999826844951427
0.9999789330049911
0.9999741038791687
0.9999680738947382
0.9999608619152368
0.9999526214765324
0.9999435473318957
0.9999337647908079
0.9999233332611933
0.9999122293815833
0.9999003469534722
0.9998875390662499
0.9998734070955574
0.9998574722019404
0.9998393409692802
0.9998187775314662
0.9997958057298431
0.9997705639300927
0.9997432474549321
0.9997141057987
0.9996832984340449
0.9996510135974527
0.9996173118756686
0.999582215919515
0.9995521789697221
0.9995144923582286
0.9994749988237537
0.9994336877298449
0.9993905524978782
0.9993457399012199
0.9992991336181957
0.9992508534199843
0.9992008087520171
0.9991491748154255
0.9990959663529062
0.9990413153897273
0.9989849924835147
0.9989271859276777
0.9988678302816303
0.9988071301602002
0.99874473937602
0.9986805884284403
0.9986147846669898
0.9985472515888869
0.9984778059470512
0.9984064985397411
0.9983334611578424
0.9982584645879231
0.998181707591047
0.9981030133537522
0.9980229050253853
0.9979412033693951
0.9978577960388737
0.9977729912053064
0.9976869378247906
0.9975992955546986
0.9975103605767831
0.9974203826572273
0.9973296068289738
0.9972382127617404
0.9971463030003539
0.9970539679771615
0.9969615257066854
0.9968691146248126
0.9967772692050736
0.9966855806633061
0.9965940308471557
0.9965027894826912
0.9964125876783844
0.9963232424375086
0.9962348784112447
0.9961468630184779
0.9960599862412078
0.9959743527498421
0.9958906288377162
0.9958086597516929
0.9957283931067162
0.995650008931202
0.9955735979068556
0.9954991424874083
0.9954265274724362
0.9953561254781537
0.9952878437823071
0.9952211160591687
0.9951566695381918
0.9950943657425598
0.9950338754080957
0.9949753021586073
0.9949191653594857
0.9948660157955689
0.9948146060041889
0.9947654566821293
0.9947169537426908
0.9946702050862455
0.9946256436591026
0.9945825896624045
0.9945420660871768
0.9945033784661698
0.9944664736117387
0.9944315054451989
0.9943984780080962
0.9943673054469656
0.9943375967306559
0.9943096535704744
0.9942834925481769
0.9942591534244941
0.9942357618048981
0.9942141615103347
0.9941941707247567
0.9941753667954604
0.9941576516694071
0.9941419003667106
0.9941270743925039
0.9941130515192695
0.9941006115844508
0.9940886589797565
0.9940783617260134
0.9940688345438159
0.9940601151552516
0.9940522692286453
0.9940448994693132
0.9940388885098136
0.9940326712296359
0.9940272894181093
0.9940230865069353
0.9940200555166858
0.9940171852920346
0.9940155882345485
0.9940146484344968
0.9940142199770792
0.994014598617695
0.994016282660729
0.9941129807678232
0.9940220299931191
0.9940263862461985
0.9940311009337015
0.9940346259210049
0.9940397490713929
0.9940454397296752
0.9940520875257073
0.994058579814257
0.9940646583544701
0.9940718591979036
0.9940796679470135
0.9940883054848966
0.994097551515554
0.9941075583502396
0.9941166874624608
0.9941257944309899
0.9941352523341718
0.9942395663719482
0.9942497637693645
0.9942590315218701
0.9942686529291689
0.9942786727370915
0.9942894100157121
0.9942999342843424
0.9942413084853254
0.9942562588847697
0.9942706042646956
0.9942848155258177
0.9942978317570639
0.9943104273778124
0.9943235373931169
0.994336428876041
0.9943494597339858
0.994362553073421
0.9943755274688743
0.9943892635379277
0.9944029630461795
0.9944168594202233
0.9944316207495029
0.9944461813451855
0.9944598824731432
0.9944732358152489
0.9944867014696188
0.9945001989403243
0.9945141457686822
0.9945282663019201
0.9945425472686263
0.9945560526270782
0.9945699692432286
0.994584640551795
0.9945998325536335
0.9946156797757848
0.9946317122703607
0.9946475013561141
