1.291235111966094
1.2568621930851498
1.2452600907115996
1.2308197015035829
1.2146772795264493
1.1966098272363064
1.1767962026710423
1.1549048309857557
1.1339417121052675
1.1102772267914
1.0840075512545373
1.0567678065572677
1.029001964614012
1.0009246210649005
0.972437428506818
0.9443610349439967
0.9168542547831373
0.8896604247653209
0.8614822733877978
0.8328949507770608
0.8039863598208199
0.7746289023386845
0.7447094234772328
0.7141839187104654
0.6830936607430933
0.6515100120672814
0.6194227763211224
0.5862817220681036
0.5526961946226464
0.5190150288421743
0.4841025302688938
0.44926648333966895
0.41641829973778505
0.3859815340330564
0.3581920285496622
0.3339525846937134
0.311353734390227
0.2900584135674625
0.27224441960881807
0.2578812257597375
0.24392887374466457
0.23028386200575668
0.21917020528711806
0.2107676714248742
0.2015732895824907
0.19473606137245292
0.18849289201012026
0.1845921217862746
0.18272215939042466
0.18261364934061608
0.182267009053545
0.1838477856257084
0.17741057042936628
0.17267455495063716
0.16838058656400412
0.1661762421777738
0.16605190472917394
0.1679764482334561
0.1695099006677394
0.1693348400627734
0.1650809350328936
0.16282094834051722
0.16248179460837722
0.16390790992985962
0.1643982309230975
0.1636757324078457
0.1647933741986872
0.16757494453443353
0.16681179750266176
0.16815570917667275
0.16459944693924022
0.16122432586042668
0.16052993035585547
0.1622626102863802
0.16611716019154485
0.16582447260601135
0.160646033916112
0.1582127047989521
0.15828701548825563
0.15888339347381975
0.1617624300847328
0.16336982830373223
0.15984031180621247
0.1571868276657606
0.15728740918459483
0.1600862917614216
0.1628302807974956
0.1667295059967623
0.16356816737230115
0.1624817138015208
0.16225200600046635
0.1610833640406618
0.16093005736269714
0.1616880688868641
0.16053795533072387
0.16102910008839813
0.16396453457315993
0.16750554691133507
0.16307891462592744
0.15718673984078946
0.15496949440465574
0.15362008326811047
0.15769951354901987
0.1593579734653917
0.1652499538790005
0.176906661573044
0.17427861251190693
0.17317817396369947
0.17348959375460177
0.17209375741873903
0.17091457700004964
0.17119458283378192
0.1734051152308059
0.17181269649315672
0.1732625403493732
0.1753190116570979
0.17433722639463842
0.17698155103604482
0.1767117882186263
0.181093948164059
0.18475494652891716
0.18296580774428245
0.18386534759543421
0.181813028230256
0.18101630956274822
0.17722850722755742
0.17628215097462582
0.17687703734091592
0.17793349041131373
0.18154139050397247
0.17640758185481764
0.17342279454204823
0.17361984742114644
0.17547459694790496
0.17980284128874596
0.1855138786611948
0.1820077087333423
0.17848477141893748
0.17497960866070617
0.1740735242813064
0.17541224923579712
0.17597672862043112
0.1731802856907542
0.17307249521852447
0.1722216000337509
0.1730520538941535
0.17620264074370645
0.17372286958460623
0.17382244826562823
0.1761924496856088
0.18175684257997896
0.18777416586014153
0.18537788642829856
0.1835629065346229
0.17901324927936263
0.17711906650031825
0.17716383077637457
0.1764011723459298
0.17739009463369373
0.17987244135376235
0.1833200029115654
0.18090648005963073
0.18098806303497653
0.1834926979716961
0.18820109513803004
0.19504207211305621
0.19988893829075552
0.18648213024555246
0.1763568915532218
0.1734736979565877
0.17464846347607607
0.17984723655421342
0.18516826113645468
0.17302830833660213
0.16790340519014943
0.16632615770377834
0.16998015769205035
0.1779113920853638
0.18299153544894278
0.17248104687810079
0.16789617064132684
0.16914027402410414
0.1729744881543167
0.18103342205670092
0.17442867669555398
0.16803177127136026
0.16638267467545256
0.169497558076854
0.17706390950600764
0.17250393679132264
0.17194348465193368
0.17492212696479595
0.17385418327522661
0.17605451348527273
0.17143153984394924
0.17132272512176558
0.1703634359042347
0.17296066094187193
0.17137868273502702
0.1729422945469265
