0.9965529346756025
0.9961186926527837
0.9956830893550249
0.9952102442246841
0.9946896255715555
0.9941258249324166
0.9935185251197703
0.9928600586754345
0.9921437385715514
0.9913703352920004
0.9905305533836695
0.9896243852739373
0.9886441298827782
0.9875949737604103
0.9864454588155074
0.9852015348387952
0.9838833976568068
0.9824321025715352
0.980873123503798
0.9791920540005538
0.9773529782874816
0.9753532836086105
0.9732030508647375
0.9708550314779082
0.968316157165386
0.9656009774211676
0.9626692756508928
0.9595013880726234
0.9561931190259473
0.9526660406543764
0.9489513571297844
0.9449977684455532
0.9408764465345114
0.9365952815271429
0.9319630968542475
0.9270887962935392
0.9219433690118397
0.9165831847776387
0.9110142705228901
0.9050326897011188
0.8988693275782215
0.8924745283302766
0.8858737137617352
0.8790445841447786
0.8718658531106422
0.8643279120095061
0.8564653399884044
0.8480680160658799
0.8393177799182832
0.8301218980158509
0.8207857803883613
0.8111953832412183
0.8013779905206312
0.7911940769351692
0.7809233488888535
0.7706736455569451
0.7603408695371925
0.7500493054839432
0.7399042185885226
0.7290507227961627
0.7182598215035432
0.7075971315728125
0.6967199123911925
0.6857648707736043
0.6746358297776069
0.6635587435961972
0.6522841825417396
0.6411995242704345
0.6300939340067042
0.6191280487443198
0.6083059795587147
0.5975046002793658
0.5864993121956297
0.5758282661009533
0.5645550484009401
0.5536021391091495
0.5427348062808182
0.5320328904755689
0.5213730024060784
0.5110119100024946
0.500908454301052
0.49103987978862607
0.481470224175954
0.4722077364682352
0.4628269371889998
0.4537615861497808
0.4451716343132657
0.4367020745274325
0.4282831465829853
0.4202057802478719
0.412297376244279
0.404828724033543
0.3979199138345031
0.3912074216329363
0.383840162406884
0.37691287857292566
0.3699080068232491
0.36307436812251614
0.3560975936502254
0.34945419301524283
0.34340191056133507
0.3382340874128138
0.3335754668358386
0.32869462764679425
0.32395585070298716
0.3189258248557135
0.3137630581823644
0.309087191828314
0.30445607042934164
0.29992569493572085
0.296054618978311
0.2923706578806763
0.28906566600368544
0.28606206887692354
0.2826144543943424
0.2801597993050484
0.2755198652015296
0.2721550802024718
0.2687264220828439
0.2655858724835034
0.2633947992132516
0.2613289259424365
0.25954005922495116
0.25790896022732435
0.25560431111804716
0.25370169282266375
0.25213115503789874
0.2507107510662867
0.2495740508842067
0.2487902518115227
0.2488127267442577
0.24889099550670912
0.2488613278195041
0.24813488227563862
0.2473058810726133
0.24576078433454018
0.24546656508368359
0.24466027667092183
0.24439405251659474
0.2449001851709004
0.24517279824051885
0.245509763224794
0.24555413936326198
0.24546999963862592
0.246047552502073
0.24574369789317774
0.24532445798363944
0.24523608466609026
0.2448424996012013
0.24466892315662836
0.24414423984608313
0.24397156666893216
0.24415475649430785
0.2448677491636977
0.24586527285372806
0.24681900917278787
0.24803194310440824
0.24877491730045964
0.24871913481239205
0.2483277178834421
0.2473486708418816
0.24688024932332875
0.24744556359674863
0.24773000724647742
0.24846463001339492
0.24815121261155004
0.24929141150042333
0.24976166065247696
0.24979025853194115
0.25008038844969027
0.2501816602290241
0.2503269894493271
0.24998336775682806
0.25016880364976046
0.25036884996843245
0.251161120505069
0.25142991108851565
0.251293029695003
0.2499224262955233
0.2501366977533692
0.25069448857268806
0.251298597284888
0.25273500110651914
0.2523627105186369
0.2519985347455548
0.25204330362447624
0.25242957436789504
0.2527536570348906
0.2531547967217459
0.2541983523384759
0.25516115296438024
0.25604837389411794
0.2571190332518789
0.25797523757100105
0.25822578711889754
0.2584515403694423
0.25864392796456237
0.2594687860937718
0.260434380808405
0.2606200088260503
