0.8064622724759487
0.727367990171333
0.7263912512641659
0.7254119126402068
0.7244303163821924
0.723446569247294
0.722460709437865
0.7214727478331346
0.7204826824193966
0.7194905044741426
0.7184962016050611
0.7174997594021644
0.7165011624097053
0.7155003947356646
0.7144974404546034
0.713492283885707
0.7124849097915003
0.7114753035237474
0.7104634511326602
0.7094493394495776
0.7084329561497771
0.707414289799897
0.7063933298931215
0.7053700668743854
0.7043444921573063
0.7033165981341369
0.7022863781797986
0.7012538266508379
0.7002189388800328
0.6991817111672719
0.6981421407672408
0.697100225874405
0.6960559656057117
0.6950093599814013
0.6939604099042775
0.6929091171377462
0.6918554842829088
0.690799514754969
0.6897412127591718
0.6886805832664877
0.6876176319892144
0.6865523653566581
0.6854847904910311
0.6844149151836854
0.6833427478717795
0.682268297615469
0.6811915740756904
0.6801125874925875
0.6790313486646358
0.677947868928493
0.6768621601395965
0.6757742346535314
0.6746841053081634
0.6735917854065563
0.6724972887006444
0.6714006293756756
0.6703018220353876
0.6692008816879166
0.6680978237324089
0.6669926639463133
0.6658854184733325
0.6647761038120046
0.6636647368048869
0.6625513346283194
0.6614359147827333
0.6603184950834788
0.6591990936521488
0.658077728908361
0.6569544195619856
0.6558291846057751
0.6547020433083881
0.6535730152077674
0.6524421201048607
0.6513093780576502
0.6501748093754802
0.6490384346136522
0.6479002745682727
0.6467603502713359
0.6456186829860178
0.6444752942021734
0.6433302056320127
0.6421834392059425
0.6410350170685666
0.6398849615748228
0.6387332952862492
0.6375800409673629
0.63642522158215
0.6352688602906451
0.6341109804456024
0.632951605589239
0.6317907594500498
0.6306284659396839
0.6294647491498755
0.6282996333494228
0.6271331429812088
0.6259653026592604
0.624796137165837
0.6236256714485491
0.6224539306174937
0.6212809399424188
0.6201067248498946
0.6189313109204964
0.6177547238860048
0.616576989626604
0.6153981341680861
0.6142181836790592
0.6130371644681543
0.6118551029812263
0.6106720257985574
0.6094879596320495
0.6083029313224133
0.6071169678363466
0.6059300962637095
0.6047423438146817
0.6035537378169162
0.602364305712678
0.6011740750559742
0.5999830735096683
0.5987913288425843
0.5975988689265981
0.5964057217337158
0.5952119153331368
0.5940174778883069
0.5928224376539557
0.5916268229731236
0.5904306622741704
0.5892339840677789
0.588036816943939
0.5868391895689193
0.585641130682236
0.584442669093596
0.5832438336798385
0.5820446533818617
0.5808451572015405
0.5796453741986303
0.5784453334876651
0.5772450642348452
0.576044595654913
0.5748439570080235
0.5736431775966084
0.5724422867622279
0.5712413138824195
0.5700402883675417
0.5688392396576063
0.5676381972191133
0.5664371905418786
0.5652362491358529
0.5640354025279481
0.56283468025885
0.56163411187984
0.5604337269496054
0.5592335550310583
0.5580336256881491
0.5568339684826826
0.5556346129711385
0.5544355887014876
0.5532369252100184
0.5520386520181633
0.5508407986293304
0.5496433945257391
0.548446469165264
0.5472500519782821
0.546054172364532
0.5448588596899728
0.5436641432836637
0.5424700524346378
0.5412766163888014
0.5400838643458319
0.5388918254560924
0.5377005288175598
0.536510003472759
0.5353202784057192
0.5341313825389358
0.5329433447303551
0.5317561937703648
0.5305699583788104
0.5293846672020219
0.5282003488098586
0.5270170316927751
0.5258347442588991
0.5246535148311384
0.5234733716442952
0.5222943428422144
0.5211164564749404
0.5199397404959039
0.5187642227591254
0.5175899310164485
0.5164168929147852
0.5152451359933978
0.5140746876811955
0.5129055752940599
0.5117378260321959
0.5105714669775097
0.509406525091008
0.5082430272102314
0.5070810000467094
0.505920470183447
0.5047614640724385
0.503604008032208
0.5024481282453817
0.5012938507562938
0.5001412014686104
0.49899020614299927
0.4978408903948177
0.49669327969183985
0.4955473993520133
0.4944032745412451
0.49326093027122664
0.49212039139728414
0.4909816826162655
0.4898448284644642
0.48870985331557004
0.487576781378658
0.48644563669621277
0.48531644314218536
0.48418922442008294
0.4830640040610997
0.481940805422278
0.48081965168470586
0.47970056585175314
0.47858357074734126
0.4774686890142473
0.47635594311245066
0.4752453553175099
0.4741369477189791
0.4730307422188632
0.47192676053010396
0.4708250241751105
0.46972555448432174
0.46862837259480916
0.467533499448915
0.4664409557929282
0.46535076217579896
0.46426293894789006
0.4631775062597656
0.46209448406101905
0.4610138920991338
0.45993574991839037
0.45886007685880015
0.4577868920550875
0.4567162144356999
0.45564806272186287
0.45458245542666886
0.453519410854202
0.4524589470987056
0.45140108204378415
0.4503458333616349
0.4492932185123296
0.4482432547431273
0.4471959590878197
0.4461513483661189
0.44510943918307866
0.44407024792855554
0.44303379077669924
0.44200008368548804
0.4409691423962916
0.43994098243347546
0.4389156191040361
0.43789306749727663
0.43687334248451215
0.4358564587188122
0.43484243063478034
0.4338312724483607
0.43282299815669
0.43181762153796754
0.43081515615137644
0.42981561533702506
0.42881901221592456
0.42782535969000335
0.4268346704421516
0.42584695693629115
0.42486223141749024
0.4238805059120966
0.422901792227915
0.42192610195440017
0.420953446462894
0.4199838369068859
0.4190172842223038
0.41805379912783414
0.4170933921252771
0.41613607349992066
0.41518185332095026
0.41423074144188543
0.4132827475010382
0.4123378809220123
0.411396150914214
0.41045756647339926
0.4095221363822441
0.40858986921094165
0.40766077331782125
0.40673485684999944
0.4058121277440503
0.4048925937267013
0.40397626231555195
0.40306314081981987
0.402153236341107
0.4012465557741879
0.4003431058078224
0.3994428929255883
0.39854592340673733
0.39765220332707274
0.39676173855984664
0.39587453477667245
0.3949905974484692
0.39410993184641363
0.3932325430429183
0.39235843591262676
0.391487615133424
0.3906200851874716
0.3897558503622506
0.3888949147516326
0.38803728225695955
0.3871829565881395
0.38633194126476633
0.38548423961724554
0.3846398547879407
0.38379878973233417
0.38296104722019797
0.38212662983678314
0.38129553998402443
0.38046777988174807
0.3796433515689024
0.37882225690479954
0.37800449757036214
0.3771900750693906
0.3763789907298314
0.37557124570507094
0.3747668409752217
0.37396577734843206
0.37316805546220133
0.37237367578470304
0.37158263861611973
0.37079494408998104
0.37001059217451726
0.36922958267401873
0.3684519152301945
0.36767758932355166
0.3669066042747706
0.36613895924609263
0.3653746532427128
0.3646136851141727
0.3638560535557692
0.3631017571099586
0.3623507941677756
0.3616031629702402
0.360858861609788
0.3601178880316951
0.3593802400355023
0.35864591527645007
0.35791491126691377
0.35718722537784
0.3564628548401877
0.3557417967463664
0.3550240480516892
0.35430960557580327
0.3535984660041499
0.3528906258894029
0.3521860816529182
0.35148482958618443
0.35078686585226737
0.35009218648725937
0.34940078740172764
0.34871266438215665
0.3480278130924017
0.34734622907512425
0.34666790775324074
0.34599284443136336
0.34532103429723715
0.34465247242317876
0.3439871537675133
0.34332507317600025
0.3426662253832724
0.34201060501425584
0.34135820658559424
0.34070902450706864
0.3400630530830172
0.33942028651374356
0.3387807188969284
0.3381443442290297
0.3375111564066887
0.3368811492281196
0.33625431639450365
0.33563065151137506
0.3350101480899984
0.3343927995487488
0.3337785992144794
0.33316754032388607
0.3325596160248675
0.3319548193778772
0.3313531433572705
0.3307545808526494
0.3301591246701917
0.32956676753398384
0.328977502087339
0.32839132089411815
0.327808216440033
0.32722818113394947
0.3266512073091855
0.3260772872247947
0.3255064130668489
0.32493857694971007
0.32437377091729813
0.32381198694434854
0.32325321693766196
0.3226974527373474
0.3221446861180589
0.3215949087902247
0.3210481124012595
0.3205042885367856
0.31996342872182915
0.3194255244220193
0.31889056704477514
0.31835854794048146
0.3178294584036655
0.31730328967415
0.31678003293821533
0.3162596793297441
0.31574221993134965
0.31522764577551443
0.31471594784570234
0.31420711707747306
0.3137011443595853
0.3131980205350854
0.3126977364023932
0.3122002827163829
0.3117056501894434
0.31121382949253784
0.3107248112562596
0.31023858607185806
0.3097551444922847
0.30927447703320843
0.30879657417402717
0.30832142635887516
0.30784902399761893
0.30737935746684153
0.3069124171108193
0.30644819324249484
0.3059866761444284
0.30552785606975696
0.3050717232431256
0.30461826786163326
0.304167480095738
0.30371935009018924
0.30327386796491995
0.3028310238159496
0.30239080771626936
0.30195320971671713
0.30151821984685634
0.3010858281158235
0.30065602451319096
0.30022879900980204
0.2998041415586079
0.2993820420954929
0.29896249054008717
0.2985454767965806
0.29813099075451055
0.2977190222895656
0.2973095612643516
0.29690259752917514
0.2964981209228018
0.2960961212732135
0.29569658839835045
0.2952995121068568
0.29490488219880273
0.2945126884664072
0.29412292069475277
0.29373556866248673
0.29335062214251817
0.29296807090270294
0.2925879047065266
0.29221011331376834
0.29183468648117306
0.291461613963096
0.2910908855121548
0.2907224908798648
0.2903564198172711
0.2899926620755676
0.2896312074067139
0.2892720455640406
0.2889151663028454
0.28856055938098846
0.288208214559469
0.2878581216030053
0.28751027028059817
0.2871646503660946
0.28682125163873684
0.2864800638837076
0.28614107689266943
0.2858042804642906
0.2854696644047715
0.2851372185283553
0.2848069326578434
0.2844787966250846
0.28415280027147893
0.28382893344846105
0.2835071860179772
0.2831875478529594
0.2828700088377919
0.2825545588687657
0.282241187854536
0.2819298857165641
0.2816206423895533
0.2813134478218866
0.2810082919760454
0.2807051648290323
0.280404056372782
0.2801049566145638
0.2798078555773844
0.27951274330038123
0.27921960983920346
0.27892844526639937
0.2786392396717834
0.2783519831628104
0.27806666586493434
0.27778327792196145
0.27750180949640957
0.2772222507698402
0.276944591943205
0.2766688232371749
0.27639493489246725
0.2761229171701681
0.2758527603520444
0.275584454740859
0.275317990660668
0.2750533584571264
0.27479054849777695
0.2745295511723387
0.27427035689299384
0.2740129560946549
0.27375733923525336
0.27350349679598907
0.27325141928160424
0.2730010972206376
0.27275252116567084
0.2725056816935849
0.2722605694057946
0.2720171749284881
0.27177548891286296
0.27153550203534504
0.27129720499782184
0.27106058852785553
0.2708256433788949
0.2705923603304887
0.2703607301884885
0.2701307437852497
0.26990239197982635
0.2696756656581615
0.2694505557332798
0.269227053145463
0.2690051488624374
0.2687848338795371
0.2685660992198876
0.26834893593456155
0.2681333351027453
0.2679192878319011
0.26770678525791336
0.26749581854524707
0.2672863788870884
0.26707845750549175
0.26687204565151934
0.2666671346053723
0.2664637156765286
0.2662617802038635
0.2660613195557845
0.26586232513034014
0.265664788355351
0.26546870068851236
0.26527405361750944
0.26508083866012866
0.26488904736435537
0.2646986713084768
0.26450970210118285
0.26432213138165184
0.264135950819655
0.26395115211563003
0.26376772700077733
0.26358566723713495
0.2634049646176614
0.26322561096630803
0.2630475981380952
0.2628709180191803
0.26269556252692594
0.2625215236099634
0.2623487932482552
0.262177363453152
0.26200722626745276
0.26183837376545027
0.2616707980529922
0.26150449126752007
0.26133944557812017
0.26117565318556313
0.26101310632234975
0.26085179725274077
0.2606917182727986
0.2605328617104199
0.26037521992536095
0.2602187853092769
0.2600635502857337
0.2599095073102431
0.2597566488702777
0.25960496748529405
0.2594544557067483
0.2593051061181102
0.2591569113348755
0.2590098640045778
0.25886395680679863
0.2587191824531696
0.2585755336873814
0.2584330032851826
0.25829158405438246
0.25815126883484973
0.2580120504985054
0.25787392194932124
0.25773687612331475
0.2576009059885328
0.2574660045450502
0.2573321648249468
0.257199379892302
0.2570676428431766
0.2569369468055903
0.25680728493950733
0.25667865043681515
0.2565510365213012
0.25642443644862356
0.2562988435062955
0.25617425101364777
0.2560506523218059
0.2559280408136563
0.2558064099038181
0.25568575303860674
0.2555660636959979
0.25544733538559594
0.2553295616485922
0.25521273605772565
0.25509685221724654
0.2549819037628701
0.2548678843617376
0.25475478771236715
0.25464260754461465
0.25453133761961855
0.25442097172975997
0.2543115036986062
0.2542029273808667
0.2540952366623389
0.25398842545984923
0.25388248772121047
0.25377741742516025
0.2536732085813017
0.25356985523005404
0.2534673514425879
0.2533656913207677
0.2532648689970939
0.2531648786346392
0.2530657144269819
0.2529673705981538
0.25286984140256485
0.25277312112494155
0.25267720408026306
0.25258208461369225
0.25248775710050564
0.2523942159460293
0.25230145558556394
0.25220947048431774
0.252118255137335
0.25202780406941905
0.25193811183506976
0.2518491730183957
0.25176098223305077
0.25167353412215565
0.2515868233582198
0.251500844643064
0.2514155927077458
0.25133106231248403
0.25124724824657063
0.2511641453282992
0.2510817484048826
0.2510000523523699
0.25091905207556875
0.250838742507959
0.2507591186116138
0.25068017537711507
0.2506019078234667
0.25052431099801276
0.2504473799763569
0.25037110986226685
0.2502954957875957
0.25022053291219537
0.25014621642382384
0.2500725415380636
0.24999950349822997
0.24992709757528464
0.24985531906774583
0.2497841633015968
0.2497136256302016
0.24964370143420755
0.24957438612146043
0.24950567512690636
0.24943756391251315
0.2493700479671629
0.24930312280656797
0.2492367839731796
0.2491710270360903
0.2491058475909439
0.24904124125983806
0.24897720369123666
0.2489137305598691
0.24885081756663674
0.24878846043852076
0.24872665492848745
0.2486653968153848
0.24860468190385865
0.24854450602424638
0.24848486503248735
0.24842575481002138
0.24836717126369479
0.24830911032566227
0.24825156795329495
0.24819454012906883
0.24813802286048603
0.24808201217995984
0.24802650414472882
0.24797149483675074
0.24791698036261167
0.24786295685341797
0.2478094204647071
0.24775636737633933
0.24770379379240948
0.24765169594113667
0.24760007007477558
0.24754891246950805
0.24749821942534866
0.24744798726604422
0.24739821233897263
0.24734889101504587
0.24730001968860782
0.24725159477733494
0.2472036127221351
0.24715606998704998
0.2471089630591533
0.24706228844844969
0.24701604268777821
0.24697022233270793
0.24692482396143733
0.24687984417469966
0.24683527959565454
0.2467911268697951
0.24674738266484209
0.24670404367064702
0.24666110659908913
0.24661856818397732
0.2465764251809458
0.24653467436736032
0.2464933125422123
0.2464523365260204
0.24641174316072956
0.2463715293096107
0.24633169185716441
0.2462922277090137
0.24625313379181046
0.2462144070531299
0.24617604446137664
0.2461380430056801
0.24610039969579478
0.246063111562004
0.2460261756550176
0.24598958904587276
0.24595334882583242
0.24591745210629234
0.24588189601867494
0.24584667771433244
0.24581179436444944
0.24577724315994331
0.24574302131136128
0.24570912604879036
0.24567555462174762
0.24564230429909406
0.24560937236892444
0.24557675613847785
0.2455444529340336
0.24551246010081995
0.24548077500291032
0.2454493950231259
0.24541831756294596
0.2453875400423975
0.24535705989997325
0.2453268745925189
0.24529698159515345
0.24526737840115498
0.24523806252187885
0.24520903148665207
0.245180282842684
0.245151814154963
0.24512362300616797
0.24509570699656968
0.24506806374393364
0.24504069088342917
0.24501358606753076
0.24498674696592693
0.2449601712654229
0.2449338566698458
0.2449078008999538
0.2448820016933424
0.24485645680434465
0.24483116400394656
0.24480612107968813
0.244781325835568
0.24475677609196278
0.24473246968551987
0.24470840446907405
0.24468457831155455
0.24466098909788803
0.24463763472891686
0.24461451312129767
0.2445916222074166
0.24456895993529681
0.24454652426850843
0.24452431318607581
0.24450232468239141
0.244480556767123
0.2444590074651275
0.24443767481635437
0.2444165568757698
0.2443956517132534
0.24437495741352022
0.24435447207602579
0.24433419381488586
0.244314120758779
0.2442942510508691
0.2442745828487105
0.24425511432416658
0.24423584366331974
0.24421676906638812
0.24419788874763604
0.24417920093529177
0.2441607038714615
0.24414239581204278
0.24412427502663947
0.2441063397984795
0.24408858842433068
0.24407101921441499
0.24405363049232254
0.24403642059493447
0.2440193878723358
0.24400253068773603
0.24398584741737872
0.24396933645046925
0.24395299618908928
0.24393682504811054
0.24392082145512317
0.24390498385034343
0.24388931068654351
0.24387380042896467
0.2438584515552401
0.2438432625553132
0.24382823193136038
0.2438133581977121
0.24379863988076977
0.24378407551893255
0.24376966366251895
0.2437554028736838
0.2437412917263453
0.24372732880610937
0.24371351271018626
0.24369984204731798
0.24368631543770725
0.24367293151292968
0.2436596889158692
0.24364658630063474
0.24363362233249042
0.24362079568778172
0.24360810505385422
0.24359554912898673
0.24358312662231374
0.24357083625375553
0.24355867675394027
0.24354664686413285
0.24353474533616837
0.24352297093236874
0.24351132242548212
0.24349979859860493
0.24348839824511292
0.24347712016858747
0.24346596318275238
0.24345492611139374
0.2434440077882999
0.2434332070571822
0.24342252277161502
0.24341195379496272
0.2434014990003096
0.2433911572703923
0.24338092749753615
0.24337080858358073
0.2433607994398207
0.2433508989869292
0.24334110615490323
0.2433314198829848
0.2433218391196026
0.2433123628223074
0.24330298995769983
0.24329371950137213
0.24328455043784236
0.24327548176048797
0.2432665124714798
0.24325764158172358
0.24324886811079605
0.24324019108687722
0.24323160954669276
0.2432231225354471
0.243214729106767
0.24320642832263228
0.24319821925332363
0.24319010097735427
0.24318207258141056
0.24317413316029424
0.2431662818168604
0.24315851766195618
0.24315083981436436
0.24314324740074278
0.24313573955556678
0.2431283154210675
0.24312097414717593
0.24311371489146472
0.24310653681909056
0.2430994391027389
0.243092420922561
0.2430854814661242
0.2430786199283519
0.24307183551147116
0.243065127424948
0.2430584948854434
0.24305193711675
0.24304545334974448
0.24303904282232525
0.2430327047793629
0.2430264384726456
0.2430202431608276
0.2430141181093698
0.243008062590496
0.24300207588313116
0.24299615727285728
0.242990306051853
0.2429845215188483
0.24297880297907393
0.2429731497442038
0.24296756113230755
0.24296203646780556
0.24295657508140955
0.24295117631007568
0.24294583949696102
0.24294056399136588
0.24293534914868997
0.2429301943303811
0.24292509890388958
0.24292006224261786
0.24291508372587167
0.24291016273881683
0.2429052986724275
0.24290049092344146
0.24289573889431526
0.24289104199317402
0.24288639963376635
0.24288181123542474
0.24287727622300537
0.24287279402686213
0.24286836408278667
0.24286398583197089
0.24285965872095983
0.2428553822016114
0.24285115573104565
0.24284697877160866
0.2428428507908259
0.24283877126135966
0.2428347396609648
0.24283075547245037
0.24282681818363328
0.2428229272873006
0.24281908228116345
0.24281528266781904
0.2428115279547115
0.24280781765408088
0.24280415128293853
0.24280052836301502
0.2427969484207244
0.2427934109871216
0.24278991559787022
0.24278646179319363
0.24278304911784554
0.24277967712106374
0.2427763453565367
0.24277305338236133
0.2427698007610135
0.24276658705929932
0.24276341184832362
0.2427602747034574
0.2427571752042884
0.24275411293459825
0.2427510874823201
0.24274809843950018
0.24274514540226544
