0.7227076415210227
0.9015293633508191
0.8970025296495365
0.8921989621436499
0.887127669577056
0.8819116525007746
0.8765390205365831
0.8708769632129606
0.8645972427157873
0.8587595347827747
0.853059559298057
0.8474000612211867
0.8417546947068862
0.8361161032360579
0.8304839576320324
0.8248609323439418
0.8192509625462921
0.813658339706986
0.8072696253846379
0.8007386817794666
0.794060270246363
0.7872281454364646
0.7802347451191617
0.7730708318369588
0.7657250404603712
0.7581832742113923
0.7504278783704006
0.7424364644150309
0.7341799536725311
0.7256185073596955
0.7166935753222994
0.7073205733638506
0.6974014621798508
0.6868635674464603
0.6756835875757183
0.6638757622764122
0.651473205020277
0.6385195688398653
0.6250676828219405
0.6111800526891248
0.5969291152675364
0.5823967382638604
0.5676729380401281
0.5528538988690328
0.5380394123164376
0.523329874504602
0.5088229805822378
0.49461023774345725
0.4807733946021595
0.46738091273496796
0.45448484726885974
0.4421191548023068
0.4303010180600373
0.41903546447509354
0.4083204619348192
0.39814940854901193
0.3885114993790486
0.3793930113750288
0.3707820052202193
0.3626762512651439
0.3550921196451605
0.3480732784930155
0.3416988006893513
0.33347650305552345
0.3256130742044311
0.3182167513194627
0.3116151387277176
0.30562342635288386
0.3002433482811985
0.2954898010357586
0.29138543490893865
0.28795713370526665
0.2818166864245746
0.2764064042336023
0.2717460678395076
0.26781874613177925
0.2645774643977381
0.26195728015028585
0.2599024196096782
0.25493379705765895
0.25072397416213577
0.2472454124909017
0.24445886941019135
0.24231668522515848
0.2407692908846637
0.23977146191392174
0.23928737794664245
0.23556253909300662
0.23262442061639232
0.2304536137389278
0.22901087577984292
0.22824177411505442
0.2280820210373553
0.228462639297897
0.22931518782858307
0.22680661869852115
0.2249464416108179
0.22365243477333197
0.22285273616562618
0.2224895030705446
0.22251873644273723
0.22290830151578578
0.22363573278368032
0.2246864730708079
0.2223222842248428
0.22062977901003644
0.21956151782718947
0.21906025146633712
0.21906203901953925
0.2194994761154404
0.220304597947096
0.2214114404967099
0.22275860668204073
0.22429225774629424
0.22225073801896666
0.22072693631433427
0.21967184457391897
0.21903895060698553
0.21878440748806416
0.2188673280724328
0.21925025320339964
0.21989971346365123
0.22078675262597314
0.2218873068813777
0.2231823964590005
0.22108248316471446
0.21954267024726304
0.21852254352562372
0.2179727424794331
0.2178367311079582
0.21805385100208485
0.2185630533107591
0.21930668627573813
0.22023378615665334
0.22130248644546513
0.22248138722349675
0.2205030262315102
0.2190095407499001
0.2179697798857928
0.217352244421114
0.21712405809123858
0.2172504311724922
0.21769461476231433
0.2184183168296886
0.21938253079386583
0.22054871210649152
0.21898430956280135
0.21786734394421237
0.21714753730870717
0.21677568495713662
0.21670498901385127
0.216892355951132
0.2172994107113121
0.21789310664990102
0.21864593364014828
0.21953580317050103
0.22054571130244505
0.21887908905902098
0.21765452306905342
0.21683943286201168
0.21639731540188
0.21628833554831517
0.21647052957601032
0.21690141205459623
0.21753978897391535
0.21834758368166118
0.2192914761407292
0.2203441601396725
0.22148506388622902
0.2197832764726524
0.21850040817083838
0.21760449991476594
0.21706071210072764
0.21683208628804884
0.2168806803158274
0.21716882473870414
0.21766030396236602
0.21832133544090204
0.21912129278238912
0.22003318341153844
0.2210339381883385
0.22210458950672263
0.22029484066246074
0.21892018661611956
0.2179478089464829
0.21734065008350312
0.21705873740047188
0.2170608926634664
0.21730652741932888
0.2177572842580301
0.21837835838387998
0.21913940903323315
0.220015038099294
0.22098487018020352
0.222033311668416
0.22028758786343472
0.2189762306211347
0.218067595745006
0.21752363636084882
0.2173014881773847
