1.2051498164818384
0.08500491617921178
0.08014142445960279
0.0745671918317975
0.06892532709424899
0.0634405526538785
0.05821845783894559
0.05331522750912893
0.048761747319532055
0.044573924138021415
0.04075779082467453
0.03731232590712157
0.034231161372623
0.031503704987722654
0.02911593556968896
0.027051008503855518
0.025289750186923952
0.02381108975551882
0.022592459274421287
0.021610182412980742
0.020839863216673023
0.020256779501847556
0.019836279293542897
0.01955417369644775
0.019387115900440097
0.01931295390464616
0.019311044100201985
0.0193625140202764
0.01945046511639312
0.019560109971643053
0.01967884242104619
0.01979624307434633
0.019904026214660777
0.019995936580063624
0.02006760590906143
0.0201163793436064
0.020141121032871988
0.02014200690780758
0.020120310999219834
0.02007819021962118
0.0200184714884083
0.01994444457417679
0.01985966402773404
0.019767763924759325
0.019672289582755978
0.01957655069070984
0.019483500154259686
0.019395642264995808
0.019314972523811123
0.0192429496908902
0.019180498616150104
0.019128040407293642
0.01908554480885397
0.019052598533645885
0.019028482849424076
0.01901225399951682
0.01900282093049342
0.018999016124442342
0.018999656849392085
0.019003595606780107
0.019009759768449094
0.01901718122968962
0.019025017320676862
0.019032564263261196
0.019039264245549678
0.01904470685806851
0.019048625334468997
0.019050887874008094
0.01905148434462504
0.019050508865717988
0.01904813908816655
0.01904461333338413
0.019040207024726842
0.019035209963595097
0.01902990592619597
0.019024555787429853
0.019019384959988003
0.019014575443189928
0.019010262292115655
0.019006533919791818
0.019003435386339296
0.019000973729327103
0.018999124436323865
0.01899783831500183
0.018997048225258058
0.018996675348425158
0.01899663483894516
0.018996840811098852
0.018997210655633538
0.018997668674032936
0.018998148987474938
0.018998597650466045
0.018998973896459742
0.01899925047384697
0.018999413092206898
0.018999459077072428
0.01899939540777769
0.01899923636883186
0.018999001067887714
0.01899871105857824
0.01899838825911428
0.018998053289411506
0.018997724275831462
0.01899741610778664
0.01899714008474335
0.01899690386974227
0.01899671166453008
0.01899656453524884
0.0189964608377816
0.0189963967103224
0.01899636661219801
0.01899636389075027
0.01899638135395489
0.018996411819439785
0.01899644860528634
0.018996485928080304
0.018996519180645176
0.0189965450749135
0.01899656165169965
0.018996568175056364
0.018996564940976294
0.018996553036183642
0.018996534082113426
0.018996509992992353
0.018996482767495937
0.01899645432340385
0.018996426376282304
0.018996400357843876
0.018996377367508
0.018996358151092973
0.01899634310226206
0.018996332284020714
0.018996325468303755
0.018996322191194435
0.018996321819864284
0.01899632362560721
0.01899632685613038
0.018996330800143794
0.01899633483844391
0.018996338477893216
0.018996341367414828
0.01899634329769866
0.01899634418819914
0.018996344065883315
0.01899634304006764
0.01899634127681934
0.018996338975193223
0.018996336346435046
0.018996333596477687
0.018996330911686222
0.0189963284477998
0.018996326322180835
0.018996324609617986
0.01899632334188709
0.018996322511015306
0.018996322075783802
0.01899632197057163
0.018996322115332614
0.018996322425411535
0.018996322820065293
0.018996323228911927
0.01899632359598459
0.018996323881487684
0.018996324061664044
0.01899632412732052
0.01899632408155125
0.018996323937080426
0.01899632371350622
0.018996323434595196
0.018996323125718303
0.01899632281150491
0.01899632251381868
0.018996322250179203
0.01899632203274888
0.018996321867957286
0.018996321756756578
0.018996321695413928
0.01899632167667222
0.018996321691075537
0.018996321728263984
0.01899632177808534
0.018996321831438606
0.018996321880826037
0.018996321920643624
0.0189963219472593
0.018996321958936437
0.018996321955643394
0.018996321938781303
0.018996321910845878
0.018996321875046716
0.018996321834906137
0.018996321793874765
0.018996321754998474
0.018996321720673236
0.01899632169250647
0.018996321671290124
0.018996321657069833
0.01899632164928373
0.018996321646936706
0.018996321648780314
