0.9781894912474186
0.10340885024841791
0.09945381392167019
0.09531819554732869
0.0912871436144283
0.08747220814654127
0.08392609494699195
0.08067514395512575
0.07773133417026201
0.07509762088467258
0.07277065146153307
0.07074230613195864
0.06900066116558387
0.06753065193849948
0.06631457998815456
0.06533254745541875
0.06456287132877181
0.06398251068816803
0.06356752512685034
0.06329356906842686
0.06313641459245883
0.06307248541920611
0.0630793777723988
0.06313634051064636
0.0632246873487347
0.06332811794854139
0.06343293155552385
0.0635281257440962
0.06360538244991189
0.06365895237385921
0.06368545569830551
0.0636836209228735
0.06365398421481429
0.06359856940058825
0.063520564587602
0.0634240066461436
0.06331348056687564
0.06319383784969371
0.06306993689144232
0.06294640864034606
0.06282745199678587
0.0627166647662573
0.06261691660534006
0.06253026974019327
0.0624579510378405
0.06240037546800598
0.062357216694433205
0.06232751630480935
0.06230981987266715
0.06230232629065529
0.062303036920830494
0.0623098929717043
0.06232089268041443
0.062334183673295775
0.06234812956023794
0.06236135275180088
0.06237275727115421
0.06238153586716322
0.062387165220630564
0.06238939189359058
0.062388210413629776
0.06238383397058519
0.062376657919365086
0.062367216684575594
0.06235613557907751
0.06234408015162964
0.06233170658953344
0.06231961710177353
0.06230832392399358
0.06229822463287025
0.062289590022191386
0.06228256417989292
0.062277174948476184
0.06227335192813427
0.062270948748465206
0.06226976649764104
0.06226957582889966
0.062270136147262324
0.06227121117627173
0.06227258091825031
0.06227405044070961
0.06227545603578002
0.06227666918495598
0.062277598543720725
0.062278189968988755
0.06227842453944338
0.06227831459717418
0.06227789803901155
0.06227723133383913
0.06227638194952905
0.06227542096761487
0.06227441661142078
0.06227342922620471
0.062272507978567405
0.06227168925721921
0.06227099652515782
0.062270441238765406
0.06227002442390576
0.06226973856286189
0.06226956955812544
0.062269498653715845
0.06226950427579558
0.06226956378533032
0.06226965512138366
0.06226975827528391
0.06226985650039535
0.062269937151954925
0.062269992076552295
0.062270017526873576
0.06227001364819019
0.0622699836477337
0.062269932798290274
0.06226986743347803
0.06226979406560552
0.06226971870850628
0.06226964643289484
0.06226958113551808
0.06226952547539077
0.06226948092302565
0.062269447877386225
0.06226942582186338
0.06226941350614673
0.06226940914943659
0.06226941066037759
0.06226941586285167
0.062269422709168375
0.06226942945804207
0.06226943479695343
0.06226943789700997
0.06226943840064746
0.062269436354532644
0.062269432108195244
0.06226942620123214
0.062269419258509116
0.062269411905611326
0.062269404708727
0.062269398136781055
0.062269392540460246
0.06226938814280744
0.06226938503816302
0.06226938319872188
0.062269382489427476
0.06226938269168328
0.06226938353467579
0.0622693847308921
0.06226938601077817
0.062269387151205696
0.06226938799368705
0.0622693884506537
0.06226938850076891
0.06226938817632772
0.062269387546750044
0.062269386701900416
0.0622693857378181
0.062269384745977256
0.062269383805976554
0.06226938298091511
0.062269382314677574
0.06226938183070215
0.062269381532220336
0.06226938140416347
0.062269381416817225
0.06226938153094424
0.062269381703683825
0.06226938189427527
0.06226938206867213
0.06226938220240852
0.062269382281535966
0.06226938230189391
0.06226938226727231
0.06226938218709698
0.06226938207414418
0.0622693819425712
0.06226938180633579
0.06226938167794646
0.062269381567478056
0.06226938148183599
0.06226938142433372
0.06226938139466955
0.062269381389355415
0.06226938140255448
0.062269381427185216
0.06226938145607691
0.062269381482962995
0.06226938150315276
0.06226938151382231
0.062269381513964585
0.062269381504099906
0.06226938148587258
0.06226938146163181
0.06226938143405692
0.06226938140584215
0.06226938137943669
0.062269381356831965
0.06226938133940132
0.062269381327807516
0.06226938132199611
0.06226938132128252
0.06226938132451713
0.06226938133029753
