0.8065009714318255
0.7259850989405432
0.7250138312461577
0.7240401449850655
0.7230643455641359
0.7220865080817734
0.7211066507665054
0.7201247718176913
0.7191408609059622
0.7181549036911881
0.7171668839009222
0.7161767844067657
0.7151845878367862
0.7141902769519639
0.713193834892838
0.7121952453497284
0.7111944926850617
0.7101915620239054
0.7091864393222198
0.708179111418703
0.7071695660740029
0.7061577919998434
0.7051437788798327
0.7041275173832655
0.7031089991729222
0.7020882169076585
0.701065164240456
0.7000398358125071
0.6990122272438368
0.6979823351209113
0.6969501569816512
0.6959156912982187
0.6948789374579339
0.6938398957426315
0.6927985673067595
0.6917549541544823
0.6907090591160407
0.6896608858235882
0.6886104386867071
0.6875577228677852
0.6865027442574153
0.6854455094499567
0.6843860257193853
0.6833243009955376
0.6822603438408409
0.6811941634276063
0.6801257695159431
0.6790551724323524
0.6779823830490306
0.6769074127639194
0.6758302734815151
0.674750977594454
0.6736695379658749
0.6725859679125572
0.6715002811888315
0.6704124919712431
0.6693226148439573
0.668230664784893
0.6671366571525479
0.6660406076735055
0.664942532430594
0.6638424478516669
0.662740370698983
0.6616363180591551
0.6605303073336379
0.6594223562297326
0.6583124827520732
0.6572007051945727
0.656087042132798
0.6549715124167523
0.6538541351640348
0.6527349297533545
0.6516139158183789
0.6504911132418885
0.6493665421502186
0.6482402229079705
0.6471121761129643
0.6459824225914259
0.6448509833933835
0.6437178797882543
0.6425831332606162
0.6414467655061389
0.640308798427667
0.6391692541314402
0.6380281549234379
0.6368855233058379
0.6357413819735789
0.6345957538110152
0.633448661888657
0.6323001294599839
0.6311501799583268
0.6299988369938139
0.6288461243503638
0.6276920659827301
0.6265366860135859
0.6253800087306445
0.6242220585838123
0.6230628601823667
0.6219024382921552
0.6207408178328182
0.6195780238750201
0.6184140816376975
0.6172490164853139
0.616082853925122
0.614915619604427
0.6137473393078554
0.6125780389546225
0.6114077445957955
0.6102364824115549
0.609064278708453
0.6078911599166601
0.6067171525872106
0.6055422833892341
0.6043665791071815
0.6031900666380399
0.6020127729885363
0.6008347252723323
0.5996559507072021
0.5984764766122053
0.597296330404842
0.5961155395981996
0.5949341317980847
0.5937521347001402
0.592569576086956
0.5913864838251626
0.5902028858625132
0.5890188102249523
0.5878342850136755
0.5866493384021745
0.5854639986332724
0.5842782940161453
0.5830922529233351
0.5819059037877519
0.5807192750996653
0.5795323954036855
0.5783452932957347
0.5771579974200132
0.5759705364659531
0.5747829391651653
0.573595234288381
0.5724074506423842
0.5712196170669384
0.5700317624317086
0.5688439156331777
0.5676561055915594
0.5664683612477044
0.565280711560006
0.5640931855013029
0.5629058120557802
0.5617186202158655
0.5605316389791304
0.5593448973451856
0.5581584243125823
0.5569722488757107
0.5557864000217005
0.5546009067273301
0.55341579795593
0.552231102654293
0.5510468497495977
0.5498630681463212
0.5486797867231743
0.5474970343300287
0.5463148397848632
0.5451332318707109
0.5439522393326168
0.5427718908746051
0.541592215156657
0.5404132407916986
0.5392349963425962
0.5380575103191736
0.5368808111752283
0.5357049273055732
0.5345298870430868
0.533355718655774
0.5321824503438504
0.5310101102368361
0.5298387263906703
0.5286683267848378
0.527498939319516
0.5263305918127417
0.5251633119975943
0.5239971275193998
0.5228320659329515
0.5216681546997579
0.5205054211853042
0.5193438926563401
0.5181835962781907
0.5170245591120868
0.515866808112518
0.5147103701246158
0.5135552718815524
0.5124015400019752
0.5112492009874536
0.5100982812199619
0.5089488069593875
0.5078008043410585
0.5066542993733081
0.5055093179350589
0.5043658857734437
0.5032240285014444
0.5020837715955693
0.5009451403935561
0.4998081600921018
0.4986728557446326
0.49753925225908724
0.4964073743957531
0.4952772467651133
0.4941488938257398
0.4930223398822112
0.49189760908306546
0.49077472541878253
0.4896537127198074
0.48853459465459304
0.4874173947276923
0.4863021362778718
0.48518884247626426
0.48407753632455597
0.48296824065320854
0.48186097811971196
0.4807557712068776
0.4796526422211611
0.478551613291024
0.4774527063653329
0.4763559432117861
0.4752613454153831
0.47416893437693275
0.4730787313115826
0.4719907572474067
0.470905033024004
0.46982157929115753
0.4687404165075121
0.467661564939299
0.46658504465908845
0.46551087554458825
0.46443907727747036
0.46336966934224144
0.46230267102514155
0.4612381014130874
0.4601759793926491
0.45911632364906085
0.45805915266527386
0.4570044847210364
0.4559523378920245
0.4549027300489944
0.4538556788569792
0.45281120177452194
0.451769316052938
0.4507300387356269
0.4496933866574011
0.448659376443869
0.44762802451084205
0.4465993470637778
0.44557336009726833
0.44455007939454827
0.44352952052705286
0.44251169885400143
0.4414966295220156
0.4404843274647777
0.4394748074027208
0.4384680838427467
0.4374641710779881
0.43646308318759897
0.43546483403657377
0.4344694372756105
0.433476906340995
0.4324872544545286
0.4315004946234757
0.4305166396405601
0.42953570208397285
0.4285576943174295
0.42758262849024853
0.42661051653746407
0.42564137017996473
0.42467520092467503
0.42371202006474507
0.42275183867979715
0.421794667636177
0.4208405175872495
0.41988939897371513
0.4189413220239596
0.4179962967544312
0.41705433297003924
0.416115440264589
0.4151796280212372
0.41424690541297693
0.41331728140314816
0.41239076474597136
0.41146736398711503
0.4105470874642766
0.40962994330779756
0.4087159394412979
0.4078050835823376
0.4068973832430982
0.4059928457310923
0.40509147814989066
0.4041932873998775
0.4032982801790216
0.4024064629836758
0.40151784210939
0.4006324236517558
0.39975021350725803
0.39887121737416087
0.397995440753402
0.3971228889495093
0.3962535670715467
0.3953874800340592
0.39452463255805326
0.3936650291719862
0.3928086742127772
0.39195557182683205
0.39110572597108384
0.39025914041405585
0.3894158187369353
0.3885757643346618
0.3877389804170315
0.38690547000982334
0.38607523595592774
0.38524828091649244
0.38442460737209394
0.3836042176239013
0.38278711379487085
0.38197329783094214
0.3811627715022523
0.38035553640435793
0.37955159395947147
0.37875094541770404
0.37795359185832356
0.3771595341910231
0.37636877315718986
0.3755813093311976
0.37479714312170054
0.37401627477292954
0.3732387043660118
0.37246443182028777
0.3716934568946355
0.37092577918880776
0.3701613981447728
0.36940031304806276
0.3686425230291287
0.3678880270646966
0.36713682397913827
0.3663889124458408
0.3656442909885814
0.3649029579829114
0.3641649116575355
0.36343015009570834
0.36269867123662325
0.3619704728768066
0.3612455526715228
0.36052390813617186
0.3598055366476971
0.3590904354459905
0.3583786016353002
0.35767003218564897
0.35696472393423484
0.35626267358685215
0.35556387771930453
0.3548683327788177
0.3541760350854558
0.35348698083353713
0.35280116609304635
0.3521185868110507
0.35143923881311656
0.35076311780471603
0.3500902193726442
0.3494205389864272
0.34875407199973196
0.3480908136517712
0.34743075906870957
0.3467739032650682
0.34612024114511775
0.3454697675042875
0.34482247703054714
0.3441783643058073
0.343537423807302
0.34289964990897703
0.3422650368828666
0.3416335789004752
0.34100527003414816
0.34038010425843745
0.3397580754514723
0.3391391773963125
0.3385234037823065
0.3379107482064413
0.3373012041746887
0.33669476510334084
0.3360914243203462
0.3354911750666456
0.3348940104974818
0.3342999236837283
0.33370890761319516
0.33312095519193774
0.33253605924555296
0.3319542125204742
0.33137540768525453
0.330799637331852
0.3302268939769001
0.3296571700629686
0.3290904579598356
0.3285267499657295
0.3279660383085755
0.32740831514724145
0.32685357257275915
0.32630180260955566
0.32575299721666295
0.32520714828893127
0.32466424765823165
0.3241242870946405
0.32358725830763424
0.3230531529472628
0.3225219626053186
0.32199367881650176
0.32146829305956903
0.3209457967584851
0.32042618128355216
0.3199094379525498
0.3193955580318436
0.3188845327375085
0.3183763532364261
0.31787101064738366
0.3173684960421591
0.31686880044660215
0.31637191484170646
0.31587783016466275
0.31538653730992383
0.31489802713024073
0.31441229043770047
0.3139293180047531
0.3134491005652348
0.31297162881537144
0.31249689341477993
0.3120248849874677
0.31155559412280764
0.3110890113765169
0.31062512727162506
0.31016393229942685
0.30970541692043174
0.3092495715653075
0.30879638663580644
0.30834585250568924
0.3078979595216378
0.30745269800416064
0.3070100582484868
0.3065700305254563
0.3061326050823937
0.3056977721439814
0.30526552191311573
0.30483584457176727
0.3044087302818127
0.30398416918587845
0.3035621514081632
0.3031426670552556
0.30272570621693806
0.3023112589669966
0.3018993153640044
0.30148986545210565
0.3010828992617923
0.3006784068106677
0.3002763781042038
0.2998768031364908
0.2994796718909797
0.29908497434120607
0.2986927004515255
0.2983028401778197
0.29791538346820534
0.29753032026373527
0.29714764049908826
0.2967673341032496
0.2963893910001838
0.29601380110950937
0.2956405543471421
0.29526964062596095
0.2949010498564375
0.2945347719472765
0.2941707968060411
0.29380911433976864
0.2934497144555851
0.2930925870613036
0.2927377220660201
0.2923851093807047
0.2920347389187773
0.29168660059667995
0.29134068433444404
0.29099698005624175
0.290655477690943
0.2903161671726525
0.2899790384412474
0.28964408144290144
0.2893112861306063
0.28898064246469135
0.28865214041331877
0.28832576995298886
0.2880015210690323
0.2876793837560919
0.28735934801860274
0.2870414038712622
0.28672554133949524
0.28641175045990985
0.2861000212807504
0.2857903438623385
0.28548270827751177
0.2851771046120576
0.28487352296513313
0.28457195344968156
0.2842723861928512
0.28397481133639557
0.2836792190370683
0.28338559946702413
0.2830939428141991
0.2828042392826914
0.2825164790931378
0.2822306524830793
0.28194674970732647
0.2816647610383082
0.28138467676643086
0.28110648720041687
0.28083018266764437
0.2805557535144829
0.2802831901066153
0.28001248282936286
0.27974362208800196
0.2794765983080726
0.2792114019356813
0.2789480234378092
0.2786864533025951
0.2784266820396303
0.2781687001802454
0.27791249827778064
0.2776580669078673
0.2774053966686888
0.27715447818124994
0.2769053020896317
0.2766578590612435
0.2764121397870759
0.2761681349819406
0.27592583538470683
0.27568523175854354
0.2754463148911399
0.2752090755949327
0.27497350470732984
0.27473959309091966
0.2745073316336887
0.2742767112492196
0.2740477228769044
0.2738203574821295
0.2735946060564781
0.27337045961791817
0.27314790921098286
0.27292694590695665
0.27270756080404635
0.2724897450275581
0.27227348973006393
0.2720587860915674
0.2718456253196623
0.27163399864969184
0.2714238973448966
0.2712153126965692
0.2710082360241949
0.2708026586755983
0.2705985720270734
0.27039596748352757
0.27019483647859976
0.2699951704747994
0.26979696096362404
0.2696001994656779
0.26940487753079345
0.2692109867381377
0.2690185186963311
0.26882746504354216
0.2686378174476042
0.2684495676061026
0.26826270724648194
0.2680772281261322
0.2678931220324815
0.2677103807830895
0.2675289962257187
0.26734896023842947
0.2671702647296508
0.2669929016382572
0.2668168629336417
0.26664214061578584
0.26646872671532684
0.2662966132936204
0.2661257924428041
0.2659562562858545
0.26578799697664224
0.2656210066999912
0.26545527767171706
0.2652908021386925
0.2651275723788773
0.2649655807013698
0.2648048194464462
0.26464528098559714
0.2644869577215644
0.26432984208837496
0.26417392655137206
0.26401920360724285
0.2638656657840447
0.2637133056412323
0.2635621157696737
0.2634120887916791
0.26326321736100944
0.26311549416289803
0.2629689119140579
0.262823463362702
0.2626791412885433
0.26253593850280754
0.26239384784823805
0.26225286219909594
0.26211297446116466
0.2619741775717487
0.26183646449966824
0.2616998282452595
0.26156426184036563
0.2614297583483304
0.2612963108639863
0.2611639125136441
0.2610325564550813
0.2609022358775236
0.26077294400163364
0.26064467407948555
0.260517419394553
0.26039117326168093
0.26026592902706625
0.2601416800682338
0.26001841979400575
0.25989614164448005
0.25977483909099464
0.2596545056361048
0.2595351348135434
0.25941672018818773
0.2592992553560354
0.25918273394415225
0.2590671496106468
0.2589524960446269
0.2588387669661548
0.2587259561262174
0.2586140573066703
0.25850306432020387
0.2583929710102897
0.2582837712511421
0.2581754589476599
0.2580680280353924
0.2579614724804724
0.2578557862795773
0.25775096345987125
0.2576469980789544
0.2575438842248058
0.25744161601572657
0.25734018760028876
0.25723959315727285
0.25713982689561055
0.2570408830543256
0.2569427559024713
0.2568454397390697
0.2567489288930517
0.2566532177231876
0.2565583006180283
0.25646417199583604
0.25637082630452135
0.2562782580215748
0.2561864616539963
0.2560954317382288
0.2560051628400909
0.2559156495547018
0.2558268865064117
0.25573886834873205
0.2556515897642594
0.2555650454646069
0.25547923019032026
0.2553941387108164
0.25530976582429565
0.25522610635767184
0.25514315516649366
0.2550609071348676
0.2549793571753797
0.2548985002290127
0.25481833126507425
0.25473884528110646
0.25466003730281417
0.25458190238398226
0.254504435606386
0.2544276320797182
0.25435148694149934
0.25427599535699696
0.25420115251914144
0.25412695364844107
0.2540533939928943
0.25398046882791103
0.2539081734562175
0.2538365032077734
0.2537654534396897
0.25369501953613227
0.25362519690824037
0.2535559809940372
0.2534873672583373
0.25341935119266257
0.2533519283151491
0.2532850941704582
0.25321884432968567
0.2531531743902721
0.25308807997591243
0.2530235567364597
0.2529596003478387
0.25289620651195344
0.25283337095659064
0.2527710894353309
0.25270935772745273
0.2526481716378427
0.25258752699689824
0.25252741966043735
0.252467845509602
0.25240880045076064
0.25235028041542307
0.2522922813601348
0.2522347992663919
0.2521778301405325
0.25212137001365853
0.2520654149415237
0.25200996100444806
0.2519550043072175
0.2519005409789892
0.2518465671731921
0.2517930790674344
0.2517400728634033
0.25168754478677224
0.25163549108709626
0.2515839080377247
0.2515327919356941
0.25148213910163786
0.25143194587968554
0.2513822086373648
0.2513329237655061
0.25128408767814003
0.25123569681240554
0.25118774762844687
0.2511402366093165
0.2510931602608798
0.2510465151117106
0.25100029771300214
0.25095450463845703
0.25090913248419877
0.25086417786867055
0.2508196374325329
0.2507755078385673
0.25073178577158073
0.25068846793830535
0.250645551067294
0.25060303190883293
0.25056090723483104
0.2505191738387329
0.25047782853541045
0.25043686816107036
0.25039628957315363
0.25035608965023615
0.25031626529193274
0.2502768134187968
0.25023773097222
0.25019901491433993
0.2501606622279363
0.2501226699163337
0.2500850350033076
0.25004775453298034
0.2500108255697254
0.24997424519807243
0.24993801052260245
0.24990211866786094
0.24986656677824826
0.24983135201793016
0.24979647157073714
0.24976192264006702
0.24972770244878995
0.24969380823914689
0.24966023727265751
0.24962698683002094
0.24959405421101744
0.24956143673441555
0.24952913173787117
0.24949713657783545
0.24946544862945663
0.24943406528648027
0.2494029839611619
0.24937220208416366
0.24934171710445863
0.24931152648924282
0.24928162772383067
0.24925201831156685
0.24922269577372713
0.24919365764942514
0.24916490149551807
0.24913642488651122
0.24910822541446231
0.24908030068889142
0.2490526483366855
0.2490252660020008
0.24899815134617664
0.24897130204763196
0.24894471580178568
0.24891839032094965
0.2488923233342465
0.24886651258751213
0.24884095584320187
0.24881565088030488
0.24879059549424565
0.24876578749679634
0.2487412247159826
0.24871690499599353
0.24869282619709399
0.24866898619552635
0.24864538288342775
0.2486220141687343
0.24859887797509372
0.2485759722417743
0.24855329492357747
0.24853084399074576
0.24850861742887498
0.2484866132388227
0.24846482943662895
0.24844326405341166
0.24842191513529788
0.24840078074331728
0.24837985895332804
0.2483591478559254
0.24833864555634877
0.24831835017440618
0.24829825984438003
0.24827837271493947
0.24825868694906028
0.24823920072393513
0.24821991223089057
0.2482008196752984
0.24818192127649363
0.24816321526769103
0.24814469989589405
0.24812637342182098
0.24810823411981087
0.24809028027774838
0.24807251019697507
0.24805492219220726
0.24803751459145873
0.24802028573594603
0.24800323398002388
0.24798635769108746
0.24796965524949843
0.24795312504850264
0.24793676549415145
0.24792057500521425
0.24790455201310613
0.24788869496180455
0.2478730023077661
0.2478574725198529
0.24784210407925011
0.24782689547938908
0.24781184522586452
0.24779695183636097
0.24778221384057497
0.24776762978013422
0.24775319820851982
0.24773891769099343
0.24772478680451793
0.24771080413768054
0.24769696829061727
0.24768327787493838
0.24766973151365257
0.24765632784108782
0.2476430655028229
0.24762994315560805
0.24761695946729434
0.247604113116754
0.24759140279381475
0.24757882719917979
0.24756638504435935
0.247554075051594
0.24754189595378528
0.24752984649442267
0.24751792542751172
0.24750613151750323
0.24749446353922078
0.24748292027779228
0.2474715005285789
0.24746020309709893
0.24744902679897007
0.24743797045982807
0.2474270329152648
0.247416213010757
0.24740550960159613
0.24739492155282594
0.24738444773916335
0.2473740870449448
0.24736383836404752
0.2473537005998293
0.24734367266505952
0.24733375348185127
0.24732394198159946
0.2473142371049114
0.247304637801542
0.2472951430303293
0.24728575175913292
0.24727646296476236
0.24726727563292117
0.247258188758134
0.247249201343692
0.24724031240158606
0.24723152095244283
0.24722282602546153
0.24721422665835668
0.24720572189728962
0.24719731079681428
0.24718899241980719
0.24718076583741466
0.24717263012898816
0.24716458438202527
0.24715662769210578
0.2471487591628403
0.2471409779057998
0.24713328304047033
0.24712567369418048
0.24711814900205187
0.24711070810693647
0.2471033501593629
0.24709607431747715
0.24708887974698202
0.24708176562108353
0.24707473112043898
0.2470677754330891
0.24706089775441387
0.24705409728706984
0.2470473732409353
0.24704072483306072
0.24703415128760753
0.247027651835797
0.24702122571585672
0.24701487217296136
0.24700859045919044
0.24700237983346274
0.2469962395614913
0.24699016891572712
0.2469841671753109
0.24697823362601523
0.24697236756020013
0.24696656827675223
0.24696083508104538
0.24695516728487943
0.246949564206437
0.2469440251702295
0.24693854950704697
0.24693313655391036
0.24692778565402407
0.2469224961567219
0.2469172674174217
0.24691209879757725
0.24690698966462987
0.24690193939195737
0.24689694735883183
0.24689201295037044
0.2468871355574832
0.24688231457683718
0.24687754941079998
0.24687283946739924
0.24686818416027423
0.24686358290863364
0.2468590351372053
0.24685454027619658
0.24685009776124478
0.24684570703338016
0.24684136753896924
0.2468370787296864
0.2468328400624592
0.24682865099942763
0.24682451100790426
0.24682041956032796
0.24681637613422414
0.24681238021216056
0.24680843128170726
0.2468045288353934
0.24680067237066483
0.24679686138984858
0.24679309540010463
0.24678937391339295
0.24678569644642379
0.24678206252062918
0.2467784716621123
0.24677492340161544
0.24677141727447782
0.24676795282059805
0.24676452958439288
0.2467611471147625
0.24675780496504718
0.2467545026929967
0.24675123986072478
0.24674801603467855
0.24674483078559606
0.24674168368847305
0.24673857432252477
0.24673550227114982
0.24673246712189167
0.24672946846641175
0.24672650590043854
0.24672357902374886
