1.1828808405215137
0.952879618560203
0.9408416232022447
0.9287068498678733
0.9165066938346413
0.9042626086694273
0.8919884625552488
0.8796940833845216
0.8673870771250601
0.8550737597807427
0.8427596625267971
0.8304498211584015
0.8181489498976816
0.8058615496902141
0.7935919775409027
0.7813444916710762
0.7691232810991777
0.7569324848517861
0.7447762040693084
0.7326585091196188
0.7205834431288679
0.7085550228958519
0.6965772378705211
0.6846540476884019
0.6727893786251968
0.6609871192478753
0.6492511154766437
0.6375851652276642
0.6259930127737029
0.6144783429353459
0.6030447751966059
0.5916958578239137
0.5804350620555976
0.5692657764191634
0.5581913012254255
0.547214843281474
0.5363395108583001
0.5255683089433884
0.5149041348036981
0.5043497738799702
0.49390789602923135
0.48358105212862385
0.473371671050236
0.4632820570134329
0.4533143873182481
0.44347071046069253
0.43375294462834274
0.4241628765722994
0.4147021608495156
0.4053723194276007
0.3961747416425235
0.3871106844980863
0.37818127329471585
0.369387502573931
0.360730237363821
0.3522102147100299
0.3438280454760172
0.33558421639580804
0.32747909236202916
0.31951291893171846
0.3116858250322388
0.3039978258495671
0.29644882588128163
0.289038622136735
0.2817669074671381
0.2746332740086215
0.2676372167217438
0.2607781370114021
0.2540553464116313
0.24746807032037765
0.24101545176996675
0.23469655521966012
0.22851037035740637
0.2224558158986157
0.2165317433705424
0.21073694087161168
0.20507013679579686
0.19953000351291364
0.19411516099646123
0.18882418039138493
0.18365558751487598
0.1786078662840401
0.17367946206496407
0.1688687849383871
0.16417421287782832
0.1595940948366448
0.1551267537410857
0.15077048938696505
0.14652358123810696
0.14238429112521112
0.13835086584424772
0.1344215396539227
0.13059453667214935
0.12686807317182755
0.12324035977656411
0.1197096035572701
0.11627401003084249
0.11293178506237977
0.10968113667259798
0.10652027675230032
0.10344742268591867
0.10046079888628438
0.09755863824290374
0.09473918348611003
0.09200068846954156
0.08934141937345448
0.08675965583142191
0.08425369198299887
0.08182183745494646
0.07946241827360932
0.07717377771103288
0.07495427706738413
0.07280229639221387
0.07071623514706062
0.06869451281185296
0.06673556943751992
0.06483786614716336
0.06299988558809001
0.06122013233693887
0.059497133260076725
0.05782943783136827
0.0562156184093612
0.054654270475858045
0.05314401283777914
0.05168348779415274
0.05027136127000038
0.048906322918819106
0.047587086195296335
0.04631238839982771
0.045080990696346475
0.04389167810490968
0.042743259470428396
0.04163456740886967
0.04056445823220298
0.03953181185330961
0.03853553167202042
0.03757454444339966
0.03664780012934163
0.03575427173450372
0.034892955127553325
0.0340628688486659
0.033263053904168845
0.032492573549190606
0.031750513059135156
0.031035979490768587
0.030348101433671032
0.029686028752775123
0.02904893232268248
0.028436003754420767
0.027846455115275597
0.027279518642307068
0.02673444645013394
0.026210510233545314
0.025707000965477095
0.025223228590867456
0.024758521716886205
0.024312227300010952
0.023883710330404886
0.023472353514031836
0.023077556952926157
0.02269873782401842
0.022335330056899583
0.021986784010892046
0.021652566151779084
0.021332158728528772
0.02102505945033495
0.02073078116428202
0.02044885153392755
0.02017881271908231
0.019920221057054578
0.019672646745612383
0.019435673527904755
0.019208898379571345
0.018991931198256932
0.018784394495735473
0.0185859230928388
0.018396163817371112
0.01821477520518174
0.018041427204556596
0.01787580088407943
0.017717588144102528
0.017566491431957973
0.01742222346102987
0.017284506933798672
0.017153074268960438
0.017027667332713676
0.016908037174298063
0.016793943765862025
0.01668515574672606
0.016581450172102247
0.016482612266322052
0.016388435180616896
0.016298719755489664
0.016213274287706466
0.016131914301934266
0.016054462327040067
0.01598074767706361
0.01591060623686909
0.015843880252474327
0.015780418126052513
0.015720074215594303
0.015662708639214994
0.015608187084084605
0.015556380619956407
0.015507165517263647
0.015460423069750366
0.015416039421599264
0.015373905399014643
0.015333916346216234
0.015295971965795989
0.015259976163386693
0.015225836896589802
0.01519346602810498
0.015162779183004583
0.015133695610090932
0.015106138047275298
0.015080032590912902
0.0150553085690293
0.015031898418369596
0.015009737565202755
0.014988764309810694
0.014968919714591798
0.014950147495706992
0.01493239391819639
0.014915607694493844
0.01489973988626579
0.014884743809501548
0.01487057494278149
0.014857190838648273
0.014844551038009628
0.01483261698749711
0.01482135195970924
0.014810720976265424
0.014800690733598501
0.0147912295314139
0.0147823072037445
0.014773895052530017
0.014765965783651502
0.014758493445351621
0.014751453368972585
0.014744822111943973
0.014738577402954782
0.01473269808924317
0.014727164085940969
0.01472195632740795
0.014717056720494809
0.014712448099673342
0.014708114183973752
0.014704039535670269
0.014700209520657615
0.014696610270461964
0.014693228645830628
0.014690052201847395
0.014687069154519982
0.014684268348788318
0.014681639227903928
0.014679171804130212
0.014676856630717485
0.014674684775104451
0.014672647793302162
0.014670737705415807
0.014668946972261232
0.014667268473035273
0.014665695483998466
0.014664221658131646
0.014662841005727824
0.014661547875882634
0.014660336938847121
0.014659203169208745
0.014658141829866253
0.014657148456766628
0.01465621884437183
0.014655349031825486
0.01465453528979002
0.014653774107925274
0.014653062182982166
0.014652396407483703
0.01465177385896882
0.014651191789773749
0.014650647617327607
0.014650138914939067
0.014649663403052104
0.014649218940949645
0.014648803518885015
0.014648415250620973
0.014648052366358062
0.01464771320603389
0.014647396212975922
0.014647099927891085
0.014646822983176473
0.014646564097535224
0.014646322070883434
0.014646095779533385
0.01464588417164013
0.01464568626289807
0.01464550113247533
0.01464532791917377
0.014645165817803932
0.014645014075763149
0.014644871989807469
0.014644738903006426
0.014644614201872047
0.014644497313652763
0.014644387703783254
0.014644284873482946
0.014644188357493983
0.014644097721952529
0.014644012562385492
0.014643932501825845
0.014643857189040939
0.01464378629686649
0.014643719520641219
0.01464365657673656
0.014643597201175562
0.014643541148336832
0.014643488189737834
0.014643438112893837
0.014643390720247807
0.014643345828166995
0.014643303266003072
0.014643262875211229
0.01464322450852556
0.014643188029186875
0.01464315331022035
0.014643120233759606
0.014643088690414535
0.01464305857868081
0.014643029804387512
0.01464300228018157
0.014642975925046155
0.014642950663851129
0.014642926426933697
0.014642903149707065
0.014642880772295752
0.014642859239195533
0.014642838498956527
0.014642818503888419
0.014642799209785444
0.014642780575670923
0.014642762563559312
0.014642745138235097
0.014642728267046998
0.014642711919717097
0.014642696068163203
0.014642680686333995
0.014642665750056195
0.014642651236892375
0.014642637126009654
0.0146426233980572
0.014642610035053502
0.014642597020281352
0.014642584338190814
0.01464257197430951
0.0146425599151593
0.01464254814817967
0.014642536661656332
0.014642525444655774
0.01464251448696441
0.014642503779032631
0.014642493311922924
0.01464248307726227
0.014642473067198
0.014642463274357117
0.01464245369180909
0.014642444313031156
0.014642435131876554
0.014642426142545515
0.01464241733955791
0.014642408717728962
0.014642400272146224
0.014642391998148577
0.014642383891307195
0.014642375947407785
0.014642368162434203
0.014642360532553788
0.014642353054103593
0.014642345723577754
0.01464233853761609
0.014642331492993507
0.014642324586610285
0.014642317815483261
0.014642311176737657
0.014642304667599687
0.014642298285389663
0.01464229202751575
0.014642285891468368
0.014642279874814763
0.014642273975194317
0.014642268190314181
0.014642262517945053
0.014642256955917823
0.014642251502119863
0.014642246154492167
0.014642240911026358
0.014642235769762096
0.01464223072878483
0.014642225786223486
0.014642220940248474
0.014642216189069844
0.014642211530935563
0.01464220696413007
0.01464220248697263
0.014642198097816153
0.014642193795045945
0.014642189577078532
0.014642185442360624
0.01464218138936822
0.014642177416605494
0.01464217352260421
0.014642169705922753
0.014642165965145433
0.01464216229888197
0.014642158705766494
0.014642155184457372
0.014642151733636253
0.014642148352007759
0.014642145038299019
0.01464214179125895
0.014642138609658012
0.014642135492287755
0.014642132437960259
0.01464212944550791
0.014642126513782902
0.01464212364165698
0.014642120828020952
0.014642118071784524
0.014642115371875819
0.014642112727241122
0.014642110136844584
0.014642107599667933
0.014642105114710155
0.014642102680987243
0.014642100297531898
0.014642097963393289
0.014642095677636755
0.01464209343934362
0.01464209124761083
0.014642089101550834
0.014642087000291272
0.01464208494297472
0.01464208292875857
0.014642080956814638
0.0146420790263291
0.01464207713650216
0.014642075286547965
0.014642073475694106
0.014642071703181879
0.014642069968265572
0.014642068270212713
0.014642066608303398
0.014642064981830594
0.014642063390099602
0.014642061832427942
0.014642060308145253
0.014642058816593029
0.014642057357124405
0.01464205592910405
0.014642054531907965
0.014642053164923313
0.014642051827548248
0.014642050519191624
0.01464204923927311
0.014642047987222628
0.014642046762480621
0.014642045564497492
0.014642044392733776
0.014642043246659714
0.01464204212575526
0.014642041029509922
0.014642039957422434
0.014642038909000966
0.014642037883762482
0.014642036881233111
0.014642035900947587
0.014642034942449365
0.014642034005290341
0.014642033089030755
0.014642032193239117
0.014642031317491968
0.014642030461373877
0.014642029624477073
0.014642028806401636
0.01464202800675513
0.01464202722515255
0.014642026461216248
0.014642025714575695
0.014642024984867524
0.01464202427173522
0.014642023574829138
0.014642022893806386
0.014642022228330645
0.01464202157807211
0.014642020942707307
0.014642020321919058
0.014642019715396354
0.014642019122834297
0.014642018543933828
0.014642017978401823
0.014642017425950888
0.01464201688629925
