1.0628037558158114
1.0587141675305536
1.0571022978656297
1.05528296124256
1.0532261213913225
1.0510356840158575
1.0485736936164565
1.045796877754292
1.0427714158942711
1.0393708227092007
1.0355449808215322
1.0314574261778209
1.027062725633751
1.0223732064939821
1.017369990767953
1.0120762167459318
1.0064804023506313
1.000671687730345
0.9945442642021823
0.9883235830686826
0.9815515535343369
0.9746023024013933
0.9673071087112668
0.9598022966623533
0.9521117514202817
0.9442534200883704
0.9363533775767259
0.9283049086405436
0.920117481034911
0.9117945639757781
0.9033516792884844
0.8947925287499386
0.8860850219986098
0.8771896325630361
0.8683828450672678
0.8595156555614507
0.8506067241403045
0.8416789245412499
0.8325354102442775
0.8234040806696772
0.814165249428149
0.8049092397095701
0.7956643276462525
0.7864504150813514
0.7772849954892785
0.7681735430106478
0.7591177859478031
0.7501226113683547
0.7411952464302932
0.732155253592125
0.723222765037665
0.7144083971262909
0.7057415768273783
0.6972264876092146
0.6888934434980162
0.6807710613348096
0.6729068013966067
0.6650371256616202
0.6573214870339953
0.6498404452631203
0.6424075358203788
0.6352761301665835
0.6284378887804112
0.6218971227433383
0.6156583597950464
0.6097251402824315
0.6041041578567462
0.5988040502383616
0.593827625009224
0.5891710407721347
0.5848324086314627
0.5808139981009859
0.5771224491389603
0.5733305098412371
0.5698211468145428
0.5665893815317921
0.5636354775615199
0.5609614458215888
0.5585469162016717
0.5563515305190678
0.5543869565173862
0.5526405917353946
0.5511008695461023
0.549763330525646
0.5486347379002146
0.5477292312214063
0.5465548329222097
0.5454093736887405
0.5445020664306819
0.5437772467252134
0.5431541275503332
0.5426094864649799
0.5422439410956211
0.5420387384886085
0.541836734574457
0.5417683690893081
0.5418284814459734
0.5414023296628216
0.5411083815193243
0.5409375401914412
0.540765084127938
0.5407099511252841
0.5407680159376579
0.5408131879244339
0.5409906119695203
0.5413491805142332
0.541079376704553
0.5404540895346801
0.5400724407164619
0.5399045156678295
0.5399253693485074
0.540119041399812
0.5403065632431281
0.5406994619066617
0.5403329797397445
0.540154130539694
0.540155533879634
0.5398261366792059
0.539662923837923
0.5396518794934226
0.5397712416062003
0.5399075558185052
0.5402017259189451
0.5407289692042256
0.5411060724614959
0.5411704584076922
0.5412762802072959
0.5411309166174407
0.541038907007939
0.5408679512230926
0.5407575147859063
0.5407134676686641
0.5407372469935857
0.5408284031446224
0.5408409625111334
0.5409280753655122
0.5410830277180734
0.5410406761485831
0.5410902847032988
0.5412267338359193
0.5412937733596114
0.5414657203022317
0.5417575784119726
0.5421923414355746
0.5418811973522901
0.5415724443268068
0.5414047161445812
0.5411430163359279
0.5410403650737309
0.5409772764843007
0.5410433943275531
0.5412204482611569
0.5414958971145323
0.5417726541326137
0.5421463623541323
0.5426154938526925
0.5424013914190923
0.5419761372456308
0.5417028091800989
0.5415708930375325
0.5415668590240049
0.5415828949098604
0.5417041247939332
0.5419186361610234
0.5422131888373467
0.5425752281964962
0.5428643559143903
0.5430159567899222
0.5426662057832861
0.5424363147442322
0.5423180972176467
0.5423019989765446
0.5422518774123218
0.54230133515034
0.5424423225501465
0.5426649340754074
0.5427733920510186
0.5429488742931168
0.5431914126705091
0.5433167832451236
0.5435237107401122
0.54331083360878
0.5432016501573408
0.5431828641054965
0.5430895061610034
0.5430893162516258
0.5431296670976556
0.5430827254228227
0.5431037936158095
0.543170274831643
0.5433060760457558
0.54355594286761
0.5437217131428465
0.5439620165554369
0.543844708520036
0.5436333495868529
0.5435298427379953
0.5435290644422858
0.5436275295500035
0.5438066394126748
