0.9989959750533656
0.9989811067448285
0.998965842252924
0.9989498386000313
0.9989334361259748
0.9989170316312093
0.9989016187131715
0.9988965547114786
0.9988800262279934
0.9988625403500218
0.9988446573649651
0.9988263465469216
0.9988076121627103
0.9987883959069194
0.9987686917721533
0.9987484824104267
0.9987281777362992
0.9987075306648415
0.9986872833577575
0.9986666626387676
0.9986455382917078
0.9986245228612926
0.9986033072135375
0.9985813893204822
0.9985590404666664
0.9985361759606708
0.9985128803510139
0.9984893818205585
0.9984655857109984
0.9984414592864186
0.9984167496606848
0.9983917562448947
0.9983663644009994
0.9983400179198897
0.9985339263401074
0.9982938844274145
0.9984974208524888
0.9982464115122026
0.9984571099317272
0.9984339399931839
0.9984287014495887
0.9983907912465476
0.9983657651015747
0.9983394356233981
0.998440423758914
0.9984204703847126
0.9983989536104781
0.9983751003082957
0.9983498197826188
0.9983238734953767
0.9982970975612239
0.998269369815173
0.9981914810616522
0.9982165240190501
0.9981460616637603
0.998163124980348
0.9980997509690684
0.998109910829816
0.998049163790691
0.9980570294573846
0.9980132504962055
0.9980021265931186
0.9979629870962774
0.9979477287809365
0.9979136280018077
0.99788749481115
0.9978609977790865
0.9978572633670663
0.9978151002710914
0.9978080625324556
0.9977836762475374
0.9978281946638086
0.9977404564073743
0.9977904684867057
0.9977677118986271
0.9977433106772106
0.997666553796226
0.9976999051357696
0.997675559902332
0.9976492081422756
0.9976222505545164
0.9975943826070359
0.997565982336561
0.9975371099767751
0.9975082856878329
0.9974803784718386
0.9975579705376679
0.9975454157556536
0.9975051034494861
0.9974857920595753
0.9973856567601576
0.9974507126997538
0.9974307642851723
0.9973362990723578
0.9973945769854952
0.9973023692777148
0.9973573226589797
0.9972675259043331
0.997320181227751
0.9973000462255885
0.9972783107741692
0.9972569884327456
0.9972348535166992
0.9972133484280844
0.9971927905410154
0.9971716461171779
0.9971519278266443
0.9971301670105432
0.9971082819410289
0.9970886919891109
0.9970692085860366
0.9970507049605128
0.9970333171658079
0.9970174066615591
0.9970029959042187
0.9969908558028192
0.9969801929341959
0.9969677357264741
0.9969572088416505
0.996946536259712
0.9969361112261079
0.9969263477707202
0.9969176451533039
0.9969092726624893
0.9969020214720354
0.9968956592464212
0.9968881143791899
0.9968815513286126
0.9968759247359683
0.996869794009445
0.9968637369242535
0.9968572638143375
0.996850201216192
0.9968432576500698
0.996835249417109
0.99682749885447
0.9968198020044864
0.9968137964947456
0.9970553464356923
0.9968003502336328
0.9967926387581785
0.9970387047292615
0.9967789740128616
0.9970206652618435
0.9967684873289809
0.9970020772107758
0.9967612837812757
0.996756808767797
0.996976050871443
0.9969659593637071
0.996750954285655
0.9969461408667978
0.9967465141697464
0.9969297060978256
0.9969185677307897
0.9968349876139453
0.9968958518490011
0.9968826460317533
0.9968676513204556
0.9968526395932604
0.9968377550834508
0.9968230707757928
0.9968106257791233
0.9967983334642191
0.9967860244967847
0.9967733827738111
0.9967618358924747
0.9967495611677356
0.9967376980962191
0.9967264390381366
0.9967137210496146
0.9967000340251629
0.9966874757800704
0.9966763708004733
0.9966667257020996
0.9966579870492244
0.9966482249618431
0.9966408458860192
0.9966327914620678
0.9966272535873808
0.9966236676071203
0.9966187904346155
0.9966156878581983
0.9966153216542714
0.9966156736930971
0.9966179037571957
0.99661925100455
0.9966181916619171
0.9966159490433661
0.9966139575626239
0.99660809913587
0.9966042034371595
0.9966024080982518
0.9966022539849814
0.9966011066693778
0.9965985249360334
0.9965963534993907
0.996595785362898
0.9965938381605406
0.9965910064632563
