1.3675331528450203
0.07949152006369903
0.07439213764696465
0.06829144766265681
0.062028055748638705
0.055889103330459454
0.05000899117192396
0.044459738139582795
0.03928182456453108
0.03449729306497961
0.030116186981494642
0.02614008379305736
0.02256421954028517
0.01937887264656696
0.016570333624236978
0.014121632692118302
0.012013122557501215
0.010222975089002297
0.00872762919427618
0.007502213952420739
0.006520961657044209
0.005757617973939925
0.005185850201142311
0.0047796495367884015
0.004513719448396353
0.004363839860004905
0.004307196012633331
0.004322661460346839
0.004391026548963607
0.004495166566573058
0.004620147134261352
0.004753267853335185
0.004884048293554571
0.005004162740201053
0.0051073315143513355
0.005189177122122327
0.005247053130290704
0.005279852788934495
0.005287803361185168
0.005272251185350314
0.005235441904887834
0.005180300147148601
0.0051102131655030554
0.005028823418518282
0.004939835508878693
0.004846843092294947
0.004753181083686844
0.004661807617006714
0.004575218760153223
0.0044953970764273835
0.004423792988920763
0.00436133582905696
0.004308469717517406
0.004265208258997122
0.0042312015561216006
0.004205809268636326
0.004188174255755797
0.004177292552009179
0.004172076807176232
0.004171411640174747
0.004174200432141044
0.004179403807570096
0.004186070402933063
0.00419336055758381
0.004200563395996872
0.004207107540657098
0.004212565527200207
0.004216651974113094
0.004219215719248044
0.004220226448234963
0.004219756734276652
0.004217960790148241
0.004215051508847924
0.004211277471253861
0.004206901498916145
0.004202182043325123
0.004197358282887468
0.004192639321814511
0.004188197432114996
0.004184164918528672
0.004180633957864606
0.00417765867830787
0.004175258780836329
0.004173424123340044
0.004172119839566033
0.0041712917052877194
0.0041708715629742285
0.004170782662522955
0.004170944776451501
0.004171278923419886
0.004171711509254441
0.00417217769182233
0.004172623807906577
0.00417300876723429
0.004173304410342575
0.004173494925017096
0.004173575500836384
0.004173550456819368
0.0041734310948740505
0.0041732335123275816
0.00417297655896365
0.004172680061321646
0.0041723633741097945
0.004172044267312131
0.004171738124564822
0.004171457414353971
0.004171211396270418
0.004171006032872875
0.004170844086344179
0.004170725382741711
0.004170647223161511
0.004170604911809167
0.004170592359466637
0.004170602711684816
0.0041706289479927884
0.004170664403340462
0.004170703175352339
0.004170740398184199
0.004170772382120853
0.0041707966338202776
0.00417081178260477
0.004170817442356257
0.004170814036993904
0.004170802612053981
0.0041707846479303685
0.0041707618840282346
0.004170736158784212
0.004170709268565091
0.004170682848309821
0.004170658277364871
0.004170636614158243
0.0041706185624318555
0.004170604469540579
0.004170594354251389
0.004170587958316356
0.0041705848136947355
0.004170584316265224
0.004170585797401492
0.004170588586641241
0.00417059206129152
0.004170595681507397
0.00417059901156496
0.004170601729384926
0.004170603626821113
0.004170604603016087
0.004170604652602633
0.004170603850028701
0.004170602331028208
0.004170600272303023
0.0041705978707105434
0.004170595323490922
0.0041705928111266
0.004170590484198107
0.0041705884550991175
0.004170586794796983
0.004170585534144191
0.004170584668720342
0.0041705841659150185
0.004170583972969569
0.004170584024928551
0.004170584251794618
0.0041705845845265216
0.004170584959780056
0.004170585323432283
0.004170585632965664
0.0041705858587655345
0.004170585984361441
0.004170586005655861
0.0041705859292451505
0.0041705857700303954
0.004170585548406246
0.004170585287364155
0.004170585009840219
0.004170584736565507
0.004170584484568162
0.004170584266354247
0.004170584089693169
0.004170583957871818
0.004170583870263968
0.004170583823078631
0.004170583810187366
0.004170583823965598
0.004170583856106201
0.0041705838983719405
0.004170583943251677
0.004170583984480802
0.004170584017390043
0.0041705840390597534
0.0041705840482812555
0.00417058404535072
0.004170584031744991
0.004170584009738022
0.004170583982016053
0.00417058395133723
0.004170583920262614
0.004170583890967416
0.004170583865128052
0.004170583843872245
0.004170583827779729
0.004170583816922515
