0.998005511651349
0.9978100744450709
0.9976282425561606
0.9974286244943814
0.9972128532624832
0.996980735228479
0.9967311677949506
0.9964617670626331
0.9961721677003339
0.9958584358362396
0.9955206524177171
0.995161484326503
0.9947712434196789
0.9943509091852671
0.9938903033721329
0.9933938226633703
0.9928644145224277
0.992302739476096
0.9917010605463925
0.9910508241076174
0.9903443230350066
0.9895829701307898
0.9887715393793465
0.9878985476631648
0.9869500543421226
0.985929391526071
0.9848406635203291
0.9836966261675034
0.98247994819826
0.9811880860381754
0.97982889329632
0.9783929019416292
0.9768746988067397
0.9752415615323283
0.9735110367915397
0.9717021573956173
0.9698147639771431
0.9678120927364228
0.9657308611007666
0.9635666912259782
0.9613094001844281
0.9589488295253785
0.956553274036142
0.953958382348565
0.9512682404877101
0.9484982400837503
0.9456565220568978
0.9427245726492178
0.939654553438463
0.936557070515004
0.9333622153645628
0.9301705318925944
0.9269216796160913
0.9235943874993695
0.9201670036001057
0.9165965365996848
0.9129808630196893
0.9093677640710889
0.9057852648560156
0.9021575502385862
0.8985237850288836
0.8948956973722717
0.8912643811346277
0.8876760940921111
0.8840126887206128
0.8803280166576117
0.8766082939212791
0.872933155963623
0.8691950408247988
0.8653420310545732
0.8615560392782118
0.8578219695383201
0.8540636336231645
0.8504005671429252
0.8467601777180966
0.8429021889132704
0.8391063660433146
0.8354442181784454
0.8318753999413011
0.8282851079295376
0.8248141613269355
0.8213026665692463
0.8178615917151849
0.8145365131761102
0.811289328700542
0.8081491696160371
0.8050729701106836
0.8020792509429302
0.7991788350646108
0.7962271243782364
0.793387017267055
0.7907806389842885
0.7883974686758376
0.7859961069411462
0.7836828440704362
0.7814518138004338
0.7793126812939355
0.7769809383903614
0.7746723059713909
0.7724490735676046
0.7704863371625725
0.7687584321380465
0.766981338854009
0.765368208893798
0.7633973782243465
0.7610643710882696
0.7592811835553782
0.7577194423998171
0.7563484152680666
0.7551078030854007
0.7538823817719642
0.7527108286850187
0.7518594347813631
0.7511007856441231
0.7502263376133602
0.7493817913396974
0.7486392322254692
0.7479452552095935
0.7472331703087028
0.7464802003560194
0.7459129575306366
0.745477768120484
0.745058999882756
0.7448686474184325
0.744521125629514
0.7441145352752432
0.7436943776980671
0.7434451911236425
0.7433282618855044
0.7432027660943066
0.7430077884951813
0.7427754296491678
0.7425353859622195
0.7424329528355653
0.7423658746118547
0.7419045651767238
0.7416479438508101
0.7416571170780888
0.7417814407875232
0.7416951380268826
0.7418422752022356
0.7422351422261402
0.7426263676808909
0.7429150827594295
0.7428241522587044
0.7428108185672737
0.742702843600119
0.742504937220952
0.7424733934993704
0.7426176860129672
0.7427214304098848
0.7428965688443975
0.7429119935759831
0.7430586747146557
0.7429688084319473
0.7430371499420276
0.7430886671293593
0.7430458253387036
0.7430432080393069
0.743135146128187
0.743267906929314
0.7435138563026886
0.7439696443245756
0.7441854207662059
0.7442756651407367
0.744188109095445
0.7442143471250724
0.7439957588319461
0.7439108126480969
0.7439872186364156
0.7442547397721319
0.7446085202694851
0.7446198684288012
0.744491886664082
0.7444535058509563
0.7445339756801862
0.7448051610218591
0.7449354444952117
0.7447090376351707
0.7445619621486494
0.7446811182901271
0.7449425959469994
0.7452231519597388
0.7454797444390981
0.7458972750116306
0.7461514725780964
0.746413813625495
0.7467951834071421
0.7467288449038925
0.7468380310546652
0.746822367791908
0.7467812075853391
0.7466960991431877
0.7467052130204952
0.746895869073262
0.747027808525945
0.7470808950818444
0.747165129531437
0.7471734972183373
0.7470545895383849
