0.4273562032036892
0.31620600833646567
0.2368686011866649
0.17570330842713097
0.11248144535705067
0.07477655659467736
0.05174259052305599
0.03455601259065507
0.022190617583548553
0.013872078272507577
0.00886705718966669
0.006352097495617988
0.005409737297034211
0.005174258109086002
0.005021176022629231
0.004647352961058392
0.004017803807769346
0.003252781342886388
0.0025184899472831747
0.0019489759809103297
0.0016058575565986559
0.0014732939115973545
0.0014798684612229412
0.0015342599421309287
0.0015596695403561481
0.001515317950087423
0.001400690755331697
0.0012454330330204063
0.0010917364194184171
0.0009764871437846885
0.0009187335302039559
0.0009154458046752422
0.000945701599628832
0.0009807544686628018
0.0009956047543717716
0.0009774854616592216
0.0009283483064323611
0.0008612327522863434
0.0007929339928238353
0.000736525601247366
0.0006967610846431879
0.0006696890641191872
0.0006458693202951223
0.0006152375667322364
0.0005714160261757065
0.0005139936943514631
0.00044841011958466004
0.0003839310883619285
0.00033056220529208624
0.0002957956719314845
0.0002820798433493913
0.00028583707448723945
0.000298531079127041
0.00030960637220695707
0.00031030287144396645
0.0002968239714607672
0.00027147976582452693
0.00024127292317046122
0.00021456021013852155
0.00019730931363086282
0.00019062648223665374
0.00019060733053749662
0.00019049380304297196
0.00018409434390607226
0.00016886621071484978
0.00014720349256489224
0.00012529411976790392
0.00011007520805796297
0.00010578018940858018
0.00011181675669865527
0.00012306106317685044
0.00013240611345962262
0.00013422213419952552
0.00012692956551147726
0.00011340911033742305
9.916869327672006e-05
8.936426124111375e-05
8.628611826916298e-05
8.854894258331693e-05
9.22383310108886e-05
9.323976349264314e-05
8.943914311516453e-05
8.1667521083136e-05
7.301054375489519e-05
6.698540964979343e-05
6.563805645556608e-05
6.856917660634527e-05
7.332574489090692e-05
7.683578401665045e-05
7.703712052716155e-05
7.382228888583599e-05
6.886739687955903e-05
6.454987725033492e-05
6.26246968961864e-05
6.33862060642042e-05
6.570518314993422e-05
6.78219241297593e-05
6.838666967520826e-05
6.716201581521836e-05
6.504509646714113e-05
6.346804388772814e-05
6.356470812776602e-05
6.558035701548536e-05
6.882287851072941e-05
7.212876235133904e-05
7.453590032681198e-05
7.577059278881715e-05
7.629908699238736e-05
7.696394192624707e-05
7.845735430494451e-05
8.094844320380083e-05
8.405886296467543e-05
8.716053924512015e-05
8.978729983736215e-05
9.190859469692915e-05
9.391868187010743e-05
9.637332071436891e-05
9.964887021520082e-05
0.00010372742899604919
0.00010822029944408352
0.00011259417770373664
0.00011645110578511949
0.00011969773271155129
0.0001225220009193844
0.00012521755046954446
0.00012798080749634093
0.00013080575120495125
0.0001335257513884695
0.00013595490459909074
0.00013802470220669288
0.0001398262593601521
0.0001415376031856962
0.000143291226398156
0.00014507130208463607
0.0001467047998424852
0.00014794716936019348
0.00014860465828593327
0.0001486182205733709
0.00014806519778138446
0.00014708987715869378
0.00014581536327320873
0.00014429241119451983
0.00014250869045759744
0.00014043952002244412
0.00013809707973445312
0.00013554265021865043
0.00013285659890028968
0.00013009095361878306
0.00012723948831239287
0.00012424574483216541
0.0001210425409586447
0.00011759637711038875
0.00011392937749208547
0.0001101084357053571
0.00010621292025366723
0.0001023039039169123
9.841309309431985e-05
9.455375119483065e-05
9.074092625115209e-05
8.700407600786348e-05
8.338314299730071e-05
7.991229608058173e-05
7.66042584299801e-05
7.34468728849372e-05
7.041423708068276e-05
6.748461605740398e-05
6.465345268715731e-05
6.193417371763294e-05
5.934826835155647e-05
5.691282578371357e-05
5.463402975867762e-05
5.250960291846576e-05
5.053641741977586e-05
4.871634282521699e-05
4.705567370300447e-05
4.555891975156657e-05
4.42220840849986e-05
4.303075213646374e-05
4.196458883743324e-05
4.100522035439956e-05
4.014235231431435e-05
3.937463596491746e-05
3.870568594875743e-05
3.813877962556063e-05
3.7673995635188474e-05
3.730907608351072e-05
3.704226691251032e-05
3.6874118582151415e-05
3.6806466904497086e-05
3.683934862599564e-05
3.6968360007564554e-05
3.718464409183323e-05
3.747769126607837e-05
3.783909823646642e-05
3.826488265773113e-05
3.875516555005002e-05
3.9311936760538954e-05
3.9936736415898e-05
4.0629703161160456e-05
4.139006250002852e-05
