1.3436010687173596
1.3229380761692366
1.3155306633648143
1.3075721227575376
1.2990767821743252
1.2902639902848916
1.280836816664679
1.2711212679366317
1.2610598048824089
1.250689208133817
1.2398445299808474
1.2286751030932037
1.2172324596698332
1.2054998402415928
1.1935007851402546
1.1812597509143505
1.168766596017804
1.1560432280363668
1.1431128616777637
1.1300021206311013
1.1167685803850436
1.1033801448251828
1.089838821152082
1.0757004708419802
1.0613415420744718
1.0466679839695314
1.0317109270735438
1.0164820124972376
1.0009949367860254
0.9852635263931709
0.9692782759299684
0.9531325969819847
0.9366867165305748
0.9200987521638418
0.9019728703602853
0.8833399977506404
0.8644882308229122
0.8456204832639005
0.8267300328406786
0.8079614204557204
0.7891322789602587
0.7702013281822407
0.751060065044625
0.7318227226297317
0.7124064598533308
0.692844051585171
0.6730477920194782
0.6526004886315414
0.6317921095321191
0.6106537809074519
0.589238810797047
0.567594462566664
0.5458071373704748
0.5239163401397107
0.5019708917838623
0.47939687814676923
0.4568621857602028
0.43445276084229584
0.4122621831291429
0.39039052249981937
0.36902873543282316
0.34825864647977955
0.3276714131492668
0.3078268463580084
0.28903461894033644
0.2707735741768832
0.2535031550633605
0.23727459030844542
0.2220570329555265
0.20797224014102758
0.19463398978944063
0.18239394982266563
0.17123136322617144
0.16091161655854472
0.15157338939797907
0.1427901286481184
0.13469456437838567
0.127354080618644
0.12049726062495154
0.11449263214537717
0.10930532170125756
0.1045817963051488
0.10058252744577603
0.09725271986112781
0.0945371973584544
0.09196495115737588
0.0899394111766178
0.0884075775546591
0.08732327692063813
0.0863425353139475
0.08577344803243114
0.0855994735802913
0.08561396257146976
0.08608229700580707
0.08710402923676991
0.08510697646935837
0.08345454892732504
0.08228491347406734
0.08136384344749664
0.08090195603045171
0.08084456328355547
0.08114168876366117
0.08144937605332982
0.08208493667552996
0.08303092558307752
0.08428850708783633
0.08282470030658572
0.08142946389301677
0.0804395958726256
0.079834477098467
0.0795853262374786
0.07966099013696978
0.0796472935324597
0.07991572336827325
0.08044654968651005
0.08122781140926551
0.08222883185322864
0.08097448810669647
0.08009925659246359
0.07958049459708372
0.07939154761988466
0.07950313294569814
0.07947985562141595
0.07973712530283951
0.08024621051645252
0.08098071811605047
0.08191709625987185
0.08303661954492929
0.08203449530602382
0.08134126158982806
0.08093421283398862
0.08078782711291162
0.08087832282419681
0.08118367782865998
0.08131904151688005
0.08167960267263483
0.08224846973274437
0.0830116115482636
0.08250102217169879
0.08193928082788192
0.0816615899388837
0.08164956938030278
0.08188581880768553
0.08235375704503772
0.08277350538432258
0.08343145272810372
0.08429673261915235
0.08409129220827359
0.08382079776391345
0.08370343109562528
0.08371890295210457
0.08388684570693895
0.08392508915451896
0.08414682442095077
0.0845479710381153
0.08512145358776371
0.08452685824425049
0.08421919559353605
0.08415216941006982
0.08410114540701932
0.08428832519320556
0.0847014877175462
0.08514058507469342
0.08584038533074996
0.08678165028368878
0.08668774867274134
0.0869637287143882
0.08762158926702103
0.08864414474998605
0.0894956385632627
0.08979725301806762
0.08983797209427602
0.08998066638505478
0.09029513512275228
0.08941279579182879
0.08883337725351363
0.08849196220800007
0.08840746137872132
0.0885630355098418
0.08894520755745863
0.0891168821235369
0.08955194023871096
0.09022137153000381
0.09113223246570967
0.09126809975647715
0.0917814479402356
0.09271638540661595
0.09416407120762608
0.09631873773350605
0.0992248648697095
0.09478364911186643
0.09075451540852654
0.08860933320251829
0.08806966664345728
0.08882213120550676
0.08961257440430284
0.09146222949507843
0.09436084340209837
0.09839143217023043
0.0943677824566923
