0.5986353126274838
0.24462740693200102
0.24156555134563398
0.23894218707196635
0.2366571334982465
0.2346621102157016
0.2329312472296445
0.23144593152257786
0.23018964447596546
0.22914599289882998
0.22829791533862673
0.2276274020774267
0.22711547941638408
0.22674234867751664
0.22648762178508663
0.22633061689540013
0.226250691102609
0.22622760099807557
0.2262418970963782
0.22627537121948657
0.2263115790028601
0.22633644245813223
0.22633889318216757
0.22631145307619568
0.22625059717278131
0.22615674607793834
0.22603381578333684
0.2258883805456874
0.22572861300567326
0.2255632026415919
0.22540041779431844
0.22524740457280143
0.22510974673903303
0.22499126376923972
0.22489400111962712
0.22481836054209128
0.22476332180682745
0.22472671534804356
0.22470551521816384
0.22469613152811183
0.22469468993175512
0.22469729163680094
0.22470025034279298
0.2247003025969575
0.22469478622339392
0.22468177908161327
0.22466018887890385
0.22462978524493515
0.2245911683684638
0.22454567404913048
0.2244952221027737
0.2244421221477598
0.224388856206415
0.22433785999903946
0.22429132383991543
0.22425103013311717
0.22421823872345037
0.2241936250907359
0.22417727067966067
0.224168700201378
0.22416695775223464
0.2241707119629707
0.22417837983307964
0.22418825908982898
0.2241986595560372
0.22420802492435007
0.22421503743156448
0.2242186992059194
0.2242183855778428
0.22421386746057048
0.2242053020357463
0.22419319334789353
0.22417832684353
0.22416168412186624
0.22414434589492585
0.2241273921212067
0.22411180831660515
0.22409840614051915
0.22408776463099642
0.2240801961608502
0.22407573860680344
0.22407417266952148
0.22407506101690697
0.22407780414293485
0.22408170666162733
0.22408604724177153
0.22409014552317777
0.22409342008062103
0.22409543271816168
0.2240959159534185
0.22409478233311922
0.22409211603694304
0.22408814890224038
0.22408322437676298
0.22407775385066242
0.22407217025199136
0.22406688369139136
0.2240622433542807
0.2240585088609285
0.22405583308387064
0.22405425708358195
0.22405371654845144
0.2240540580327379
0.22405506247031523
0.22405647295634878
0.22405802364738406
0.22405946681130526
0.22406059551290095
0.22406126007915717
0.22406137727001632
0.2240609319002809
0.22405997143484882
0.2240585947404996
0.22405693666644844
0.2240551504065034
0.22405338965455257
0.22405179241252704
0.22405046797766484
0.2240494881724554
0.2240488833451526
0.2240486431233977
0.22404872140646223
0.22404904468107859
0.22404952247564736
0.22405005864519553
0.22405056220540576
0.22405095659353066
0.22405118649962671
0.22405122174686995
0.2240510580637225
0.2240507149422033
0.2240502310784689
0.22404965811520652
0.22404905353144886
0.22404847354783097
0.2240479668395059
0.22404756969094397
0.22404730301074105
0.22404717137907468
0.22404716405545577
0.2240472576574306
0.22404742005423237
0.22404761491808692
0.22404780634655333
0.22404796300996932
0.22404806137897734
0.22404808773220544
0.22404803881333538
0.22404792117833464
0.2240477494269586
0.22404754363060694
0.22404732633951574
0.22404711957084966
0.22404694214716844
0.2240468076797835
0.2240467233863588
0.2240466898122571
0.22404670140679195
0.22404674780346548
0.22404681557892125
0.22404689022577795
0.22404695807171673
0.22404700790839346
0.2240470321519903
0.22404702743280436
0.22404699459305757
0.22404693814917753
0.22404686533775156
0.22404678490644073
0.22404670582882105
0.2240466361153246
0.2240465818642161
0.22404654665238377
0.22404653131272087
0.22404653409060593
0.2240465511235558
0.22404657715123114
0.2240466063413992
0.22404663311264997
0.2240466528458217
0.22404666240041415
0.22404666038546892
0.2240466471714053
0.22404662466492345
0.22404659589874984
0.22404656450824176
0.2240465341757666
0.22404650812103621
0.22404648870251542
0.22404647717423098
0.22404647361721095
0.224046477039171
0.224046485613462
0.22404649701158785
0.22404650877461965
0.224046518668198
0.2240465249729466
0.22404652667539127
0.22404652354152632
0.2240465160732933
