0.9998849303841516
0.999861146593795
0.99983193743085
0.9997963137566847
0.9997532279315838
0.9997018151036364
0.9996411001335525
0.9995699157842012
0.9994870647609364
0.9993908201315564
0.9992800841736401
0.9991527200180845
0.9990077171896482
0.9988433159485467
0.9986578550850627
0.9984488946343603
0.998214836371867
0.9979526320030129
0.9976599058946561
0.9973339090966484
0.9969717817421002
0.9965719839427294
0.996128590218852
0.9956397083835697
0.9951018716865837
0.994512267228844
0.9938647834390865
0.993155262542767
0.9923824109978238
0.9915439195463822
0.9906350891755076
0.989658146707661
0.9886008632097861
0.9874628467342544
0.9862337617889128
0.9849028553985854
0.983479691465715
0.9819480022322066
0.9803050045579607
0.9785443246663951
0.9766588934194884
0.9746565259587595
0.9725312233117136
0.9702820171835116
0.9679088914236689
0.9654249989479841
0.9628207363009461
0.9600894069203763
0.9572025611292754
0.9541824549616933
0.9510222522814274
0.9477068968021737
0.9442610283024085
0.9406776545723639
0.9369619640331899
0.9331150385202626
0.9291703124579961
0.9251047552824394
0.9209040805972785
0.9165916131290524
0.9122080992869599
0.9076966818290356
0.9031375072236993
0.898520606743528
0.8938150556988477
0.8890408771546664
0.8842302722314728
0.8793716189590896
0.8744317762703371
0.8694718796969597
0.8644921437805075
0.8595661174057535
0.8546037166931706
0.8496384737615359
0.8446825459735864
0.8396943271813573
0.8347190081028675
0.8298274543647528
0.8249343470989716
0.8201524581830822
0.8153953220433193
0.810693087949391
0.8060832894497132
0.801552608704182
0.797091420821669
0.7926601906596562
0.7883167755196641
0.7840453398624166
0.7798389482735862
0.7757394225699058
0.7717043475892756
0.7677461176120516
0.7638730577304199
0.7600376064034966
0.7562947282159205
0.7526537946777823
0.7491810316986788
0.745769376845046
0.7425240606065726
0.7393592054120781
0.7362111441653698
0.7331643102252228
0.7302743365139375
0.7275199743292904
0.7248166837868029
0.7222637740948907
0.7197971379541126
0.7174321783457103
0.7152458370129852
0.7131210700345949
0.7111223224209977
0.7091201569035389
0.7070545995069062
0.7049888275294058
0.7029544746026954
0.7011178627305235
0.6994253762065227
0.6978989979739697
0.6962852079707704
0.6947604830609286
0.6932867815095842
0.6919183635388915
0.6907019952453691
0.6894885920344296
0.6882795967285137
0.6871166928027794
0.6860836702855788
0.6850778467383765
0.6840680478641419
0.6830995866210006
0.6821956416824104
0.6813027042092754
0.6804245937410014
0.6796184480092261
0.678844475961744
0.6781586745362458
0.6774893246400258
0.6769246334926733
0.676485205746535
0.6760715543832172
0.675639068886111
0.675175649607267
0.6747146515587894
0.6742541498094468
0.6738086219059978
0.6733946588304305
0.6730312571932902
0.6727121606946558
0.6723963782297329
0.6721101536165452
0.6717639548548693
0.6714524377100444
0.6712909243075477
0.6711076633376705
0.670988603703863
0.6709065664158214
0.6707987930850768
0.6708777768036356
0.6708957954898431
0.6709763787099459
0.6708534166963276
0.6707265533540843
0.6706848901515636
0.6707111146072678
0.6707709283551646
0.6707947609733313
0.6708600740390063
0.6709498246207729
0.6710208896950606
0.6711281532526583
0.6712427214311992
0.6713647536244832
0.6715068298148551
0.6715927506171244
0.6717064371508357
0.6719268339942118
0.6721687341296422
0.6723442758156466
0.6724793066097849
0.6725243378412415
0.6725504608848546
0.6726485349508264
0.6728120177209351
0.6729397608819809
0.673012690671098
0.6731412935257378
0.6732684615133377
0.673408723890301
0.673607168093252
0.6737899664476448
0.6740089200011512
0.6742037899821791
0.6744323401872941
0.6745970721503978
0.6747518796677158
0.6748628894959193
0.674986099965156
0.6751110198989947
0.6751817551874011
0.6753032648197661
