1.5196179690782199
0.08365634541333844
0.07835194574846736
0.07179272891523457
0.06498626535104311
0.0582747072064121
0.051817963277537904
0.045702085667127655
0.03997605306342276
0.03466733254994176
0.02978950113516762
0.02534641328106198
0.021334696032319564
0.017745366073154988
0.014564955703878606
0.01177635068276608
0.009359453701698882
0.0072917413710679
0.005548757339093051
0.004104568954276664
0.002932204577158669
0.002004080853806109
0.0012924229774772579
0.000769675893100797
0.0004089005558963348
0.00018414683395781494
7.07934964170524e-05
4.5845908597775826e-05
8.818340361748701e-05
0.00017875054679726923
0.00030068929916916577
0.00043941201869878793
0.0005826179241075584
0.0007202577726726397
0.0008444528842426574
0.0009493752491841588
0.0010310954083958223
0.0010874043195642938
0.0011176148037228874
0.0011223476566128209
0.001103307287069705
0.0010630518709881856
0.0010047634232640515
0.0009320237282681274
0.0008486025081149885
0.0007582643165991578
0.0006646002424609798
0.0005708894986498606
0.0004799943924453758
0.0003942901602235411
0.0003156289472230556
0.00024533509889029955
0.00018422717782924308
0.00013266093808247343
9.05869857182711e-05
5.761702597257836e-05
3.309333086872913e-05
1.6157168500176788e-05
5.81319168325859e-06
9.879746922319115e-07
5.818462411248518e-07
3.5138033020728796e-06
8.759594962974907e-06
1.538310227455857e-05
2.2561021092083863e-05
2.96007082078825e-05
3.595098779861961e-05
4.12058047492366e-05
4.5100868680290235e-05
4.750381954955629e-05
4.83988858170773e-05
4.786740603664129e-05
4.6065858670710226e-05
4.320313525708392e-05
3.9518681231765283e-05
3.526284089137216e-05
3.0680335700099864e-05
2.5997353966283156e-05
2.141231033479576e-05
1.7090004820738925e-05
1.3158705609688778e-05
9.709599870785653e-06
6.7980788267932585e-06
4.446407619836082e-06
2.647433458660418e-06
1.3690708604055692e-06
5.593493929256089e-07
1.5181395578438057e-07
7.104259702453045e-08
2.3801375606640023e-07
5.750366900338421e-07
1.0099729013313186e-06
1.4795293102412638e-06
1.9314906151352834e-06
2.3258641178851602e-06
2.6350157389082517e-06
2.8429621358391285e-06
2.9440373714989895e-06
2.9411683713634293e-06
2.843975049595523e-06
2.666868737648338e-06
2.427269916019993e-06
2.144016115159165e-06
1.8359923868497153e-06
1.5209937764559415e-06
1.2148203121675224e-06
9.306050036039096e-07
6.783776439057412e-07
4.64866216206375e-07
2.935304128689968e-07
1.648084008575394e-07
7.654145558300887e-08
2.4525826430002266e-08
3.1314318647942956e-09
5.9254431235685056e-09
2.6245975526456918e-08
5.768519441355059e-08
9.445883015262601e-08
1.3165656597571913e-07
1.653817892870625e-07
1.927979228788143e-07
2.1210175718327542e-07
2.224430683046884e-07
2.2380630367130204e-07
2.168662812110095e-07
2.0282714904722167e-07
1.832528618831339e-07
1.5989782996220172e-07
1.345472787460338e-07
1.0887716888425522e-07
8.43424925020015e-08
6.210015563258857e-08
4.296884011744479e-08
2.742399957197682e-08
1.5622406592537497e-08
7.448187134139329e-09
2.571423070146156e-09
5.110921746499969e-10
6.95891554122846e-10
2.5187158563890455e-09
5.382625516677984e-09
8.737634856973682e-09
1.2108447938131783e-08
1.5113500775418133e-08
1.747561359409525e-08
1.9024515609485016e-08
1.9691678811151892e-08
1.949833016284856e-08
1.853809739893591e-08
1.6956288428663998e-08
1.4928113008834053e-08
1.2638107180357925e-08
1.0262610063306472e-08
7.956472444470264e-09
5.844417066601519e-09
4.0167972977659535e-09
2.5290403954973e-09
1.4038600823757813e-09
6.353465542253921e-10
1.9420247931377724e-10
3.358900877025231e-11
9.519719706582924e-11
3.152332248876662e-10
6.300125493436971e-10
9.808413608863126e-10
1.3178725177089814e-09
1.6026901105168122e-09
1.8095057091817792e-09
1.9250156266165275e-09
1.947131148713417e-09
1.882911822375985e-09
1.7460798570692005e-09
1.55446843142395e-09
1.3276763276511951e-09
1.085096339398982e-09
8.443863620496423e-10
6.203814453949855e-10
4.244092304322925e-10
2.639634429174246e-10
1.4269603601063896e-10
6.069342065159207e-11
1.4997029843740242e-11
3.126474523563416e-13
9.833003435212578e-12
3.60836792026914e-11
7.170132233989075e-11
1.1006842679672484e-10
1.457573917561626e-10
1.7477071643063256e-10
1.9459521662290622e-10
2.0410920919811793e-10
2.0338988417361998e-10
1.9346508542638473e-10
1.7604396510780979e-10
1.5324978279521539e-10
1.2736953210303153e-10
1.006306814016127e-10
7.501425649955052e-11
5.211346605223076e-11
3.3045712206567334e-11
