0.7724888753037834
0.7630203404678176
0.7503662237371279
0.7372438472457992
0.7236774801303674
0.7096901219581857
0.6952998894618514
0.680522804126876
0.6653745262719344
0.649871328598848
0.6340306656612118
0.6178715231481378
0.601414636888945
0.5846826263665594
0.5677000656583671
0.5504935038130154
0.5330914411210774
0.5155242649376617
0.49782414739969905
0.48002490690527166
0.46216183524081644
0.4442714925561263
0.4263914728741004
0.4085601433988988
0.39081636149083077
0.37319917375950273
0.3557475022469865
0.3384998230951165
0.32149384338648135
0.30476618199476013
0.2883520602618205
0.27228500812911083
0.2565965909909983
0.24131616201772843
0.22647064403407813
0.21208434426227207
0.19817880437591118
0.18477268740148534
0.17188170208311648
0.15951856443177492
0.14769299534706415
0.13641175245747572
0.12567869369725282
0.1154948696404473
0.10585864125331723
0.09676581950445173
0.08820982318084625
0.08018185128378175
0.07267106650312061
0.06566478647158303
0.0591486797601396
0.053106963870587
0.0475226027924206
0.04237750200213697
0.03765269908102986
0.03332854840375454
0.02938489859879978
0.02580126170171726
0.022556973113176837
0.01963134163925917
0.017003789035098582
0.014653978599501016
0.01256193248224624
0.010708137471542312
0.009073639130091293
0.007640124246552471
0.006389991666532313
0.005306411663712041
0.004373374106910521
0.0035757257716428903
0.0028991972333601845
0.002330419862237143
0.001856933514220116
0.0014671855783393584
0.0011505220944801886
0.0008971716980049615
0.0006982231770068514
0.00054559744443472
0.0004320147310714617
0.0003509577969755817
0.0002966319394368533
0.00026392254579832297
0.00024835090132924176
0.00024602891671854366
0.00025361338854301696
0.00026826035058624687
0.00028758001559703317
0.00030959274728514785
0.0003326864423329745
0.00035557564296118116
0.0003772626430676995
0.00039700079595761384
0.0004142601798192702
0.00042869572878478923
0.00044011789316744654
0.0004484658523118412
0.00045378326780287637
0.00045619653332285015
0.00045589545044188995
0.00045311623679589186
0.0004481267543273715
0.00044121383037742934
0.00043267253310619314
0.00042279725476401797
0.0004118744514363115
0.00040017688571092336
0.00038795921904599684
0.00037545480300504863
0.0003628735228349278
0.00035040055268964476
0.00033819588890049435
0.0003263945357830922
0.0003151072273787081
0.00030442157789678514
0.00029440356336107865
0.00028509924681097143
0.0002765366692308868
0.00026872783803222333
0.0002616707542134611
0.0002553514282972458
0.00024974584349324314
0.0002448218324967444
0.00024054084146030164
0.00023685956139607445
0.00023373141310667478
0.00023110787708369163
0.00022893966432591117
0.00022717772811609027
0.000225774119965938
0.0002246826958255399
0.00022385968076532592
0.00022326410202733182
0.00022285810160538322
0.00022260714024524564
0.0002224801052436165
0.00022244933452275628
0.00022249056925127686
0.00022258284695453323
0.00022270834641779924
0.0002228521949794171
0.0002230022479895455
0.00022314884925478395
0.00022328458037124133
0.00022340400584486275
0.00022350341993837564
0.0002235806001954499
0.00022363457176144408
0.0002236653856672044
0.00022367391350897048
0.0002236616602259156
0.00022363059599872503
0.00022358300775671136
0.00022352137025227758
0.00022344823627307164
0.00022336614519591347
0.0002232775488231198
0.00022318475325056042
0.0002230898753105004
0.00022299481212029182
0.00022290122215740116
0.00022281051628991744
0.00022272385725974342
0.00022264216611489474
0.00022256613422788618
0.00022249623959291753
0.00022243276624822617
0.00022237582575623804
0.0002223253798380176
0.00022228126334933318
0.00022224320694397282
0.00022221085887119685
0.00022218380547744943
0.00022216159007981684
0.0002221437299892992
0.00022212973153490356
0.00022211910301939142
0.00022211136560124078
0.00022210606216932494
0.00022210276428202835
0.0002221010773083565
0.00022210064393901607
0.0002221011462286704
0.00022210230633523675
0.00022210388618404409
0.00022210568619795978
0.00022210754329921034
0.0002221093283454323
0.00022211094314872337
0.00022211231723356928
0.00022211340444400207
0.00022211417952344714
0.00022211463474874904
0.00022211477670819324
0.00022211462326515719
0.0002221142007714505
0.00022211354155110552
0.00022211268167504628
0.0002221116590441774
0.00022211051176501684
0.00022210927682675408
0.00022210798904931384
0.0002221066802959859
0.00022210537891032
0.0002221041093810605
0.00022210289217106105
0.00022210174370485003
0.00022210067649908183
0.00022209969936992646
0.00022209881773838092
0.0002220980339849854
0.00022209734783074087
0.00022209675674689233
0.00022209625636315788
0.00022209584085997047
0.0002220955033497285
0.0002220952362183004
0.00022209503144576814
0.00022209488087232554
0.00022209477644341558
0.00022209471039813522
0.00022209467542577688
0.000222094664788397
0.0002220946723991979
0.00022209469287348682
0.00022209472155820809
0.000222094754522284
0.00022209478854129383
0.00022209482105939315
0.0002220948501387987
0.00022209487439905917
0.0002220948929543276
0.00022209490534652598
0.00022209491147373583
0.00022209491152214156
0.00022209490591329484
0.0002220948952317281
0.00022209488017299606
0.0002220948615091478
0.00022209484003365976
0.0002220948165331249
0.00022209479175983038
0.00022209476640944192
0.0002220947411054608
0.00022209471639034195
0.00022209469271550208
0.0002220946704464266
0.0002220946498577847
0.00022209463114164496
0.0002220946144121383
0.00022209459971389567
0.00022209458703537077
0.00022209457630995022
0.00022209456743160771
0.00022209456026445196
0.00022209455464583527
0.0002220945504051164
0.00022209454735844236
0.00022209454532617912
0.00022209454413157914
0.00022209454360488934
0.000222094543593232
0.00022209454395649697
0.00022209454457122746
0.00022209454532984285
0.00022209454614585677
0.00022209454694677166
0.00022209454767807557
0.00022209454829835718
0.00022209454878263646
0.00022209454911459314
0.00022209454928878714
0.00022209454930910422
0.00022209454918387106
0.00022209454892896385
0.00022209454856214617
0.00022209454810317997
0.00022209454757227132
0.00022209454699095854
0.0002220945463778934
0.00022209454575250476
0.00022209454513133497
0.00022209454452848387
0.0002220945439551647
0.0002220945434204813
0.00022209454293109498
0.00022209454249200178
0.00022209454210553314
0.000222094541771356
0.00022209454148913732
0.00022209454125643457
0.0002220945410703612
0.00022209454092614322
0.0002220945408190067
0.00022209454074406665
0.000222094540695994
0.00022209454067045886
0.0002220945406622432
0.00022209454066846046
0.00022209454068189416
0.00022209454070365453
0.0002220945407268582
0.00022209454074972879
0.00022209454077337654
0.00022209454079247237
0.0002220945408090147
0.00022209454082011693
0.00022209454082711133
0.0002220945408294428
0.00022209454082611213
0.0002220945408194508
0.00022209454080990287
0.00022209454079735735
0.00022209454078181423
0.00022209454076493884
0.0002220945407468422
0.0002220945407284125
0.00022209454071031587
0.0002220945406925523
0.00022209454067445566
0.0002220945406596897
0.00022209454064603396
0.00022209454063315537
0.0002220945406218311
0.0002220945406133934
0.0002220945406053998
0.00022209454059829437
0.00022209454059407552
0.0002220945405895236
0.000222094540586526
0.00022209454058563782
0.00022209454058430556
0.00022209454058363942
0.0002220945405845276
0.00022209454058585987
0.00022209454058685907
0.0002220945405869701
0.00022209454058719214
0.0002220945405885244
0.0002220945405889685
0.0002220945405895236
0.00022209454059007872
0.0002220945405899677
0.00022209454058963463
0.0002220945405895236
0.00022209454059007872
0.00022209454058963463
0.0002220945405889685
0.00022209454058730316
0.00022209454058763622
0.00022209454058630396
0.0002220945405860819
0.00022209454058563782
0.00022209454058474964
0.00022209454058430556
0.00022209454058386147
0.00022209454058341738
0.0002220945405829733
0.00022209454058241818
0.00022209454058275124
0.00022209454058186306
0.00022209454058164102
0.0002220945405825292
0.0002220945405825292
0.0002220945405819741
0.0002220945405819741
0.00022209454058241818
0.00022209454058241818
0.00022209454058230715
0.0002220945405820851
0.00022209454058275124
0.00022209454058230715
0.0002220945405820851
0.00022209454058241818
0.00022209454058230715
0.0002220945405825292
0.0002220945405819741
0.00022209454058241818
0.0002220945405825292
0.00022209454058286227
0.0002220945405825292
0.0002220945405829733
0.00022209454058186306
0.00022209454058275124
0.00022209454058275124
0.0002220945405825292
0.0002220945405820851
0.0002220945405825292
0.00022209454058141898
0.00022209454058241818
0.0002220945405819741
0.0002220945405825292
0.00022209454058230715
0.0002220945405819741
0.0002220945405825292
0.00022209454058230715
0.0002220945405820851
0.00022209454058186306
0.00022209454058230715
0.0002220945405825292
0.0002220945405820851
0.00022209454058241818
0.0002220945405819741
0.00022209454058286227
0.00022209454058230715
0.0002220945405820851
0.00022209454058186306
0.00022209454058241818
0.00022209454058141898
0.00022209454058275124
0.00022209454058275124
0.00022209454058153
0.00022209454058230715
0.0002220945405819741
0.00022209454058286227
0.00022209454058141898
0.0002220945405819741
0.00022209454058164102
0.00022209454058164102
0.0002220945405820851
0.0002220945405825292
0.00022209454058275124
0.00022209454058164102
0.0002220945405820851
0.0002220945405819741
0.0002220945405820851
0.00022209454058186306
0.00022209454058164102
0.00022209454058241818
0.00022209454058153
0.0002220945405820851
0.0002220945405820851
0.0002220945405819741
0.00022209454058141898
0.00022209454058164102
0.0002220945405819741
0.00022209454058141898
0.0002220945405819741
0.00022209454058230715
0.0002220945405819741
0.00022209454058186306
0.0002220945405819741
0.00022209454058241818
0.0002220945405820851
0.00022209454058230715
0.00022209454058230715
0.0002220945405825292
0.00022209454058186306
0.0002220945405829733
0.0002220945405820851
0.00022209454058164102
0.00022209454058164102
0.00022209454058186306
0.00022209454058186306
0.00022209454058275124
0.0002220945405820851
0.0002220945405819741
0.00022209454058275124
0.00022209454058241818
0.00022209454058241818
0.00022209454058153
0.00022209454058241818
0.00022209454058186306
0.00022209454058164102
0.00022209454058186306
0.00022209454058230715
0.0002220945405820851
0.00022209454058230715
0.00022209454058119693
0.00022209454058241818
0.0002220945405825292
0.00022209454058241818
0.00022209454058153
0.0002220945405819741
0.0002220945405819741
0.0002220945405820851
0.00022209454058186306
0.0002220945405829733
0.0002220945405820851
0.00022209454058164102
0.00022209454058230715
0.00022209454058241818
0.00022209454058230715
0.00022209454058275124
0.00022209454058186306
0.0002220945405819741
0.0002220945405829733
0.0002220945405819741
0.00022209454058164102
0.00022209454058153
0.0002220945405820851
0.00022209454058153
0.0002220945405820851
0.00022209454058186306
0.0002220945405820851
0.0002220945405825292
0.00022209454058186306
0.00022209454058241818
0.0002220945405820851
0.00022209454058230715
0.0002220945405820851
