0.8746094397606334
0.8243126682225531
0.8192302912746766
0.8136051053353218
0.8076886124940054
0.8015783806360636
0.795324028072093
0.7889552601750935
0.7824921107601467
0.7759494139077429
0.7693389941052184
0.7626708273191922
0.7559536931217301
0.7491955583745438
0.742403812370955
0.7355854147601839
0.728746986647297
0.7218948604417661
0.7150350999872982
0.708173502938472
0.7013155965422654
0.6944666346735153
0.687631600266148
0.6808152148859441
0.6740219560650268
0.6672560823150518
0.6605216647793073
0.6538226230806942
0.6471627613484556
0.6405457992861006
0.6339753931770279
0.6274551432677161
0.620988586695249
0.6145791780954563
0.6082302621813862
0.6019450433161814
0.595726556502926
0.5895776428417698
0.5835009310145607
0.5774988251978105
0.5715734991385127
0.5657268959005837
0.5599607328465672
0.5542765115904927
0.548675532806394
0.5431589158116278
0.5377276227163766
0.5323824866287717
0.5271242429498328
0.5219535622370566
0.5168710825453408
0.5118774386827671
0.5069732855745113
0.5021593130263716
0.49743624968715416
0.4928048549119581
0.4882658984173912
0.4838201289106099
0.4794682340557182
0.4752107950343334
0.47104823945868013
0.46698079648965496
0.46300845775074456
0.4591309470944494
0.45534770155104964
0.4516578649303768
0.4480602945987877
0.44455358095859193
0.44113607817656847
0.4378059438289835
0.43456118445640146
0.4313997036486446
0.42831934926699017
0.4253179567572377
0.42239338615192895
0.41954355119489145
0.4167664399188805
0.41406012684784205
0.41142277768769264
0.4088526478593009
0.4063480764974272
0.40390747760276025
0.40152932992461354
0.3992121669140521
0.3969545677690458
0.3947551502400159
0.39261256551524304
0.3905254951929258
0.38849265009383405
0.38651277049069993
0.384584627234377
0.38270702324054867
0.38087879485457765
0.3790988127194138
0.3773659819112199
0.3756792412566602
0.3740375618832409
0.37243994516265455
0.37088542027592947
0.3693730416546844
0.36790188653785866
0.36647105283614895
0.3650796574285111
0.36372683493914215
0.3624117369713134
0.3611335317159834
0.3598914038148059
0.35868455434184077
0.3575122007751943
0.3563735768551602
0.35526793226312836
0.35419453209844876
0.3531526561714371
0.35214159816383844
0.35116066472914853
0.3502091746124576
0.34928645786339424
0.3483918551987617
0.3475247175474014
0.3466844057831218
0.34587029062650454
0.34508175267662017
0.3443181825214936
0.34357898087252103
0.3428635586724767
0.3421713371376886
0.3415017477099674
0.3408542319102899
0.3402282411014365
0.3396232361787706
0.3390386872157967
0.3384740730936748
0.33792888114188296
0.3374026068117699
0.3368947533972254
0.3364048318086758
0.3359323603993918
0.33547686483773087
0.3350378780159024
0.33461493998523395
0.33420759790931437
0.3338154060291438
0.3334379256377299
0.3330747250646391
0.3327253796732359
0.33238947187436424
0.33206659115992276
0.331756334158369
0.33145830471201093
0.33117211397345736
0.3308973805163302
0.33063373045362615
0.33038079755627503
0.33013822336449605
0.32990565728548626
0.3296827566725165
0.32946918688241744
0.3292646213103636
0.32906874140255893
0.3288812366486782
0.3287018045566461
0.3285301506125239
0.3283659882280527
0.3282090386778674
0.3280590310277729
0.32791570205487697
0.3277787961599387
0.32764806527207646
0.3275232687459853
0.32740417325199833
0.32729055265961554
0.32718218791541837
0.32707886691652927
0.3269803843808721
0.3268865417154623
0.32679714688376155
0.32671201427285884
0.3266309645608946
0.32655382458482374
0.3264804272083468
0.3264106111896663
0.32634422104866295
0.32628110693314
0.32622112448389723
0.32616413469857736
0.3261100037943989
0.32605860307004925
0.32600980876712127
0.32596350193151846
0.32591956827525603
0.32587789803903416
0.32583838585588276
0.3258009306161048
0.3257654353336753
0.32573180701421356
0.3256999565246304
0.3256697984645646
0.3256412510397426
0.32561423593743655
0.325588678204211
