1.2639807089267907
1.0996200609211542
1.0908234626935418
1.079941459092153
1.0680188307193115
1.0554405342479392
1.0423974290307823
1.0290013949716628
1.0153258027702576
1.0014228884029277
0.9873322515402378
0.9730854064837767
0.9587083850976571
0.944223301621488
0.9296493286847567
0.9150033190565252
0.9003002002575575
0.8855532138667249
0.8707740458628282
0.855972891277365
0.8411585130059189
0.8263383798957324
0.81151897003024
0.7967062561519508
0.7819062579243566
0.7671254596441148
0.7523709584001227
0.7376503671586404
0.7229715965790728
0.7083426288708502
0.6937713391647464
0.6792653748195735
0.664832084276989
0.650478484473303
0.6362112588249628
0.622036781100722
0.6079611623796745
0.5939903185570343
0.5801300546652325
0.566386159810761
0.5527645030806894
0.5392711175668122
0.5259122619073253
0.5126944750128087
0.49962473996152135
0.4867111106478165
0.4739643242260756
0.4614000188936484
0.44903907542954324
0.4369044545631878
0.42501713556577125
0.4133939788704545
0.4020474188116876
0.3909858921500814
0.3802143811655788
0.3697348904385267
0.3595468384669427
0.34964737591260525
0.3400316372281095
0.33069292590193095
0.32162284152607973
0.3128114037063027
0.3042473502373643
0.29591894900681515
0.2878155152479389
0.27992891573354234
0.2722536648150699
0.26478550384215693
0.2575198531799214
0.2504510371062602
0.24357218133378344
0.23687543047758336
0.23035226455388302
0.22399381357386094
0.21779112058031144
0.21173533380421203
0.20581788426076014
0.2000309112861974
0.19436846261889723
0.18882852737279554
0.18341408560924985
0.17813116636919146
0.17298542918720622
0.16797996527618902
0.16311474113247856
0.15838689894587923
0.15379133942696
0.1493213566271228
0.14496925244027217
0.1407269347954051
0.13658659536515796
0.13254167977421683
0.12858828990712368
0.124726462608548
0.12095994919307297
0.11729405965058709
0.11373309327480542
0.1102788180917141
0.10693011228375716
0.10368328426246927
0.100532686599285
0.09747143776719343
0.09449220596640209
0.09158811661771243
0.08875386747288712
0.08598687040988845
0.08328771700914958
0.08065931353776616
0.07810507620698764
0.07562726551225916
0.07322608532498262
0.07089952382013016
0.06864369406596664
0.06645347464888124
0.06432333599964404
0.062248290487135635
0.06022487661082755
0.058251933428022734
0.056330749201186525
0.054464316408735614
0.05265596626216163
0.05090803195720245
0.04922102421883365
0.04759342257736966
0.04602196222359142
0.04450225204926515
0.043029582217879614
0.04159978898823599
0.04021000543500528
0.03885906765194688
0.037547381673838566
0.036276269769779726
0.035047075277687106
0.033860384947965
0.03271560042080495
0.0316109121013764
0.030543612159573255
0.02951063274580364
0.028509172775417178
0.027537255846278436
0.026594051782914106
0.02567983751183221
0.024795597247095083
0.023942414972754605
0.02312088962080263
0.02233076203474292
0.021570835664579024
0.020839172098237612
0.020133477990874244
0.01945156639920479
0.018791762880522915
0.018153138103037245
0.017535496679544002
0.016939135164257282
0.016364467504389985
0.01581165789356715
0.015280381102459502
0.014769770291179984
0.014278546141450152
0.013805270315156758
0.013348636966175708
0.01290770934966793
0.012482026919839996
0.012071551806938993
0.011676480910549139
0.011296997406592964
0.010933051433955265
0.01058424003219871
0.010249815030664394
0.009928803684331472
0.009620193917946492
0.009323120373823468
0.009036991192552832
0.008761517712613725
0.008496644081681857
0.008242408944184432
0.007998792872341932
0.0077656051028956
0.007542443881383718
0.007328736178228758
0.007123835710544601
0.006927140981417819
0.006738191402744421
0.006556709833884424
0.006382580520458454
0.006215775108936758
0.00605625712429388
0.00590390045502017
0.0057584491030515895
0.005619528358289946
0.0054866988130170945
0.005359530713244447
0.005237671042630597
0.005120880416752838
0.005009029239471752
0.004902057950031106
0.004799918756552401
0.004702521427426097
0.004609702141058308
0.004521224279330541
