1.083535370041183
0.9805462087268361
0.9724445916512193
0.963673791449233
0.9545117238634323
0.9450674132317884
0.9353955292288938
0.9255281565294433
0.9154863872898404
0.9052853553859828
0.8949366988411734
0.8844498715931413
0.8738328875080196
0.8630927621094954
0.8522357825510989
0.8412676726485995
0.8301936856720048
0.8190186353668518
0.807746856307016
0.7963820620902868
0.7849270392281205
0.7733830759954357
0.7617490050495277
0.7500198585175499
0.7381857453377102
0.7262330327943013
0.7141506079410891
0.7019388483928347
0.6896120082697255
0.6771919015630092
0.6647010779917429
0.652159990221362
0.6395868355723866
0.6269981853049188
0.6144095940037543
0.6018360141237276
0.5892920379913722
0.5767920207858839
0.5643501277808145
0.5519803347962353
0.539696400164632
0.5275118196872177
0.5154397718865904
0.5034930583410724
0.49168404235010743
0.4800245882237587
0.4685260028736471
0.45719898096782846
0.4460535546166503
0.43509904833281876
0.42434403982913893
0.4137963270655485
0.4034629018241696
0.39334992997216944
0.3834627384647139
0.37380580904298566
0.3643827784946192
0.35519644526575483
0.3462487821450372
0.3375409546801306
0.3290733449363964
0.3208455801650967
0.31285656591486016
0.3051045230956044
0.2975870284897316
0.29030105820295105
0.2832430335585332
0.27640886896552147
0.26979402133235747
0.26339354064717674
0.2572021213940009
0.2512141545054672
0.24542377955356015
0.23982493684358375
0.23441141901004198
0.22917692163594797
0.2241150923551078
0.21921957787118268
0.2144840683459627
0.2099023386663704
0.20546828618037333
0.20117596458000023
0.19701961369312165
0.1929936850190992
0.1890928629068408
0.18531208133044597
0.18164653627163993
0.17809169377307799
0.1746432937843984
0.17129734998391558
0.16805014582183003
0.16489822709324645
0.16183839140786285
0.1588676749743033
0.15598333715736212
0.15318284329318202
0.15046384625887088
0.1478241672886864
0.14526177650925118
0.1427747736329255
0.14036136920383951
0.13801986673806604
0.1357486460410744
0.13354614792492397
0.13141086048733533
0.12934130705705932
0.12733603585661013
0.1253936113856503
0.12351260748688753
0.12169160202158164
0.11992917305367749
0.1182238964199202
0.1165743445476309
0.11497908637158999
0.11343668819607323
0.11194571534688962
0.11050473446066875
0.10911231626403452
0.10776703870315824
0.10646749029397881
0.10521227357467736
0.1040000085543758
0.10282933606513035
0.10169892093777413
0.10060745493574148
0.09955365939440022
0.09853628752639719
0.09755412636586823
0.0966059983359023
0.09569076243420721
0.09480731504139814
0.09395459036460069
0.0931315605360899
0.0923372353924213
0.09157066196398238
0.09083092370811066
0.09011713952097071
0.08942846256434227
0.0887640789434436
0.08812320627103534
0.08750509215144289
0.08690901261593953
0.08633427053828248
0.08578019405621556
0.0852461350215716
0.08473146749832676
0.08423558632467792
0.08375790575200723
0.08329785817054292
0.08285489292865916
0.08242847525013358
0.0820180852513138
0.08162321705806228
0.08124337802054576
0.08087808802241717
0.08052687887970282
0.0801892938237203
0.07986488706162687
0.07955322340768495
0.07925387797802819
0.07896643594158233
0.07869049231982515
0.07842565182822986
0.07817152875250435
0.0779277468530948
0.07769393929184346
0.07746974857516588
0.07725482650860988
0.07704883415818652
0.07685144181438704
0.07666232895532404
0.07648118420594739
0.07630770529077371
0.07614159897804013
0.07598258101362906
0.07583037604352517
0.0756847175239379
0.07554534761857627
0.07541201708286949
0.07528448513521063
0.0751625193155504
0.07504589533188342
0.07493439689535858
0.07482781554490354
0.0747259504623839
0.07462860827941846
0.07453560287705428
0.07444675517955532
0.07436189294358635
0.0742808505440889
0.07420346875812642
0.07412959454794926
0.07405908084448143
0.07399178633236686
0.07392757523763599
0.07386631711896674
0.07380788666341326
0.07375216348737207
0.07369903194344433
0.07364838093373621
