0.7773927495200282
0.9129382252333595
0.9094474488563973
0.905586722242838
0.9018687788926212
0.8979929467188497
0.8940303626308822
0.8900116421947052
0.8859469081821322
0.8817880367617109
0.8776038725632368
0.8731016562817733
0.8684948988908725
0.8637869764347175
0.8589817047348852
0.854083156711615
0.8490955105408734
0.8440229169193953
0.8388693827828675
0.8336386754382522
0.8283342553116118
0.8229592469261134
0.8175164544253014
0.8118230145310013
0.8059944580331895
0.8000173654344589
0.793873193040985
0.7875339210721101
0.7809531004265129
0.7740502296145214
0.7666970452410103
0.7587471477560301
0.7501323241706204
0.740895290055872
0.7311086241667664
0.7208293202455065
0.7101041541500437
0.698980680631377
0.6875130574874042
0.6757640826370337
0.6638051534901601
0.6517150652326066
0.6395780990214476
0.6274816400871295
0.6155134863583334
0.6037589849435636
0.5922981264645522
0.5812027177222429
0.5705337321216348
0.5603388901402961
0.5506504099382428
0.5414825987362495
0.5328284049953467
0.5246537189291369
0.5168929567585432
0.5094688631631394
0.5023449993830373
0.49552955112309505
0.48903230823721977
0.4828502803619955
0.4769736500483227
0.47139212636624794
0.46609810178598443
0.4610875992711243
0.45636009023071256
0.4519178493797432
0.44776519250938607
0.4439077231063251
0.44035155720248365
0.43710239163938924
0.4341643103369186
0.4315386467623269
0.42922387632985615
0.42721368585949404
0.4254609376770221
0.4237053364760377
0.4216200819254178
0.41948840841983115
0.4175125861578717
0.41573709883077214
0.4141643878208684
0.4127895532107997
0.41160897439357336
0.41061769130723724
0.40979769217872575
0.4091824833103004
0.4088474175716885
0.40888476794254636
0.4094443216172129
0.41078407304489584
0.40666910846606663
0.40336212092635904
0.4010328099421243
0.3996355511497154
0.39906515217820926
0.39921032529235256
0.3999779965446961
0.4013141896221746
0.4032347207181566
0.40589602996672514
0.4020746372720072
0.39921260715045637
0.39765731977083796
0.39738775314051256
0.39821470074992793
0.39997037479512554
0.40257669500565596
0.39958645821196004
0.39769052814815486
0.39682324622021936
0.3968567329738186
0.3976656626683095
0.399160345769092
0.3974914493683561
0.3966734451728092
0.39663302711424564
0.39727299284643713
0.3985039046829226
0.39716956427547023
0.3965467540620059
0.39655406345184885
0.3971108165007756
0.39642166616224694
0.3963334940607026
0.39677469198393467
0.3962306158178426
0.3962010596390595
0.39662046540301854
0.3960778060207688
0.3960327833657572
0.39642570143281963
0.39720282196817214
0.39634004071521145
0.39593883887443404
0.3959504252073527
0.39632608959056803
0.3970210755140581
0.39621721860932313
0.3958641614966112
0.3959160250602286
0.3963273947558892
0.39583570969851967
0.3957235240318022
0.39594735695945416
0.39562590160986
0.39567325319496527
0.39604814491490514
0.3956054608726117
0.3955095077750864
0.39572099220161183
0.3962033704753565
0.39564621510953446
0.3954511527703045
0.3955801115887072
0.3959954947457759
0.3966625515336917
0.3959665615876903
0.3956144500733688
0.39557260631134517
0.39580746766666697
0.3962867549004474
0.3969811508548067
0.3962242134805054
0.3958202716721346
0.39573582903998494
0.39593651809311015
0.3963888321376027
0.39706219999607617
0.3963328137170645
0.39594070198217657
0.39585385276220275
0.3960396845308356
0.396466136159929
0.3971032468972395
0.3963880130076922
0.39600719878293356
0.39592885792362553
0.3961206981858476
0.3965512901749484
0.3971916272159476
0.3964775361847859
0.39608802885438377
0.39599056703236624
0.39615264937508743
0.39654264046874466
0.397130987135895
0.396451227362422
0.39609063832507174
0.39601782311710854
0.3962011801569132
0.39660999141624986
0.39721582652018816
0.39653110453298823
0.39615156063967927
0.396046425775181
0.39618495853863
0.3965370515286255
0.39707424979699524
0.3977709125499338
0.39695993301425425
