0.9999172575831575
0.9999074612563178
0.9998959640659916
0.9998823112474258
0.999866245372144
0.9998474843119991
0.9998256104861358
0.9998003451733889
0.999771346630377
0.999738141054619
0.9997001834825185
0.9996572384211646
0.999608486285447
0.9995532753991024
0.9994913200491731
0.9994217678822747
0.9993441804996395
0.9992577929472461
0.9991618213347212
0.9990555207670025
0.9989379600185252
0.9988076678841263
0.998664230994385
0.9985060168929963
0.9983316013323804
0.9981400528745046
0.9979302082996928
0.9977021351282985
0.997453407257644
0.9971831575010888
0.9968908093738913
0.9965741284033236
0.9962303913403631
0.9958611585432984
0.9954630255837917
0.9950359885362052
0.9945760463349268
0.9940822642649
0.9935541767539524
0.9929878763443146
0.9923865214953533
0.9917463360142993
0.9910703524427801
0.9903587041842086
0.9896082065610078
0.9888180697934006
0.9879887781356714
0.9871244587662367
0.9882977086948201
0.9874902365565188
0.986643622301076
0.985753482259378
0.9848226403749512
0.9838487236082333
0.9828371995295755
0.9817855428315859
0.9807021811257826
0.9795924545883926
0.9784412847507674
0.9772618641744563
0.9760537712342214
0.9748098042770157
0.9735465805450674
0.9722548954927867
0.9709498630721112
0.9696238615890483
0.9682751374768263
0.9669061107987188
0.9655155679163968
0.9641175495051051
0.9627160116039604
0.9613108494992629
0.9599001008332598
0.9585002970608573
0.9571107010621759
0.9557467041411452
0.9543751289437832
0.9529937804848545
0.9516163276300021
0.950246419853241
0.9488869454046243
0.9475326925740871
0.9461959034512766
0.9448575205823058
0.9435468344404406
0.9422569433788183
0.9409867388734576
0.9397353224099385
0.9384997543097207
0.9372975865362098
0.9361129073773056
0.9349394283030374
0.9337881227837269
0.9326612843335478
0.9315793322002709
0.9305203577151734
0.9294691457574319
0.9284294096386048
0.92742067845837
0.9264460890091273
0.9255025055965372
0.924598648338578
0.9237461730074706
0.9229343301757539
0.9221588044789145
0.921416798304938
0.9207007241844071
0.9199833066331098
0.9192963487482027
0.918649082406172
0.9180298361118149
0.9173990276071552
0.9167977332363975
0.9162085420515038
0.9156434413147263
0.9151150595949356
0.9146222800082393
0.9141422523192546
0.9136910997081469
0.9132277925161929
0.9127827392349259
0.91235302715511
0.9119209838973836
0.9115325787038951
0.9111393827666183
0.910770353071682
0.9104165045643278
0.9100827972331855
0.9097561008528636
0.9094284974596191
0.9091537649027437
0.9088708137387788
0.9085962870972075
0.9083384115311862
0.9080914312329338
0.9078553654083674
0.9076058791531035
0.9073983220937126
0.907189309512533
0.9070027658849883
0.906820257920734
0.9066418481310121
0.9064935311884454
0.9063254390527955
0.9061443459047104
0.9059596472617212
0.9057746926647631
0.905603547716091
0.9054368055364302
0.9052832253046622
0.9051555942993659
0.9050391043669711
0.9049270163649313
0.9047900585665136
0.904634128013984
0.9044845965856545
0.9043561374059168
0.9042376642945991
0.9041144783424512
0.9040210080232121
0.9039362054548375
0.9038689490736459
0.9038303874045267
0.9038036330042977
0.9037500175087424
0.9036985227135261
0.9036178867032162
0.9035681794116477
0.9035163834515559
0.9034487547921496
0.9034150153597531
0.9033560907508876
0.9033393716696964
0.903326002613715
0.9033349945753146
0.9033584865839313
0.9033836241685526
0.9033919727499903
0.9033853914981868
0.9033694909872799
0.90337132594946
0.9033759715681781
0.9033987308003505
0.9034481949438468
0.9034909813699208
0.9035112690243683
0.9035372132134014
0.9035982057787705
0.903653045443134
0.9037127462543734
0.9037444401008793
0.9038076076148589
0.9038729476516426
0.9039336219368171
0.903972370488088
0.9040484606863777
0.9040979764588244
0.9041661443055036
0.9042532801129695
0.9043360612180732
