0.9999334637287816
0.9999307707881595
0.9999279714181972
0.9999248737637979
0.99992146983373
0.9999177001144697
0.9999135262389898
0.999908899753184
0.9999037967861397
0.9998981416857609
0.9998919046562905
0.9998850169221545
0.9998774143344739
0.9998690587144292
0.9998598622683813
0.9998497169675522
0.9998385672203506
0.9998263423426524
0.9998129111629221
0.9997981810999161
0.9997820956661221
0.9997644236096268
0.9997452057084337
0.9997243509243146
0.9997016943889296
0.9996771521617347
0.9996505523760195
0.9996217158755256
0.9995905610050814
0.9995568928920491
0.9995205678413014
0.9994816049969429
0.9994397907961885
0.9993951510784969
0.9993475187552019
0.9992968103373425
0.9992428231785344
0.9991853030588794
0.9991243214895595
0.9990597500681841
0.9989911853060934
0.9989189579895096
0.9988430911956783
0.9987634954261841
0.9986796922223494
0.9985921889573622
0.9985008545564293
0.9984058807419298
0.9983073182767211
0.998204503528183
0.998097691660378
0.9979863224780684
0.9978714202850847
0.9977526274583941
0.9976306945783784
0.9975057249426027
0.9973778849626048
0.9972477567401302
0.9971149990148944
0.9969800237460005
0.9968421267921118
0.9967019059910349
0.9965610945798165
0.996418326536855
0.9962731832107385
0.9961275789159368
0.9959811312087364
0.9958345298121433
0.9956882878758798
0.9955419478655545
0.9953953122203565
0.9952482013544232
0.9951005230541415
0.9949540812648234
0.9948089232703342
0.9946634642237985
0.9945184240117435
0.9943724529261052
0.9942295627581503
0.9940883196946909
0.993950115120032
0.9938121158939095
0.9936778503284633
0.9935455970333522
0.9934157876018542
0.9932887665379447
0.9931652968217011
0.993044760933657
0.9929282050416054
0.9928159701241377
0.9927071660124887
0.99260162274035
0.9924992461020576
0.9924002071124511
0.9923016179603432
0.9922047602886315
0.9921104039083761
0.9920201810246648
0.9919356748185816
0.9918543929973347
0.9917740339137971
0.9916984589446894
0.9916252844115686
0.9915554335383253
0.9914866010952167
0.9914217026697658
0.991358588898312
0.9912982176481654
0.9912406000559334
0.9911836939786214
0.9911260577615437
0.9910694750218987
0.9910147532136423
0.9909614851466704
0.9909119173019707
0.9908635851435964
0.9908183929181313
0.9907741730352632
0.9907297023318261
0.9906852585215706
0.9906420030083865
0.990599824180737
0.9905608566450635
0.9905206180199535
0.9904834987316792
0.9904491717018927
0.9904150323331403
0.9903835957665059
0.9903504819822473
0.9903169122294583
0.9902837789008974
0.9902514517885311
0.9902221306066791
0.9901926218285013
0.9901650962347073
0.9901383116352656
0.9901143719641574
0.9900938195001797
0.9900721166668566
0.9900512045491261
0.9900300981737125
0.9900079891870929
0.9899875435661828
0.9899716724937161
0.9899557380862457
0.9899426676394343
0.9899292115835838
0.9899159283952917
0.9899056278687891
0.9898983608290993
0.9898899702683063
0.989877740602409
0.9898651575956403
0.9898541020452458
0.9898468074687461
0.9898409728400412
0.9898351180658085
0.9898308871992476
0.9898283109327626
0.9898234483632908
0.9898195634973375
0.9898182228607062
0.9898199360186907
0.9898172467324913
0.9898147076181333
0.9898128663223013
0.9898119432957216
0.9898121692537757
0.9898128812677373
0.9898130516991621
0.9898142913524425
0.9898121208633779
0.9898114627526932
0.9898094479457579
0.9898076491177311
0.9898093264803858
0.9898144155811319
0.9898185706102004
0.9898225900502909
0.9898264384317438
0.9898276075703888
0.9898289922849746
0.9898300683438419
0.9898299662502303
0.9898315764844947
0.9898355728859175
0.9898375599358757
0.9898402212358419
0.9898458297748887
0.9898487830436976
0.9898517866524907
0.9898526394798545
0.989853433208882
0.9898551187954945
0.989854215761204
0.9898544928680537
0.9898573130878576
0.9898598032271702
0.9898661637835845
0.9898689415652574
