0.9999960343642996
0.99999591594156
0.9999957926846054
0.9999956612445333
0.999995520836145
0.9999953705292087
0.9999952092072366
0.9999950356052132
0.9999948482422376
0.9999946647497019
0.9999944509603019
0.9999942168013135
0.9999939597344174
0.9999936766527496
0.9999933638908548
0.9999930170174082
0.9999926307511176
0.9999921986753312
0.9999917129795752
0.9999911641990221
0.9999905406717926
0.9999898282354512
0.9999890095652776
0.9999880634536314
0.9999869641705486
0.9999856807333074
0.9999841774974972
0.9999824143329212
0.9999803498280502
0.9999779438652574
0.9999751639993447
0.999971987777397
0.9999683990826344
0.9999643863614327
0.9999599278757492
0.999954994519865
0.9999495487855469
0.9999435377550434
0.9999369082286576
0.9999295984677058
0.9999215430025509
0.9999126798505296
0.9999029473443389
0.9998922999965695
0.9998807087569493
0.9998681919836339
0.9998547612652691
0.9998404371493412
0.9998302617589594
0.9998147184446751
0.9997983508942111
0.9997812006131732
0.9997632966523642
0.9997446895291688
0.9997254095087308
0.9997054897866527
0.9996849794050473
0.999663910185858
0.9996422745670567
0.999620090606124
0.9995973511306099
0.9995740921028111
0.9995503765088466
0.9995261913505873
0.9995039406028229
0.9994791559714317
0.9994537242794974
0.9994276794495918
0.999401140021978
0.9993740997389674
0.9993466119788861
0.9993186768169595
0.9992903060519768
0.9992616029480571
0.9992325926239826
0.9992032918484648
0.999180030169912
0.9991511625389954
0.9991217180449057
0.9990918524714695
0.9990616575471977
0.9990312801278357
0.9990007920457392
0.9989703202275735
0.9989379848414132
0.9989087057065438
0.9988791042144967
0.9988493226734971
0.9988196154775797
0.9987899680409311
0.9987606407842751
0.9987316040007311
0.9987028760382657
0.9986745193039962
0.9986465565366318
0.9986191636892189
0.9985924125259087
0.9985662341568808
0.9985404931997303
0.9985153783184476
0.9984909751961705
0.998467157648679
0.9984439547719615
0.9984214513884122
0.9983996978042905
0.9983786050483353
0.9983581016188757
0.9983382832538651
0.99831921500998
0.9983008003655178
0.9982830209655179
0.9982656891364585
0.9982489280218535
0.9982327044734741
0.9982169608609336
0.9982019328599927
0.9981875205815908
0.9981737427231574
0.9981909838497033
0.998178540557464
0.9981665040161214
0.9981545291860795
0.9981427712359178
0.9981312105570295
0.9981201827522682
0.9980874841681786
0.9980786122383862
0.998089025781878
0.9980797005396349
0.9980708359127332
0.9980622077246499
0.9980540043088577
0.9980461145705503
0.9980386726367417
0.998031764651807
0.9980252232248666
0.9980186634961161
0.9980123381725926
0.99800635104867
0.9980008958939864
0.9979958585131797
0.9979910859935993
0.9979866931201143
0.9979827124646231
0.997978796419171
0.9979753307321059
0.9980223299504443
0.9979878862087628
0.9979850374109467
0.9979818611957563
0.9979783083217266
0.9979746730792954
0.9979714940566339
0.997968680136359
0.9979660325258923
0.9979636719796975
0.9979617191470235
0.9979653848650802
0.9979908469639495
0.9979896559007383
0.997988433104864
0.997987361938814
0.9979724431663395
0.9979739343180314
0.9979749814928827
0.9979600657364438
0.9979608263080167
0.9979614634796664
0.9979621767374683
0.9979628701125296
0.9979638463602128
0.9979648519121976
0.9979660844102078
0.9979672771626219
0.9979686223599733
0.9979701992922694
0.9979718960963532
0.9979739185344243
0.9980010925624919
0.9980037832790926
0.9980061195628691
0.9980080199057556
0.998009879616855
0.9980117726411246
0.9980134894102195
0.9980153423266199
0.9980169144000082
0.9980185282063541
0.9980202377074253
0.9980218939747709
0.998023866004778
0.9980260217873528
0.9980281891938102
0.9980303787568325
0.998032417361251
0.9980349309912706
0.9980376332824448
0.9980404479200493
0.998056679173452
0.9980609657898223
