0.8007272323270699
0.7512316979404556
0.7495081804831158
0.7477716191594863
0.7460240487358756
0.7442667264847069
0.7425003579633199
0.7407253518783701
0.738941951233816
0.7371503012741263
0.7353504867801739
0.7335425537773608
0.7317265228452328
0.7299023976535133
0.7280701706536501
0.7262298270035918
0.724381347354192
0.722524709877687
0.7206598917763432
0.7187868704247761
0.716905624247568
0.7150161334011527
0.7131183803078363
0.7112123500759076
0.7092980308304163
0.7073754139727716
0.7054444943828262
0.7035052705739251
0.7015577448091055
0.6996019231849577
0.6976378156883934
0.6956654362306309
0.6936848026619769
0.6916959367704061
0.6896988642664981
0.6876936147569073
0.685680221708258
0.6836587224030785
0.6816291578892026
0.6795915729238534
0.6775460159134805
0.6754925388502837
0.673431197246215
0.6713620500651614
0.6692851596539018
0.6672005916723402
0.6651084150234556
0.6630087017833266
0.660901527131526
0.658786969282138
0.6566651094155931
0.6545360316114717
0.6523998227823977
0.6502565726091016
0.6481063734767134
0.6459493204123137
0.6437855110237478
0.641615045439708
0.6394380262510448
0.6372545584532845
0.635064749390299
0.6328687086990812
0.6306665482555605
0.6284583821213974
0.626244326491685
0.6240244996434996
0.6217990218852079
0.6195680155064878
0.6173316047289683
0.6150899156574334
0.6128430762315211
0.6105912161778491
0.6083344669625124
0.6060729617438882
0.6038068353256913
0.6015362241102371
0.5992612660518561
0.5969821006104132
0.5946988687049006
0.5924117126670518
0.5901207761949578
0.5878262043066433
0.5855281432935813
0.5832267406741176
0.5809221451467952
0.5786145065435435
0.5763039757827373
0.5739907048220956
0.5716748466114299
0.5693565550452204
0.5670359849150237
0.5647132918617135
0.5623886323275467
0.5600621635080725
0.5577340433038711
0.5554044302721501
0.553073483578187
0.5507413629466518
0.5484082286127974
0.5460742412735529
0.543739562038525
0.5414043523809218
0.5390687740884257
0.5367329892140271
0.5343971600268418
0.5320614489629316
0.5297260185761532
0.5273910314890491
0.5250566503438159
0.5227230377533632
0.5203903562524916
0.5180587682492122
0.5157284359762382
0.5133995214426605
0.5110721863858543
0.5087465922236147
0.5064229000065688
0.5041012703708854
0.5017818634912969
0.4994648390344719
0.49715035611275704
0.4948385732383158
0.49252964827768786
0.49022373840679445
0.4879210000664166
0.4856215889181622
0.48332565980095776
0.48103336668807817
0.47874486264474425
0.4764602997863032
0.47417982923702096
0.4719036010895057
0.4696317643647816
0.4673644669730338
0.4651018556750427
0.4628440760443362
0.4605912724300617
0.45834358792061014
0.4561011643079965
0.45386414205303327
0.4516326602512809
0.44940685659982527
0.4471868673648648
0.44497282735014854
0.44276486986625097
0.4405631267007152
0.438367728089068
0.43617880268671605
0.4339964775417372
0.4318208780685615
0.4296521280225738
0.4274903494756269
0.42533566279246504
0.4231881866080903
0.42104803780604916
0.41891533149765514
0.41679018100215104
0.41467269782780736
0.41256299165396426
0.41046117031401275
0.40836733977932005
0.40628160414409187
0.40420406561117195
0.4021348244787851
0.4000739791282
0.3980216260123385
0.3959778596452923
0.3939427725927712
0.3919164554634581
0.38989899690127416
0.38789048357854206
0.3858910001900452
0.38390062944796044
0.3819194520776842
0.3799475468145035
0.3779849904011384
0.37603185758611846
0.37408822112300066
0.3721541517704102
0.37022971829288165
0.36831498746251634
0.36641002406140366
0.364514890884837
0.3626296487452716
0.36075435647703413
0.35888907094176536
0.3570338470345755
0.3551887376909022
0.3533537938940555
0.3515290646834309
0.34971459716338515
0.347910436512744
0.3461166259949354
0.3443332069687397
0.3425602188996143
0.340797699371608
0.33904568409982894
0.33730420694344987
0.33557329991925056
0.3338529932156521
0.3321433152072597
0.33044429246986773
0.3287559497959295
0.3270783102104683
0.3254113949874097
0.32375522366632115
0.32210981406955186
0.3204751823197315
0.31885134285764527
0.31723830846043455
0.31563609026013006
0.314044697762498
0.31246413886617297
0.31089441988206634
0.30933554555305065
0.30778751907386603
0.3062503421112823
0.3047240148244602
0.303208535885516
0.30170390250027934
0.3002101104292102
0.29872715400848693
0.2972550261712218
0.29579371846881974
0.29434322109243827
0.2929035228945639
0.291474611410667
0.2900564728809335
0.2886490922720689
0.28725245329913873
0.28586653844746424
0.2844913289945302
0.28312680503192267
0.28177294548725496
0.28042972814611045
0.27909712967393985
0.2777751256379585
0.2764636905289882
0.27516279778325536
0.27387241980414434
0.2725925279838677
0.2713230927250695
0.27006408346235566
0.2688154686837083
0.26757721595183037
0.2663492919253533
0.265131662379955
0.2639242922293398
0.2627271455460919
0.2615401855824021
0.2603633747906403
0.2591966748437865
0.2580400466557058
0.25689345040126854
0.2557568455362964
0.25463019081734417
0.25351344432130674
0.2524065634648479
0.2513095050236337
0.2502222251513998
0.2491446793988037
0.24807682273209408
0.24701860955158306
0.24596999370990658
0.2449309285300897
0.24390136682339436
0.2428812609069686
0.24187056262126816
0.24086922334727578
0.23987719402349839
0.2388944251627435
0.23792086686867908
0.23695646885217014
0.23600118044738883
0.23505495062770843
0.23411772802136355
0.23318946092688808
0.2322700973283286
0.23135958491022734
0.23045787107237903
0.22956490294436538
0.2286806273998475
0.22780499107064756
0.22693794036059955
0.22607942145915816
0.22522938035480555
0.22438776284820883
0.22355451456516995
0.22272958096934048
0.22191290737471892
0.22110443895791698
0.22030412077021888
0.2195118977494025
0.21872771473135488
0.2179515164614635
0.21718324760579188
0.21642285276204298
0.2156702764703008
0.21492546322357375
0.21418835747811016
0.21345890366352493
0.21273704619269795
0.21202272947148726
0.21131589790822314
0.21061649592301235
0.20992446795683462
0.2092397584804485
0.20856231200309694
0.20789207308101754
0.20722898632577402
0.20657299641237736
0.20592404808724274
0.205282086175945
0.2046470555908012
0.20401890133826106
0.20339756852613922
0.20278300237064473
0.202175148203263
0.2015739514774485
0.2009793577751533
0.20039131281319156
0.19980976244943494
0.19923465268884988
0.19866592968937136
0.19810353976761974
0.19754742940445758
0.1969975452504067
0.19645383413089734
0.19591624305137934
0.19538471920228329
0.19485920996383976
0.19433966291074833
0.1938260258167238
0.19331824665888242
0.19281627362201226
0.1923200551026999
0.1918295397133324
0.19134467628595964
0.19086541387604983
0.1903917017660932
0.18992348946911208
0.18946072673203018
0.18900336353892921
0.18855135011419855
0.18810463692555646
0.18766317468696936
0.18722691436145844
0.1867958071637963
0.1863698045631006
0.18594885828532492
0.18553292031564028
0.1851219429007226
0.18471587855094473
0.18431468004246643
0.18391830041923074
0.18352669299486257
0.18313981135449853
0.18275760935648988
0.1823800411340617
0.18200706109684495
0.1816386239323572
0.18127468460738427
0.18091519836928216
0.18056012074720706
0.18020940755326187
0.17986301488357226
0.17952089911928015
0.1791830169274734
0.17884932526204766
0.17851978136447677
0.17819434276454738
0.17787296728099877
0.17755561302211575
0.17724223838624997
0.17693280206227557
0.17662726302999665
0.17632558056048142
0.17602771421634655
0.1757336238519801
0.17544326961371493
0.17515661193993715
0.17487361156115444
0.1745942295000028
0.17431842707120804
0.1740461658814909
0.17377740782943762
0.1735121151053064
0.17325025019079832
0.17299177585878456
0.17273665517298376
0.1724848514875953
0.17223632844690595
0.1719910499848344
0.1717489803244524
0.17151008397745848
0.17127432574362178
0.17104167071017928
0.17081208425121064
0.1705855320269598
0.17036197998314506
0.17014139435021514
0.16992374164259416
0.16970898865786876
0.16949710247597372
0.16928805045833206
0.16908180024696018
0.16887831976357193
0.1686775772086183
0.16847954106033247
0.16828418007373658
0.16809146327962077
0.16790135998350608
0.16771383976457643
0.16752887247459558
0.16734642823679602
0.167166477444748
0.16698899076121398
0.16681393911697417
0.16664129370963832
0.16647102600243757
0.16630310772300294
0.1661375108621156
0.16597420767245152
0.16581317066729984
0.16565437261928517
0.16549778655904435
0.16534338577391605
0.16519114380660593
0.16504103445383167
0.1648930317649716
0.16474711004068376
0.1646032438315258
0.16446140793655717
0.1643215774019352
0.16418372751948995
0.1640478338253093
0.1639138720982909
0.16378181835870442
0.16365164886673222
0.16352334012101666
0.16339686885717775
0.16327221204634468
0.1631493468936731
0.16302825083685046
0.16290890154460236
0.16279127691519024
0.1626753550749055
0.16256111437655585
0.1624485333979524
0.1623375909403828
0.16222826602709517
0.1621205379017624
0.16201438602695573
0.16190979008261008
0.1618067299644862
0.1617051857826327
0.16160513785984687
0.16150656673013153
0.16140945313714827
0.16131377803268088
0.16121952257508199
0.16112666812772947
0.16103519625748575
0.16094508873314484
0.16085632752389
0.16076889479775047
0.16068277292005495
0.16059794445188513
0.16051439214854224
0.16043209895800048
0.16035104801937006
0.16027122266136073
0.16019260640074862
0.16011518294084004
0.16003893616994835
0.15996385015986148
0.1598899091643201
0.15981709761750063
0.15974540013249516
0.15967480149979396
0.159605286685783
0.15953684083123587
0.1594694492498071
0.15940309742654024
0.15933777101637314
0.15927345584264696
0.15921013789562466
0.15914780333101308
0.15908643846848136
0.1590260297902022
0.15896656393938302
0.15890802771880363
0.15885040808937168
0.1587936921686689
0.15873786722951388
0.15868292069852252
0.1586288401546816
0.1585756133279257
0.15852322809771813
0.1584716724916383
0.15842093468398577
0.15837100299436957
0.15832186588633002
0.15827351196594153
0.1582259299804485
0.15817910881688224
0.15813303750070673
0.15808770519445214
0.15804310119637488
0.15799921493910907
0.1579560359883363
0.1579135540414498
0.1578717589262415
0.15783064059958907
0.15779018914614706
0.1577503947770461
0.15771124782861567
0.157672738761085
0.15763485815732314
0.15759759672156282
0.1575609452781458
0.15752489477026865
0.15748943625874556
0.15745456092076748
0.15742026004867637
0.15738652504875095
0.15735334743998608
0.15732071885290333
0.15728863102834134
0.15725707581628434
0.15722604517467065
0.15719553116823548
0.1571655259673359
0.15713602184681064
0.15710701118482417
0.15707848646173506
0.15705044025897008
0.15702286525789477
0.15699575423871492
0.15696910007935838
0.15694289575439546
0.1569171343339365
0.15689180898256583
0.15686691295826583
0.15684243961135713
0.15681838238344714
0.15679473480637807
0.1567714905012002
0.15674864317713766
0.15672618663056814
0.1567041147440178
0.156682421485152
0.15666110090578067
0.15664014714087793
0.15661955440759423
0.15659931700430096
0.15657942930961377
0.15655988578144753
0.15654068095607243
0.1565218094471742
0.15650326594492237
0.15648504521505824
0.1564671420979803
0.15644955150783357
0.15643226843162206
0.15641528792831816
0.15639860512797876
0.15638221523088125
0.15636611350665708
0.1563502952934347
0.1563347559969902
0.15631949108991405
0.15630449611077346
0.15628976666329464
0.15627529841553545
0.1562610870990947
0.15624712850829292
0.15623341849939776
0.15621995298982394
0.1562067279573639
0.15619373943941728
0.15618098353222998
0.15616845639013643
0.15615615422481632
0.15614407330455415
0.15613220995350297
0.15612056055096923
0.15610912153068857
0.15609788938011915
0.15608686063973387
0.15607603190233688
0.15606539981236534
0.15605496106520844
0.15604471240654405
0.15603465063165844
0.1560247725848014
0.15601507515852076
0.1560055552930235
0.15599620997554142
0.15598703623968702
0.1559780311648411
0.15596919187552893
0.15596051554081047
0.15595199937367388
0.15594364063043853
0.15593543661016718
0.15592738465407585
0.1559194821449602
0.15591172650661778
0.15590411520329062
0.15589664573910011
0.15588931565749753
0.15588212254071954
0.15587506400923878
0.15586813772124175
0.15586134137209307
0.1558546726938218
0.15584812945459403
0.15584170945821307
0.15583541054361405
0.15582923058436426
0.1558231674881695
0.15581721919639502
0.15581138368357517
0.15580565895694887
0.15580004305598427
0.15579453405191745
0.15578913004729567
0.15578382917552336
0.155778629600415
0.15577352951575918
0.15576852714487321
0.1557636207401849
0.15575880858279278
0.15575408898205934
0.155749460275191
0.15574492082682234
0.1557404690286237
0.15573610329889354
0.15573182208216352
0.1557276238488129
0.1557235070946853
0.155719470340701
0.1557155121324909
0.15571163104001784
0.15570782565722296
0.15570409460165058
0.15570043651410614
0.15569685005829303
0.15569333392047413
0.15568988680912288
0.15568650745459245
0.15568319460877733
0.15567994704477994
0.15567676355659987
0.15567364295879738
0.15567058408618817
0.1556675857935258
0.15566464695519633
0.15566176646491148
0.1556589432354153
0.1556561761981795
0.15565346430311733
0.1556508065182981
0.15564820182965577
0.15564564924071334
0.1556431477723117
0.1556406964623257
0.155638294365402
0.15563594055269991
0.15563363411161557
0.15563137414553851
0.15562915977358782
0.15562699013036607
0.15562486436571266
0.15562278164445642
0.15562074114617774
0.15561874206497261
0.1556167836092186
0.1556148650013408
0.1556129854775885
0.1556111442878142
0.15560934069524668
0.15560757397627534
0.15560584342024042
0.15560414832921543
0.15560248801780185
0.15560086181292732
0.15559926905363552
0.1555977090908951
0.15559618128739627
0.1555946850173614
0.15559321966635498
0.15559178463109313
0.15559037931925745
0.15558900314931712
0.15558765555034604
0.155586335961846
0.1555850438335713
0.1555837786253601
0.15558253980696124
0.15558132685787107
0.1555801392671664
0.1555789765333443
0.15557783816416082
0.15557672367647768
0.15557563259610285
0.1555745644576434
0.15557351880435288
0.15557249518797933
0.15557149316863084
0.15557051231462238
0.15556955220233848
0.1555686124160962
0.15556769254800296
0.15556679219783065
0.1555659109728743
0.15556504848782715
0.15556420436465057
0.1555633782324478
0.15556256972734106
0.15556177849234232
0.1555610041772454
0.15556024643849498
0.1555595049390769
0.15555877934840023
0.1555580693421854
0.15555737460235308
0.1555566948169158
0.15555602967986315
0.15555537889106885
0.15555474215617304
0.1555541191864872
0.15555350969889103
0.1555529134157333
0.1555523300647349
0.15555175937889043
0.155551201096375
0.15555065496045195
0.15555012071937846
0.15554959812631886
0.15554908693925407
0.15554858692089502
0.15554809783859602
0.1555476194642701
0.15554715157431043
0.15554669394950238
0.15554624637494552
0.15554580863997935
0.15554538053809963
0.15554496186688327
0.15554455242791654
0.15554415202671723
0.15554376047266782
0.155543377578935
0.1555430031624091
0.15554263704363203
0.15554227904672435
0.15554192899932728
0.15554158673252994
0.15554125208081082
0.15554092488197035
0.15554060497706823
0.15554029221036902
0.1555399864292718
0.15553968748426117
0.1555393952288422
0.1555391095194878
0.15553883021557802
0.15553855717934972
0.15553829027584254
0.15553802937283845
0.1555377743408206
0.15553752505291285
0.15553728138483303
0.15553704321484585
0.15553681042370593
0.15553658289462235
0.15553636051319863
0.15553614316739883
0.1555359307474905
0.15553572314601005
0.15553552025771322
0.15553532197953235
0.15553512821053872
0.15553493885189662
0.15553475380682347
0.1555345729805505
0.15553439628028265
0.155534223615165
0.1555340548962345
0.15553389003639362
0.15553372895036854
0.1555335715546703
0.15553341776756868
0.15553326750905028
0.1555331207007823
0.1555329772660925
0.15553283712992005
0.15553270021879406
0.15553256646079827
0.15553243578554232
0.15553230812412655
0.15553218340911978
0.15553206157452326
0.15553194255574476
0.15553182628957118
0.1555317127141388
0.15553160176891
0.15553149339463868
0.15553138753335582
0.15553128412833306
0.15553118312406256
0.1555310844662322
0.15553098810170185
0.15553089397847586
0.15553080204568648
0.15553071225356163
0.15553062455341238
0.15553053889760304
0.15553045523953635
0.1555303735336251
0.15553029373527794
0.15553021580087367
0.15553013968774454
0.15553006535415592
0.15552999275928803
0.15552992186321213
0.15552985262688146
0.15552978501210035
0.15552971898152068
0.15552965449861234
0.15552959152765178
0.1555295300337075
0.15552946998261585
0.1555294113409712
0.15552935407611235
0.15552929815609595
0.15552924354969455
0.1555291902263728
0.155529138156277
0.1555290873102173
0.1555290376596563
0.15552898917669866
0.15552894183406785
0.15552889560510208
0.1555288504637372
0.15552880638449584
0.15552876334247012
0.15552872131331819
0.1555286802732443
0.15552864019899026
0.15552860106782374
0.1555285628575277
0.15552852554638863
0.1555284891131844
0.15552845353717648
0.15552841879809787
0.15552838487614074
0.15552835175195234
0.15552831940661938
0.1555282878216624
0.15552825697902273
0.15552822686105738
0.15552819745052704
0.1555281687305876
0.1555281406847837
0.15552811329703786
0.15552808655164319
0.15552806043325462
0.15552803492688294
0.15552801001788386
0.15552798569195458
0.1555279619351202
0.1555279387337315
0.15552791607446037
0.15552789394428224
0.15552787233048015
0.15552785122063195
0.15552783060260644
0.15552781046455388
0.15552779079490475
0.15552777158235653
0.15552775281587616
0.15552773448468704
0.15552771657826547
0.155527699086336
0.1555276819988659
0.15552766530605677
0.1555276489983458
0.15552763306639006
0.1555276175010728
0.15552760229349116
0.15552758743495299
0.1555275729169744
0.15552755873127
0.15552754486975473
0.15552753132453245
0.1555275180878991
0.15552750515233316
0.1555274925104907
0.15552748015520657
0.15552746807948503
0.15552745627649933
0.1555274447395849
0.15552743346223963
0.15552742243811568
0.15552741166101824
0.15552740112490337
0.15552739082387068
0.15552738075216432
0.15552737090416724
0.15552736127439715
0.15552735185750388
0.15552734264826962
0.15552733364160198
0.15552732483253207
0.1555273162162104
0.15552730778791013
0.15552729954301459
