0.12321525761134099
0.10739380596321435
0.09752836635416104
0.09129324319271116
0.08693036179976674
0.08333806076652091
0.08029035588325707
0.07769905139562185
0.0751476387241616
0.07286901648371831
0.07085968089937701
0.06916291719743259
0.06763474829874394
0.06623627705394025
0.0650248358449417
0.06388846120609078
0.06276673112654745
0.06149562657309495
0.06025342560447988
0.05928608810485546
0.058341589787670484
0.05756547867114308
0.05680834898309759
0.055943573145843015
0.055115479115990906
0.05438234429400927
0.053575814516699787
0.05284075510428229
0.05215543390449749
0.0513384674289674
0.05059069594329866
0.04988199612775898
0.049172066321151474
0.04848287237569655
0.04773825044677417
0.04708058322047283
0.04617123865481865
0.045263747799805056
0.04448942017286386
0.043652536211405246
0.042878698040081174
0.041805189585759205
0.04073319610106314
0.03978746437236444
0.03851283852419172
0.036894967383399625
0.035170786483066735
0.03350494526228333
0.031528241813037455
0.029848451630503977
0.028115496897245743
0.02664085913855074
0.02497568913256289
0.023438020820995394
0.022012637922937346
0.020449660118431696
0.019112182441315136
0.017833397419925335
0.01659178660358746
0.01558442654015324
0.014721406309073953
0.014024811115836726
0.013465253158883674
0.012739099820377431
0.012129868994660498
0.011268385763870042
0.010617224836803899
0.009970669126958894
0.009605338804602528
0.009200302654216971
0.00858356188385018
0.008416243001898721
0.00834205096679155
0.00839306351159583
0.008653647821837309
0.008944329960403574
0.008966965121855198
0.008892015999738911
0.008983586821218484
0.009152001204498125
0.009012925648152476
0.008870258897937647
0.009068843088536517
0.009121928618505245
0.009420534510295996
0.00949784738442988
0.009320682467587688
0.009326536322060158
0.009663948276543766
0.009840565392550236
0.009878830199325306
0.010509605359433578
0.010883419133865821
0.010746934445649252
0.010463067846528638
0.010457380951272155
0.010462827014281617
0.01052006381744
0.010593031120264053
0.010527812928933023
0.010598570243172001
0.010514521665318846
0.010688114739077334
0.011019570670215076
0.010977224131369074
0.010805246913561618
0.010379268523524682
0.010318673575089423
0.010509198962642574
0.01067259219953948
0.010613031373225026
0.010420499867644473
0.010498007765151309
0.010564223936586877
0.010697577791498585
0.01094598072125219
0.010738602653887564
0.01069278665254483
0.010405861711584828
0.010311123901095686
0.010220190025102924
0.010387472329629227
0.010540343515591726
0.010528192011438136
0.010338909775044132
0.009888760491034949
0.0100804986488316
0.010370254413909003
0.010578563285008669
0.009877515541101627
0.009155977383616055
0.009269200933848178
0.010105759050950378
0.01029880418582963
0.01048829883596961
0.010344162587284027
0.010106129107289622
0.00978297890023286
0.00970073311475656
0.009994249958170867
0.009744039354943704
0.009851789745587832
0.009930753254241191
0.009882965789432178
0.009664100456229912
0.009615098192756471
0.00986314125274665
0.010203548272660973
0.009951254837663443
0.009609459154304206
0.009577060596874425
0.009527382777551989
0.009507075561227788
0.009700576737841759
0.009827118430028911
0.00999434754005032
0.010072692511720492
0.010060406885735526
0.010213031487996037
0.010313299336681733
0.010125775210769405
0.0100376209845752
0.010006751495689815
0.010176756071638494
0.010322876661973701
0.01036288419318365
0.010360181741033623
0.010165896968295075
0.01033657473212708
0.011044690037362626
0.011177899827261395
0.011110720596343238
0.011042937768410437
0.011191644936743739
0.011135192756486207
0.010854793473820273
0.0106999853944073
0.010916925365459419
0.0112646648788315
0.011586258970533055
0.011193909307562738
0.010776102160357733
0.010900993394120446
0.011248289900874748
0.01121630211135441
0.010534099620438348
0.010556633222968443
0.010894052468949002
0.01106909337235289
0.011506591891677211
0.0116516231113762
0.011421640213145652
0.01146130430791244
0.011409745782437114
0.0115878617562588
0.012091201925358721
0.012147115314308794
0.011887534063098937
0.011682675271292919
0.01158121745140127
