1.1737887401741494
1.0469317690335673
1.0380053319061178
1.0282205282358143
1.017953095283493
1.0073461051016313
0.9964703171698639
0.9853668333504247
0.974062404727872
0.9625760162557376
0.9509220863126379
0.9391121615022721
0.9271558719438838
0.9150614931937506
0.9028362831576074
0.8904866776094873
0.8780183808146508
0.8654363544964759
0.8527446770501204
0.8399462100244208
0.8270419777097129
0.8140301888581836
0.800905077942343
0.7876565419260168
0.7742727271696084
0.760746735885858
0.7470830318813797
0.7332970354078486
0.719409493640881
0.7054417259469142
0.6914137560134995
0.677344164172759
0.6632504655503203
0.6491495004073209
0.6350577079944787
0.6209912862409296
0.606966267239794
0.5929985361315006
0.5791038133369166
0.5652976135519677
0.5515951903787362
0.5380114725347087
0.5245609957271719
0.5112578331052072
0.4981155264444764
0.48514701971552415
0.4723645963341543
0.4597798211316761
0.44740348787686013
0.4352455730083011
0.4233151960825696
0.4116205873022158
0.4001690623537719
0.38896700465656614
0.37801985499680546
0.3673321083976846
0.35690731795682895
0.3467481052721151
0.3368561769858913
0.32723234692197156
0.3178765632900565
0.3087879405061816
0.2999647953267684
0.29140468718735885
0.2831044628071225
0.27506030517961777
0.26726778695603454
0.25972192794543425
0.25241725609294197
0.24534787097614957
0.2385075086806888
0.2318896069067329
0.22548736928091934
0.2192938280336993
0.21330190438800714
0.2075044661550069
0.20189438213623362
0.19646457299501288
0.19120805829646909
0.18611799943764254
0.18118773820747994
0.17641083073796246
0.17178107663708284
0.16729254313471467
0.16293958412517554
0.1587168540558287
0.15461931668848347
0.15064224884747024
0.1467812393615606
0.14303218350178656
0.13939127330833093
0.13585498428146628
0.13242005897887377
0.12908348811040202
0.12584248974871834
0.12269448727930005
0.11963708669645833
0.11666805381573732
0.1137852919203667
0.1109868202944843
0.10827075402285466
0.10563528535994328
0.10307866689418574
0.10059919665922831
0.0981952052752017
0.09586504514140423
0.09360708164813475
0.09141968633029006
0.08930123184872898
0.08725008865698858
0.08526462319014799
0.08334319739878601
0.08148416944328012
0.0796858953613721
0.0779467315241896
0.07626503770202599
0.07463918057047127
0.0730675374993004
0.07154850048031122
0.07008048006552711
0.06866190920336518
0.0672912468770924
0.06596698146675196
0.06468763377237416
0.0634517596523758
0.06225795224629935
0.061104843765198535
0.059991106845829374
0.05891545547618236
0.05787664550967955
0.05687347479348105
0.055904782942784906
0.054969450797785625
0.05406639960315878
0.05319458995166124
0.05235302053384153
0.05154072673508856
0.05075677911950814
0.05000028183758712
0.049270370991471135
0.04856621298812936
0.0478870029068646
0.047231962903710824
0.04660034067135683
0.04599140796946201
0.0454044592366662
0.04483881029230756
0.0442937971328962
0.043768774825769206
0.043263116500094206
0.04277621243348799
0.04230746923096597
0.04185630909171517
0.04142216915827
0.04100450094202341
0.040602769818609726
0.04021645458650257
0.0398450470821545
0.03948805184513154
0.0391449858269301
0.03881537813748438
0.038498769823747586
0.038194713675140074
0.037902774051088266
0.03762252672630371
0.03735355874987697
0.0370954683146579
0.03684786463378035
0.03661036782153825
0.03638260877615444
0.03616422906228264
0.03595488079136873
0.03575422649825773
0.0355619390126757
0.03537770132445037
0.03520120644155315
0.035032157240254255
0.0348702663068919
0.034715255770948604
0.03456685712932468
0.034424811061878634
0.034288867238485225
0.03415878411802595
0.034034328739883435
0.03391527650865322
0.03380141097291174
0.03369252359898572
0.03358841354075807
0.03348888740660863
0.033393759024633
0.033302849207301546
0.03321598551671617
0.03313300203159853
0.03305373911708983
0.03297804319837964
0.03290576653908935
0.03283676702523746
0.032770907955497315
0.03270805783833672
0.03264809019649744
