0.7799692197049846
0.7631821730166439
0.7536642967936017
0.7438673310626995
0.7338076612528953
0.7234991415683987
0.7129514190844843
0.7021719822616319
0.6911673841155553
0.6799439165703118
0.6685080009889419
0.6568664292962394
0.6450265216855673
0.6329962343215461
0.6207842346170871
0.6083999536500908
0.5958536210621523
0.5831562854797798
0.570319822215404
0.5573569292860736
0.5442811123935545
0.531106659310131
0.5178486040358306
0.5045226810910894
0.4911452703569398
0.47773333295477893
0.46430433875737975
0.45087618623271397
0.4374671154353965
0.4240956150708598
0.41078032465996994
0.39753993292201684
0.3843930735683013
0.37135821975362304
0.35845357846643144
0.34569698614839206
0.33310580681965496
0.32069683394688575
0.3084861972276768
0.2964892753786371
0.2847206159072697
0.2731938627224778
0.2619216922984178
0.25091575895521745
0.24018664966189152
0.22974384860569386
0.21959571161242153
0.2097494503478191
0.20021112608477776
0.1909856526879543
0.18207680834911655
0.17348725550527133
0.16521856828857995
0.15727126679311054
0.1496448573984348
0.14233787836355694
0.13534794989533794
0.12867182790212273
0.12230546066355752
0.11624404767971319
0.11048210000408998
0.105013501414012
0.0998315698256439
0.09492911841788321
0.09029851598746985
0.08593174611547205
0.08182046478148053
0.0779560561154432
0.07432968602720436
0.07093235350021387
0.06775493937808819
0.06478825251080511
0.06202307316135547
0.059450193603816204
0.05706045587046571
0.05484478662894654
0.05279422919106391
0.050899972672889926
0.04915337834177824
0.047546003200036324
0.04606962086753885
0.04471623983672934
0.04347811918352551
0.04234778182654997
0.04131802543509355
0.040381931093266044
0.03953286983396209
0.03876450716145785
0.0380708056858855
0.03744602599618052
0.03688472590065672
0.036381758165877964
0.03593226688517237
0.03553168260777817
0.03517571635843597
0.034860352675154416
0.0345818417899858
0.0343366910739481
0.03412165586291305
0.03393372977626985
0.03377013463464318
0.03362831007697853
0.03350590297097378
0.03340075670416909
0.033310900436249735
0.033234538386128
0.033170039220461245
0.03311592560330723
0.03307086395983172
0.03303365450030815
0.033003221544253614
0.03297860417834997
0.03295894727593918
0.032943492900359916
0.03293157210919706
0.032922597171682555
0.03291605420710153
0.032911496247945426
0.03290853672795191
0.032906843391843466
0.03290613262070341
0.03290616416433012
0.032906736269804004
0.03290768119351417
0.032908861082458274
0.03291016420926651
0.03291150154450373
0.032912803649009614
0.03291401786854509
0.03291510581276835
0.03291604110039792
0.03291680735251823
0.03291739641622471
0.0329178068010858
0.03291804231141937
0.03291811085790031
0.032918023432650156
0.03291779323264199
0.03291743491701915
0.03291696398468813
0.03291639625933396
0.0329157474698496
0.03291503291497444
0.032914267201751835
0.032913464048228924
0.032912636141604446
0.03291179504381214
0.032910951137226974
0.03291011360392326
0.0329092904326006
0.03290848844786154
0.03290771335722076
0.03290696981169594
0.03290626147642195
0.032905591108177035
0.03290496063714865
0.03290437125070855
0.032903823477300365
0.03290331726888829
0.03290285208072141
0.032902426947427066
0.032902040554681045
0.03290169130591736
0.032901377383708685
0.0329010968056106
0.03290084747439481
0.03290062722269471
0.032900433852204536
0.03290026516759903
0.03290011900546175
0.032899993258487026
0.03289988589531034
0.03289979497630158
0.032899718665691524
0.03289965524038552
0.032899603095845165
0.03289956074937139
0.03289952684114261
0.03289950013332854
0.0328994795075892
0.03289946396122645
0.03289945260228044
0.03289944464377326
0.032899439397341745
0.03289943626644176
0.03289943473929091
0.03289943438169152
0.032899434829884
0.03289943578350252
0.03289943699875009
0.032899438281849935
0.03289943948282714
0.03289944048967541
0.032899441222929426
0.032899441630655946
0.03289944168388159
0.03289944137246337
0.03289944070137418
0.03289943968741449
0.03289943835632192
0.03289943674025386
0.03289943487563585
0.03289943280133001
0.03289943055711708
0.03289942818244718
0.03289942571544824
0.032899423192146116
0.032899420645899013
0.03289941810698194
0.03289941560234266
0.03289941315546152
0.032899410786330296
0.03289940851151585
0.03289940634428723
0.03289940429479732
0.03289940237031452
0.032899400575468474
0.032899398912517364
0.03289939738163172
0.03289939598116709
0.03289939470793968
0.03289939355748872
0.03289939252432472
0.032899391602160155
0.03289939078412407
0.03289939006295228
0.03289938943115711
0.03289938888117938
0.03289938840551443
0.032899387996824014
0.03289938764802203
0.03289938735234921
0.032899387103425326
0.032899386895290594
0.032899386722434976
0.03289938657980762
0.03289938646282542
0.03289938636737
0.03289938628977118
0.032899386226794114
0.03289938617561683
0.03289938613380128
0.032899386099270234
0.032899386070272985
0.03289938604535614
0.03289938602333686
0.032899386003266584
0.032899385984407115
0.032899385966196903
0.032899385948232385
0.03289938593023667
0.032899385912041446
0.03289938589356556
0.03289938587479713
0.0328993858557739
0.03289938583657559
0.03289938581730756
0.032899385798089154
0.03289938577905038
0.03289938576032159
0.032899385742025555
0.03289938572427786
0.032899385707184536
0.032899385690832283
0.0328993856752976
0.032899385660637104
0.032899385646892654
0.03289938563409145
0.03289938562224437
0.03289938561135186
0.0328993856014006
0.032899385592366825
0.032899385584216456
0.032899385576913076
0.03289938557040861
0.032899385564654104
0.03289938555959615
0.032899385555179905
0.0328993855513503
0.032899385548051385
0.03289938554522909
0.03289938554283367
0.032899385540812176
0.032899385539118864
0.0328993855377101
0.03289938553654592
0.03289938553558913
0.03289938553480598
0.032899385534168046
0.032899385533647796
0.03289938553322269
0.03289938553287308
0.03289938553258265
0.03289938553233751
0.032899385532124126
0.03289938553193572
0.032899385531761305
0.032899385531598546
0.03289938553144045
0.03289938553128613
0.032899385531132364
0.03289938553097915
0.03289938553082428
0.032899385530668845
0.032899385530513414
0.03289938553035865
0.032899385530204994
0.03289938553005367
0.03289938552990612
0.032899385529763125
0.032899385529625236
0.03289938552949401
0.032899385529369884
0.03289938552925287
0.032899385529144065
0.032899385529042924
0.032899385528950886
0.03289938552886662
0.03289938552879068
0.03289938552872229
0.03289938552866278
0.03289938552860994
0.03289938552856275
0.03289938552852323
0.032899385528489256
0.03289938552846128
0.03289938552843663
0.032899385528417646
0.03289938552840199
0.03289938552838911
0.03289938552837979
0.032899385528372904
0.03289938552836791
0.032899385528364244
0.032899385528362024
0.03289938552836136
0.03289938552836025
0.032899385528361136
0.03289938552836069
0.032899385528362024
0.03289938552836247
0.03289938552836302
0.032899385528364355
0.03289938552836469
0.032899385528365244
0.032899385528365244
0.03289938552836613
0.0328993855283658
0.0328993855283658
0.03289938552836513
0.03289938552836513
0.03289938552836513
0.03289938552836358
0.032899385528362246
0.0328993855283618
0.03289938552836069
0.03289938552836025
0.032899385528359026
0.032899385528357694
0.03289938552835758
0.03289938552835625
0.032899385528355585
0.03289938552835603
0.0328993855283547
0.03289938552835403
0.03289938552835425
0.03289938552835325
0.0328993855283527
0.032899385528352254
0.032899385528352254
0.03289938552835192
0.03289938552835192
0.03289938552835181
0.03289938552835192
0.03289938552835148
0.03289938552835192
0.03289938552835103
0.03289938552835192
0.032899385528351366
0.03289938552835092
0.032899385528351144
0.032899385528351366
0.03289938552835203
0.03289938552835103
0.03289938552835159
0.03289938552835203
0.032899385528351366
0.03289938552835159
0.032899385528351144
0.03289938552835148
0.032899385528351144
0.03289938552835192
0.0328993855283507
0.032899385528351144
0.032899385528351366
0.03289938552835159
0.03289938552835092
0.03289938552835103
0.03289938552835159
0.032899385528351366
0.032899385528351144
0.032899385528351366
0.0328993855283507
0.03289938552835092
0.032899385528351144
0.03289938552835103
0.032899385528351144
0.03289938552835092
0.03289938552835092
0.032899385528351144
0.03289938552835103
0.032899385528351366
0.03289938552835103
0.032899385528351366
0.0328993855283507
0.03289938552835148
0.03289938552835103
0.03289938552835092
0.03289938552835103
0.03289938552835148
0.03289938552835148
0.0328993855283507
0.03289938552835048
0.03289938552835059
0.03289938552835048
0.03289938552835048
0.03289938552835148
0.032899385528351366
0.03289938552835103
0.0328993855283507
0.03289938552835092
0.03289938552835092
0.03289938552835181
0.03289938552835092
0.03289938552835103
0.03289938552835103
0.03289938552835092
0.0328993855283507
0.0328993855283507
0.032899385528351144
0.03289938552835148
0.03289938552835148
0.03289938552835048
0.03289938552835103
0.03289938552835092
0.03289938552835048
0.03289938552835048
0.032899385528350256
0.03289938552835092
0.03289938552835092
0.03289938552835103
0.032899385528351366
0.03289938552835103
0.0328993855283507
0.03289938552835103
0.03289938552835048
0.032899385528351366
0.032899385528351144
0.032899385528351366
0.03289938552835092
0.03289938552835103
0.03289938552835103
0.032899385528351366
0.032899385528351144
0.03289938552835103
0.03289938552835103
0.032899385528351144
0.03289938552835092
0.03289938552835048
0.03289938552835092
0.03289938552835148
0.03289938552835103
0.03289938552835092
0.0328993855283507
0.03289938552835092
0.03289938552835103
0.032899385528351366
0.03289938552835048
0.032899385528351366
0.03289938552835092
0.0328993855283507
0.03289938552835059
0.032899385528351366
0.03289938552835103
0.03289938552835148
0.03289938552835103
0.03289938552835159
0.0328993855283507
0.03289938552835148
0.03289938552835092
0.032899385528351366
0.03289938552835092
0.03289938552835048
0.03289938552835148
0.032899385528351366
0.0328993855283507
0.0328993855283507
0.0328993855283507
0.032899385528351366
0.03289938552835148
0.032899385528351144
0.0328993855283507
0.03289938552835092
0.03289938552835103
0.03289938552835148
0.0328993855283507
0.03289938552835103
0.032899385528351366
0.0328993855283507
0.03289938552835181
0.03289938552835048
0.03289938552835103
0.032899385528350145
0.03289938552835092
0.03289938552835103
0.03289938552835148
0.03289938552835103
0.032899385528351144
0.03289938552835103
0.032899385528350256
0.03289938552835103
0.03289938552835148
0.03289938552835103
0.03289938552835103
0.032899385528350256
0.032899385528351366
0.03289938552835103
0.032899385528351366
0.03289938552835148
0.032899385528351366
0.0328993855283507
0.032899385528350145
0.032899385528351144
0.03289938552835048
0.032899385528351366
0.032899385528351144
0.03289938552835192
0.03289938552835059
0.032899385528350256
0.032899385528351366
0.0328993855283507
0.03289938552835103
0.032899385528351144
0.0328993855283507
0.0328993855283507
0.032899385528351144
0.032899385528351144
0.0328993855283507
0.03289938552835059
0.03289938552835159
0.03289938552835059
0.0328993855283507
0.03289938552835148
0.03289938552835048
0.03289938552835059
0.03289938552835103
0.03289938552835059
0.032899385528351144
0.0328993855283507
0.03289938552835092
0.03289938552835103
0.03289938552835048
0.032899385528351144
0.0328993855283507
0.03289938552835048
0.0328993855283507
0.03289938552835059
0.03289938552835092
0.032899385528351366
0.03289938552835159
0.03289938552835048
0.03289938552835059
0.032899385528351144
0.032899385528351366
0.03289938552835048
0.032899385528351144
0.0328993855283507
0.03289938552835048
0.032899385528351366
0.03289938552835148
0.03289938552835159
0.03289938552835048
0.0328993855283507
0.03289938552835103
0.03289938552835103
0.03289938552835103
0.03289938552835103
0.03289938552835103
0.03289938552835181
0.03289938552835059
0.0328993855283507
0.03289938552835103
0.03289938552835048
0.0328993855283507
0.0328993855283507
0.03289938552835103
0.0328993855283507
0.0328993855283507
0.03289938552835103
0.03289938552835103
0.03289938552835103
0.03289938552835103
0.03289938552835148
0.032899385528351366
0.032899385528351366
0.032899385528351366
0.032899385528351366
0.03289938552835159
0.03289938552835148
0.03289938552835103
0.03289938552835103
0.03289938552835092
