1.1732791457197551
0.12633515273630078
0.11746159021752024
0.10915857811692192
0.10126953866535904
0.09375266152618063
0.08659527240757266
0.07979267508593274
0.07334233046699325
0.06724190969369577
0.06148855074554908
0.05607855463909802
0.051007263690315906
0.04626902312402961
0.04185718408488759
0.037764128686293516
0.03398130760938639
0.0304992855026525
0.027307791936069036
0.02439577711592209
0.02175147246796333
0.01936245675742615
0.017215728716404668
0.015297787218801477
0.013594719888773648
0.012092300661188368
0.010776096257542887
0.009631580843906086
0.008644257364537064
0.00779978327616124
0.007084097728392996
0.006483546723547681
0.005985002504327315
0.005575973394995371
0.005244700565692675
0.004980238677315635
0.004772518049705619
0.004612386817342017
0.004491632426210549
0.004402982716257622
0.004340087666735542
0.0042974836095228406
0.0042705423047163
0.004255407703876772
0.004248923492269715
0.004248554605613088
0.004252305870436984
0.004258640736824089
0.0042664027782301685
0.004274742247609564
0.004283049525810191
0.004290896801593873
0.004297988807581242
0.0043041229278394854
0.00430915851497065
0.004312994829929658
0.004315556665898404
0.004316786453429427
0.004316641477143705
0.004315094767365951
0.004312138259206256
0.00430778692627655
0.0043020827805367885
0.004295097863884126
0.004286935619202839
0.004277730296830467
0.004267644306712249
0.004256863650142432
0.004245591745470691
0.004234042091826058
0.004222430290931198
0.004210965970979837
0.004199845133523005
0.00418924338228004
0.004179310401452653
0.004170165940959142
0.004161897447460831
0.004154559362776619
0.004148174003615887
0.004142733845103202
0.004138204960012444
0.004134531318607957
0.004131639631228934
0.004129444416165922
0.004127852996401663
0.004126770166699868
0.004126102322833103
0.004125760902596721
0.004125665048828011
0.004125743463480846
0.004125935475073225
0.004126191386575853
0.004126472205037678
0.004126748876957956
0.004127001164570066
0.0041272162985899405
0.004127387534084722
0.004127512719879245
0.004127592970586236
0.00412763150621497
0.00412763269958989
0.0041276013484240655
0.004127542168402588
0.00412745948715083
0.004127357107124796
0.004127238298447529
0.004127105880286381
0.004126962350952777
0.004126810031691776
0.004126651196159546
0.0041264881658627265
0.004126323360404468
0.004126159299424615
0.004125998559977829
0.0041258436983264354
0.004125697148501262
0.004125561111482378
0.004125437448623539
0.004125327591280773
0.0041252324758852925
0.0041251525103466495
0.004125087574106131
0.004125037050758877
0.004124999889239583
0.004124974687338063
0.004124959789904413
0.004124953393548796
0.0041249536498789985
0.0041249587602367665
0.004124967056314472
0.004124977062769516
0.004124987539808711
0.00412499750550518
0.004125006239190426
0.004125013268518597
0.004125018343667817
0.004125021402598554
0.004125022531354575
0.004125021923116301
0.004125019839175904
0.004125016574287873
0.004125012428043365
0.004125007683115824
0.00412500259048931
0.0041249973611756285
0.0041249921634752265
0.0041249871245610135
0.0041249823350544045
0.004124977855299705
0.004124973722197229
0.0041249699556882135
0.004124966564259052
0.004124963549111824
0.0041249609069031875
0.004124958631163744
0.004124956712656944
0.004124955139023897
0.0041249538940814345
0.004124952957113937
0.004124952302430144
0.004124951899366251
0.004124951712815112
0.004124951704268137
0.004124951833276209
0.004124952059181119
0.004124952342938643
0.004124952648851265
0.004124952946048053
0.004124953209585627
0.004124953421092119
0.0041249535689283036
0.004124953647888206
0.004124953658504986
0.004124953606056152
0.004124953499381824
0.004124953349632015
0.004124953169051456
0.00412495296989342
0.0041249527635286234
0.00412495255978959
0.004124952366562366
0.0041249521896148
0.00412495203262976
0.004124951897400119
0.004124951784134045
0.004124951691820456
0.004124951618607269
0.004124951562154749
0.00412495151993652
0.004124951489472086
0.004124951468485274
0.0041249514549929695
0.004124951447334159
0.00412495144415411
0.0041249514443599915
0.004124951447063049
0.004124951451520997
0.004124951457089381
0.0041249514631881605
0.00412495146928518
