0.8056995528526931
0.7357638708137499
0.7347528910445659
0.7337381154528722
0.7327201624060575
0.7316993496701316
0.7306758442342742
0.7296497373481252
0.7286210791308727
0.7275898957948893
0.7265561989168623
0.7255199907754373
0.7244812676024419
0.7234400216594659
0.7223962426186258
0.7213499185126833
0.7203010364081823
0.719249582894227
0.7181955444447006
0.717138907691105
0.7160796596306183
0.7150177877860623
0.7139532803293747
0.7128861261768327
0.7118163150620183
0.7107438375909684
0.7096686852828828
0.7085908505989886
0.7075103269616219
0.7064271087651635
0.7053411913801853
0.7042525711519123
0.7031612453939454
0.7020672123780312
0.7009704713205673
0.6998710223664304
0.6987688665706335
0.6976640058782637
0.6965564431030828
0.6954461819051307
0.6943332267676305
0.6932175829734419
0.6920992565812969
0.6909782544019994
0.6898545839747561
0.6887282535437773
0.6875992720352655
0.6864676490348829
0.6853333947657849
0.6841965200672773
0.6830570363741462
0.6819149556967004
0.6807702906015507
0.6796230541931397
0.678473260096037
0.6773209224379908
0.6761660558337399
0.6750086753695718
0.67384879658861
0.6726864354768172
0.6715216084496899
0.6703543323396204
0.6691846243839048
0.6680125022133665
0.6668379838415721
0.6656610876546045
0.6644818324013757
0.6633002371844423
0.6621163214512993
0.6609301049861256
0.6597416079019538
0.6585508506332363
0.657357853928785
0.6561626388450585
0.6549652267397765
0.6537656392658324
0.6525638983654896
0.651360026264836
0.6501540454684802
0.6489459787544705
0.6477358491694156
0.6465236800237957
0.6453094948874476
0.6440933175852017
0.6428751721926709
0.6416550830321628
0.6404330746687159
0.6392091719062432
0.6379833997837696
0.6367557835717599
0.6355263487685241
0.6342951210966894
0.6330621264997389
0.6318273911385999
0.6305909413882824
0.6293528038345584
0.628113005270676
0.626871572694103
0.6256285333032978
0.6243839144944991
0.6231377438585315
0.621890049177626
0.620640858422248
0.619390199747931
0.6181381014921155
0.6168845921709838
0.6156297004762994
0.6143734552722369
0.6131158855922068
0.6118570206356753
0.6105968897649712
0.6093355225020853
0.6080729485254524
0.6068091976667305
0.6055442999075529
0.6042782853762758
0.6030111843447072
0.6017430272248163
0.6004738445654334
0.5992036670489254
0.5979325254878611
0.5966604508216531
0.5953874741131868
0.5941136265454292
0.5928389394180216
0.5915634441438551
0.5902871722456264
0.5890101553523808
0.5877324251960347
0.5864540136078826
0.5851749525150902
0.5838952739371679
0.5826150099824317
0.5813341928444511
0.5800528547984749
0.5787710281978526
0.577488745470438
0.5762060391149779
0.5749229416974935
0.573639485847647
0.5723557042550986
0.5710716296658529
0.5697872948785965
0.5685027327410246
0.5672179761461649
0.5659330580286872
0.5646480113612105
0.5633628691506047
0.5620776644342849
0.5607924302765035
0.5595071997646373
0.5582220060054723
0.5569368821214886
0.555651861247141
0.5543669765251393
0.5530822611027366
0.5517977481280039
0.5505134707461243
0.5492294620956804
0.5479457553049416
0.5466623834881688
0.5453793797419153
0.5440967771413356
0.5428146087365009
0.5415329075487281
0.5402517065669106
0.5389710387438618
0.5376909369926697
0.5364114341830648
0.5351325631377937
0.5338543566290128
0.5325768473746919
0.5313000680350348
0.5300240512089109
0.5287488294303111
0.5274744351648111
0.5262009008060611
0.5249282586722888
0.5236565410028233
0.5223857799546407
0.5211160075989276
0.5198472559176706
0.5185795568002642
0.5173129420401423
0.5160474433314381
0.5147830922656624
0.5135199203284102
0.5122579588960974
0.5109972392327142
0.5097377924866158
0.5084796496873385
0.5072228417424383
0.5059673994343681
0.5047133534173804
0.5034607342144577
0.5022095722142828
0.5009598976682308
0.49971174068740065
0.49846513123967695
0.4972200991468251
0.4959766740816215
0.49473488556501943
0.49349476296334593
0.49225633548553915
0.4910196321804198
0.48978468193399927
0.488551513466822
0.48732015533135276
0.4860906359093957
0.48486298340955103
0.48363722586471636
0.4824133911296221
0.48119150687840884
0.4799716006022433
0.47875369960697733
0.477537831010843
0.476324021742192
0.4751122985372783
0.4739026879380738
0.4726952162901379
0.4714899097405185
0.47028679423570163
0.469085895519601
0.4678872391315919
0.46669085040458647
0.46549675446315153
0.46430497622167677
0.46311554038257274
0.4619284714345254
0.4607437936507913
0.45956153108752984
0.4583817075821889
0.45720434675192834
0.4560294719920899
0.45485710647471056
0.453687273147084
0.4525199947303563
0.4513552937181796
0.4501931923753991
0.4490337127367888
0.44787687660583064
0.44672270555354077
0.4455712209173336
0.4444224437999368
0.4432763950683465
0.4421330953528262
0.44099256504595186
0.4398548243016964
0.4387198930345676
0.43758779091877364
0.43645853738744844
0.4353321516319063
0.4342086526009531
0.4330880590002224
0.4319703892915778
0.4308556616925331
0.429743894175731
0.42863510446845854
0.4275293100522046
0.4264265281622549
0.4253267757873378
0.4242300696692992
0.4231364263028278
0.42204586193521254
0.4209583925661514
0.4198740339475826
0.41879280158357324
0.41771471073023614
0.4166397763956873
0.41556801334004445
0.41449943607546136
0.4134340588661979
0.41237189572873234
0.411312960431912
0.41025726649712446
0.40920482719852946
0.40815565556330846
0.40710976437195423
0.4060671661586005
0.40502787321137745
0.40399189757280973
0.4029592510402411
0.40192994516629865
0.4009039912593867
0.3998814003842094
0.39886218336233614
0.3978463507727854
0.3968339129526496
0.3958248799977464
0.3948192617632983
0.3938170678646514
0.3928183076780064
0.39182299034119805
0.3908311247544881
0.38984271958139205
0.38885778324953557
0.3878763239515326
0.3868983496458914
0.38592386805795187
0.38495288668083927
0.3839854127764515
0.38302145337646165
0.38206101528336267
0.3811041050715055
0.38015072908819336
0.37920089345477215
0.37825460406776457
0.3773118666000064
0.3763726865018163
0.37543706900218465
0.37450501910997935
0.3735765416151725
0.37265164109008597
0.3717303218906617
0.370812588157739
0.3698984438183578
0.368987892587079
0.3680809379673181
0.3671775832526968
0.36627783152841376
0.3653816856726254
0.3644891483578435
0.3636002220523502
0.3627149090216223
0.36183321132977675
0.36095513084101927
0.3600806692211116
0.3592098279388519
0.35834260826756836
0.35747901128661275
0.35661903788287674
0.355762688752325
0.3549099644015118
0.35406086514913426
0.35321539112758826
0.3523735422845172
0.3515353183843929
0.3507007190100905
0.3498697435644669
0.34904239127196235
0.3482186611801935
0.3473985521615619
0.3465820629148615
0.3457691919669007
0.3449599376741208
0.3441542982242243
0.34335227163780535
0.34255385576998776
0.3417590483120607
0.340967846793125
0.3401802485817339
0.33939625088754766
0.33861585076297607
0.33783904510484153
0.33706583065602236
0.33629620400711313
0.3355301615980859
0.3347676997199346
0.33400881451634623
0.33325350198534887
0.3325017579809728
0.3317535782149066
0.3310089582581509
0.3302678935426755
0.3295303793630704
0.32879641087819644
0.32806598311283786
0.3273390909593449
0.3266157291792805
0.32589589240506334
0.3251795751416019
0.32446677176793237
0.3237574765388519
0.32305168358653846
0.32234938692218973
0.32165058043762285
0.3209552579069045
0.3202634129879547
0.31957503922415176
0.31889013004593514
0.3182086787723971
0.3175306786128713
0.31685612266852015
0.31618500393390725
0.31551731529857063
0.3148530495485894
0.31419219936813647
0.313534757341038
0.3128807159523094
0.31223006758969785
0.31158280454521503
0.3109389190166537
0.3102984031091093
0.3096612488364826
0.3090274481229843
0.3083969928046272
0.30776987463070427
0.30714608526527387
0.30652561628861863
0.305908459198712
0.3052946054126622
0.3046840462681599
0.30407677302490876
0.3034727768660481
0.3028720488995743
0.3022745801597385
0.30168036160845035
0.3010893841366634
0.3005016385657543
0.2999171156488907
0.2993358060723895
0.29875770045707306
0.2981827893596002
0.2976110632738048
0.29704251263201265
0.2964771278063508
0.295914899110053
0.295355816798748
0.2947998710717402
0.29424705207328083
0.2936973498938307
0.2931507545713071
0.2926072560923272
0.292066844393438
0.29152950936233457
0.29099524083907014
0.2904640286172576
0.28993586244525804
0.28941073202735224
0.2888886270249206
0.28836953705759283
0.2878534517043967
0.287340360504896
0.2868302529603177
0.28632311853466563
0.2858189466558282
0.2853177267166721
0.28481944807612736
0.2843241000602622
0.2838316719633466
0.283342153048903
0.2828555325507526
0.282371799674049
0.28189094359629296
0.28141295346835227
0.2809378184154582
0.2804655275381974
0.279996069913493
0.27952943459557444
0.27906561061693724
0.2786045869892928
0.2781463527045077
0.27769089673553127
0.277238208037319
0.2767882755477383
0.2763410881884637
0.2758966348658739
0.2754549044719211
0.2750158858850066
0.27457956797083793
0.27414593958327205
0.2737149895651635
0.2732867067491833
0.2728610799586447
0.2724380980083111
0.2720177497051961
0.2716000238493472
0.27118490923463623
0.27077239464952474
0.27036246887782023
0.2699551206994403
0.269550338891141
0.26914811222726065
0.26874842948043665
0.26835127942232084
0.26795665082429065
0.2675645324581346
0.2671749130967477
0.26678778151480576
0.2664031264894323
0.2660209368008628
0.2656412012330924
0.26526390857451887
0.2648890476185751
0.26451660716435743
0.26414657601723546
0.2637789429894659
0.26341369690078487
0.263050826579005
0.2626903208605942
0.2623321685912471
0.26197635862645596
0.2616228798320641
0.261271721084813
0.2609228712728927
0.26057631929646075
0.2602320540681795
0.2598900645137271
0.25955033957230844
0.25921286819715694
0.25887763935602714
0.2585446420316817
0.2582138652223699
0.2578852979423
0.25755892922210044
0.2572347481092784
0.2569127436686691
0.25659290498287346
0.25627522115269674
0.25595968129757596
0.25564627455599853
0.25533499008591587
0.2550258170651487
0.25471874469179134
0.2544137621845971
0.2541108587833726
0.25381002374935
0.2535112463655623
0.25321451593721445
0.25291982179203176
0.25262715328062624
0.2523364997768319
0.2520478506780547
0.2517611954056016
0.2514765234050079
0.25119382414636604
0.250913087124634
0.25063430185994895
0.25035745789793185
0.2500825448099855
0.24980955219358447
0.24953846967256466
0.24926928689740369
0.249001993545498
0.2487365793214268
0.2484730339572243
0.24821134721263294
0.2479515088753591
0.2476935087613209
0.247437336714892
0.2471829826091384
0.2469304363460516
0.24667968785677175
0.24643072710182035
0.24618354407130727
0.2459381287851471
0.2456944712932686
0.2454525616758153
0.24521239004334372
0.24497394653701854
0.24473722132879627
0.24450220462161765
0.24426888664957902
0.24403725767811169
0.24380730800415218
0.2435790279563066
0.24335240789501544
0.2431274382127082
0.24290410933395756
0.24268241171563132
0.24246233584703047
0.24224387225004007
0.2420270114792572
0.2418117441221278
0.2415980607990763
0.24138595216362868
0.24117540890253453
0.24096642173588545
0.24075898141722807
0.24055307873367138
0.240348704505997
0.2401458495887615
0.23994450487039354
0.23974466127328986
0.23954630975390623
0.23934944130285152
0.23915404694496845
0.23896011773941372
0.23876764477974233
0.23857661919397932
0.2383870321446917
0.23819887482906132
0.2380121384789451
0.23782681436094244
0.23764289377645254
0.23746036806173276
0.23727922858795203
0.2370994667612386
0.23692107402273554
0.23674404184863462
0.236568361750232
0.2363940252739546
0.2362210240014061
0.23604934954939916
0.23587899356998288
0.23570994775047416
0.23554220381348812
0.23537575351695228
0.23521058865413835
0.23504670105367131
0.23488408257955262
0.2347227251311681
0.23456262064330646
0.23440376108616245
0.23424613846534503
0.23408974482188238
0.23393457223222403
0.2337806128082427
0.23362785869722635
0.23347630208188042
0.23332593518031863
0.23317675024605133
0.23302873956798154
0.23288189547038662
0.23273621031290437
0.2325916764905186
0.23244828643354098
0.2323060326075862
0.2321649075135549
0.2320249036876043
0.23188601370112494
0.23174823016071677
0.23161154570814813
0.23147595302033774
0.23134144480931196
0.2312080138221736
0.23107565284106668
0.23094435468313446
0.23081411220048376
0.23068491828014193
0.23055676584401208
0.23042964784883235
0.23030355728612661
0.23017848718215983
0.23005443059788577
0.22993138062890184
0.22980933040538998
0.22968827309207107
0.22956820188814786
0.229449110027241
0.22933099077734598
0.22921383744076662
0.22909764335405303
0.2289824018879476
0.22886810644731614
0.22875475047108484
0.22864232743218327
0.22853083083746784
0.22842025422766188
0.22831059117728536
0.2282018352945826
0.22809398022145844
0.22798701963339874
0.2278809472394071
0.22777575678191697
0.22767144203673795
0.22756799681295814
0.2274654149528822
0.22736369033194748
0.2272628168586469
0.22716278847445126
0.22706359915372343
0.22696524290364584
0.22686771376412862
0.22677100580773146
0.22667511313958144
0.22658002989728487
0.2264857502508416
0.2263922684025642
0.22629957858698002
0.22620767507075623
0.22611655215260063
0.2260262041631772
0.22593662546501847
0.22584781045242674
0.2257597535513889
0.22567244921948582
0.22558589194578893
0.2255000762507824
0.22541499668625564
0.22533064783521362
0.22524702431178456
0.22516412076111914
0.22508193185929393
0.22500045231321952
0.2249196768605365
0.22483960026952232
0.22476021733899065
0.22468152289818966
0.22460351180670768
0.224526178954369
0.22444951926113121
0.22437352767699303
0.22429819918188132
0.22422352878555818
0.2241495115275116
0.22407614247685903
0.224003416732239
0.223931329421709
0.22385987570264165
0.2237890507616216
0.2237188498143402
0.22364926810548802
0.223580300908648
0.22351194352619996
0.22344419128920257
0.22337703955729082
0.22331048371857254
0.22324451918951638
0.22317914141484962
0.22311434586744638
0.2230501280482211
0.2229864834860219
0.22292340773752073
0.22286089638710394
0.222798945046768
0.22273754935600332
0.22267670498169212
0.22261640761799562
0.2225566529862436
0.2224974368348286
0.22243875493909016
0.22238060310121
0.22232297715009874
0.2222658729412902
0.22220928635682158
0.2221532133051345
0.2220976497209538
0.22204259156518447
0.22198803482479457
0.221933975512712
0.22188040966770395
0.2218273333542733
0.22177474266254293
0.22172263370814493
0.2216710026321128
0.22161984560076586
0.22156915880559813
0.22151893846317117
0.22146918081499478
0.22141988212742358
0.22137103869154162
0.2213226468230468
0.22127470286214723
0.2212272031734459
0.22118014414582599
0.22113352219234483
0.22108733375011758
0.2210415752802105
0.22099624326752243
0.2209513342206817
0.22090684467192945
0.2208627711770076
0.22081911031505308
0.22077585868847882
0.2207330129228694
0.2206905696668664
0.22064852559205683
0.22060687739286566
0.2205656217864428
0.2205247555125487
0.22048427533345116
0.22044417803381056
0.22040446042056694
0.2203651193228381
0.2203261515917968
0.2202875541005721
0.22024932374413486
0.22021145743918613
0.22017395212405233
0.220136804758568
0.2201000123239778
0.22006357182281455
0.22002748027879937
0.21999173473672962
0.21995633226236933
0.21992126994234162
0.21988654488402093
0.21985215421542348
0.21981809508509842
0.2197843646620229
0.21975096013549378
0.21971787871501658
0.2196851176302047
0.21965267413066047
0.21962054548588628
0.21958872898516202
0.2195572219374441
0.21952602167126212
0.21949512553460993
0.2194645308948363
0.21943423513855065
0.21940423567150347
0.21937452991849105
0.2193451153232484
0.21931598934834007
0.21928714947506378
0.2192585932033405
0.21923031805161097
0.21920232155673436
0.219174601273881
0.21914715477643687
0.21911997965589036
0.2190930735217389
0.21906643400138126
0.21904005874001609
0.21901394540054253
0.21898809166345423
0.21896249522674527
0.2189371538057996
0.21891206513330108
0.21888722695912177
0.21886263705023268
0.21883829319059578
0.21881419318106643
0.21879033483929877
0.21876671599963948
0.21874333451303396
0.21872018824692663
0.21869727508516423
0.21867459292789404
0.21865213969147035
0.21862991330835546
0.21860791172702487
0.2185861329118649
0.21856457484308844
0.2185432355166217
0.21852211294402524
0.21850120515238824
0.21848051018423964
0.21846002609744664
0.21843975096512736
0.21841968287555458
0.21839981993205804
0.21838016025293616
0.21836070197136392
0.21834144323529225
0.2183223822073651
0.2183035170648201
0.218284845999403
0.21826636721727155
0.2182480789389044
0.21822997939901667
0.218212066846459
0.21819433954413991
0.21817679576892657
0.21815943381155678
0.21814225197655457
0.2181252485821391
0.2181084219601347
0.21809177045588513
0.21807529242816293
0.21805898624908915
0.21804285030403658
0.21802688299154982
0.21801108272325953
0.2179954479237911
0.21797997703068583
0.21796466849431084
0.2179495207777743
0.21793453235684535
0.2179197017198654
0.21790502736766726
0.21789050781348918
0.2178761415828957
0.2178619272136877
0.21784786325583327
0.2178339482713677
0.21782018083432841
0.21780655953066475
0.21779308295815658
0.21777974972634206
0.21776655845642556
0.21775350778120972
0.21774059634500442
0.2177278228035605
0.2177151858239771
0.21770268408463467
0.21769031627511204
0.21767808109610687
0.21766597725936387
0.21765400348759412
0.21764215851439728
0.21763044108418994
0.21761884995212488
0.2176073838840188
0.21759604165627744
0.21758482205581642
0.21757372387999263
0.21756274593652802
0.2175518870434333
0.2175411460289386
0.2175305217314173
0.21752001299931667
0.2175096186910811
0.21749933767508722
0.21748916882956382
0.21747911104252848
0.21746916321171028
0.217459324244484
0.2174495930578001
0.21743996857811043
0.21743044974130254
0.2174210354926327
0.2174117247866506
0.2174025165871375
0.21739340986703626
0.21738440360838107
0.21737549680223445
0.21736668844861695
0.21735797755644637
0.21734936314346198
0.21734084423616562
0.21733241986975704
0.21732408908806733
0.21731585094348993
0.2173077044969215
0.21729964881769626
0.21729168298352397
0.21728380608042397
0.21727601720266065
0.21726831545268743
0.21726069994108055
0.21725316978647147
0.21724572411549747
0.2172383620627315
0.21723108277062286
0.21722388538944004
0.21721676907720566
0.21720973299963886
0.21720277633009843
0.21719589824951857
0.21718909794635577
0.21718237461652368
0.21717572746334168
0.21716915569747297
0.21716265853686811
0.21715623520670757
0.21714988493934717
0.2171436069742576
0.21713740055797193
0.2171312649440288
0.2171251993929154
0.21711920317201638
0.21711327555555338
0.21710741582453574
0.2171016232667019
0.2170958971764717
0.2170902368548866
0.21708464160955954
0.21707911075462427
0.21707364361067472
0.2170682395047262
0.2170628977701502
0.21705761774663201
0.21705239878011484
0.21704724022275013
0.21704214143284783
0.2170371017748267
0.21703212061916133
0.21702719734233644
0.2170223313267936
0.21701752196088842
0.217012768638834
0.2170080707606572
0.21700342773215375
0.2169988389648304
0.2169943038758717
0.2169898218880788
0.21698539242983061
0.21698101493503963
0.21697668884309607
0.21697241359883268
0.21696818865247114
0.21696401345958305
0.21695988748103934
0.2169558101829704
0.2169517810367173
0.21694779951879217
0.21694386511083052
0.21693997729955228
0.2169361355767111
0.21693233943906476
0.21692858838831242
0.2169248819310735
0.21692121957883226
0.21691760084790046
0.21691402525937464
0.2169104923390982
0.21690700161761634
