0.999983111763803
0.999981980172685
0.9999807952251686
0.9999793905381542
0.9999777760300881
0.999975927474405
0.9999738106844067
0.9999713898328126
0.9999686212965605
0.9999654619190484
0.999961857502411
0.9999577536185494
0.9999530827704339
0.9999477846471752
0.9999417862502281
0.9999349987645423
0.9999273535627273
0.9999187633054785
0.9999091295998191
0.9998983729432387
0.9998864080169101
0.9998731329726477
0.9998584238232944
0.9998421736081452
0.9998243140359603
0.9998047420814706
0.9997833741887054
0.999760058182186
0.9997347220866264
0.9997073435710355
0.9996777517063998
0.9996459090665356
0.9996118035566659
0.9995752912458188
0.9995362788362447
0.9994946769604093
0.9994504217083919
0.9994035466315843
0.9993539840711717
0.9993015879550857
0.9992463565815162
0.9991883145933443
0.9991271381377865
0.9990631960614036
0.998996282011237
0.9989264024615394
0.9988536131870172
0.9987780382856406
0.9986996032726945
0.9986183345470727
0.9985343853691654
0.9984474289871526
0.9983577886761407
0.9982653396135225
0.9981703683588916
0.9980731143350197
0.997973743892687
0.9978729008628975
0.9977701286433738
0.9976653805078504
0.9975588827972556
0.9974510541028556
0.9973411860942807
0.9972302734219151
0.9971189352525976
0.9970071662420149
0.9968947066531326
0.9967820484318701
0.9966695647864299
0.9965568999029643
0.9964443457840613
0.9963319780924145
0.9962199721571582
0.9961096242130677
0.9959998004971262
0.9958918136894624
0.9957852520116436
0.9956799731987239
0.9955764233894535
0.9954748408001877
0.9953752542171546
0.9952778123344194
0.9951825603204152
0.9950895951979206
0.9949995801939674
0.994910830866977
0.9948231070565197
0.9947369336072969
0.9946536972786703
0.9945717309886567
0.9944917519558175
0.9944147404371626
0.9943403395214876
0.9942677550413362
0.994196936098302
0.9941289215307477
0.9940620756730675
0.9939975982157012
0.9939339705564579
0.9938719286437717
0.9938117044012609
0.9937534378276592
0.993698522050289
0.9936464286271061
0.9935950594645786
0.9935446172338988
0.9934954446444535
0.9934479913858429
0.9934009082468338
0.993355413071861
0.9933094668307538
0.9932659386315028
0.9932244366694108
0.9931856778805035
0.9931476714198121
0.993111156866333
0.993075505406096
0.9930420235917834
0.9930094160878385
0.9929787434236406
0.9929483363162648
0.9929200792132393
0.99289193143268
0.9928650731351737
0.9928394854739249
0.9928161356313464
0.992793302878903
0.9927722167300126
0.9927508138492854
0.992730889566408
0.992709823542199
0.9926913367970864
0.9926730208408499
0.9926564126418136
0.992640878787191
0.9926260807882709
0.9926112165639143
0.9925974084938034
0.9925848404874428
0.9925734896055801
0.9925626720902243
0.9925516045591585
0.9925414975463257
0.9925324329397605
0.992524624047883
0.9925167580450989
0.992509587334652
0.9925026643000204
0.9924964714097362
0.9924913971037889
0.9924879768751746
0.9924847639872315
0.9924820497390537
0.9924798022995758
0.992477993187264
0.9924763633993963
0.9924756653479767
0.9924750126124436
0.992474857654722
0.992474870644402
0.9924759990800972
0.9924768073385684
0.9924800043962754
0.9924836185925883
0.9924854487753835
0.9924886273997343
0.9924923198374269
0.9924960661845085
0.9925011884647582
0.9925073828010597
0.992514180557757
0.9925203969766278
0.9925267159029543
0.9925332090678961
0.9925399235798714
0.9925461279913947
0.9925536513121243
0.9925612680687192
0.9925701052177219
0.9925785227667634
0.9925869620631665
0.9925949013707422
0.9926032993202316
0.9926126220752862
0.9926236369813451
0.9926359378777947
0.9926488554889497
0.9926630631927743
0.9926764068055074
0.9926906302643446
0.9927045000826107
0.9927191507432246
0.9927343328630925
0.9927481566922851
0.9927607172509179
0.9927748323954221
0.9927903007620595
0.9928059158635674
0.9928203680901646
0.9928343337580794
