0.8025410106818349
0.7477628496773769
0.7466300035594786
0.7454907989060069
0.7443464318590991
0.7431976200533219
0.7420447659684191
0.7408881042960371
0.7397277762265098
0.7385638676571722
0.7373964300835225
0.7362254927224448
0.7350510699231982
0.7338731659045896
0.7326917779011519
0.7315068983226352
0.7303185162789383
0.729126618683587
0.7279311910690829
0.7267322182000466
0.7255296845410153
0.7243235746174457
0.7231138732966471
0.7219005660075595
0.7206836389130309
0.7194630790446375
0.7182388744075687
0.7170110140613086
0.7157794881805604
0.7145442880999133
0.7133054063450464
0.7120628366527462
0.7108165739815988
0.709566614514912
0.7083129556571617
0.7070555960250776
0.7057945354342979
0.7045297748824033
0.7032613165290289
0.7019891636736482
0.7007133207315481
0.699433793208447
0.6981505876741347
0.6968637117354748
0.6955731740090483
0.6942789840936869
0.6929811525430982
0.6916796908387599
0.6903746113632265
0.6890659273739657
0.6877536529778243
0.6864378031061966
0.6851183934909579
0.683795440641201
0.6824689618208104
0.6811389750268935
0.6798054989690705
0.6784685530496328
0.6771281573445538
0.6757843325853425
0.6744371001417285
0.6730864820051379
0.6717325007729589
0.6703751796335449
0.6690145423519454
0.6676506132563182
0.6662834172249985
0.6649129796741915
0.6635393265462497
0.6621624842985105
0.6607824798926563
0.6593993407845622
0.6580130949146092
0.6566237706984228
0.6552313970180148
0.6538360032132953
0.6524376190739294
0.651036274831515
0.6496320011520527
0.6482248291286823
0.6468147902746773
0.6454019165166522
0.6439862401879886
0.6425677940224406
0.6411466111479132
0.639722725080393
0.6382961697180158
0.6368669793352562
0.6354351885772274
0.6340008324540742
0.6325639463354515
0.6311245659450748
0.6296827273553367
0.6282384669819683
0.6267918215787538
0.625342828232275
0.6238915243566847
0.6224379476885036
0.6209821362814323
0.6195241285011701
0.6180639630202391
0.6166016788128077
0.615137315149509
0.6136709115922465
0.6122025079889934
0.6107321444685692
0.6092598614353979
0.6077856995642514
0.6063096997949589
0.6048319033270959
0.6033523516146471
0.6018710863606356
0.6003881495117207
0.598903583252772
0.5974174300014012
0.5959297324024673
0.5944405333225431
0.5929498758443534
0.5914578032611746
0.5899643590711992
0.5884695869718699
0.5869735308541773
0.5854762347969225
0.5839777430609483
0.5824781000833386
0.5809773504715798
0.5794755389976998
0.5779727105923675
0.5764689103389646
0.5749641834676351
0.5734585753492938
0.5719521314896217
0.5704448975230247
0.5689369192065741
0.5674282424139196
0.5659189131291824
0.5644089774408281
0.5628984815355136
0.5613874716919258
0.5598759942745968
0.5583640957277005
0.556851822568847
0.5553392213828519
0.5538263388155018
0.5523132215673074
0.5507999163872517
0.5492864700665301
0.5477729294322837
0.5462593413413321
0.5447457526739081
0.5432322103273837
0.5417187612100058
0.5402054522346311
0.5386923303124704
0.5371794423468332
0.5356668352268874
0.5341545558214242
0.5326426509726379
0.5311311674899182
0.5296201521436561
0.528109651659068
0.5265997127100386
0.5250903819129848
0.5235817058207346
0.5220737309164418
0.5205665036075118
0.5190600702195638
0.5175544769904186
0.5160497700641111
0.514545995484945
0.5130431991915663
0.5115414270110874
0.5100407246532295
0.5085411377045188
0.5070427116225096
0.505545491730057
0.5040495232096247
0.5025548510976385
0.5010615202788853
0.4995695754809607
0.4980790612687561
0.49659002203900704
0.49510250201487593
0.4936165452406045
0.49213219557620436
0.4906494966922098
0.48916849206448065
0.4876892249690692
0.48621173847713506
0.48473607544992936
0.4832622785338294
0.481790390155442
0.4803204525167678
0.4788525075904203
0.47738659711492204
0.47592276259006117
0.4744610452723065
0.473001486170304
0.4715441260404295
0.4700890053824164
0.46863616443505063
0.46718564317193934
0.4657374812973455
0.4642917182421018
0.4628483931595905
0.46140754492180225
0.4599692121154634
0.4585334330382477
0.4571002456950487
0.455669687794345
0.4542417967446267
0.4528166096509125
0.4513941633113282
0.4499744942137819
0.44855763853270214
0.44714363212586095
0.4457325105312774
0.44432430896419417
0.4429190623141437
0.44151680514208047
0.4401175716776079
0.43872139581627423
0.43732831111695436
0.4359383507993062
0.43455154774132276
0.4331679344769407
0.43178754319374946
0.4304104057307735
0.4290365535763375
0.427666017866003
0.42629882938060226
0.42493501854433446
0.4235746154229557
0.4222176497220407
0.420864150785327
0.4195141475931391
0.4181676687608957
0.41682474253768353
0.4154853968049237
0.4141496590751095
0.4128175564906228
0.41148911582262915
0.41016436347005003
0.40884332545861024
0.4075260274399629
0.40621249469089227
0.4049027521125853
0.40359682422998844
0.40229473519122805
0.4009965087671131
0.39970216835070416
0.39841173695696075
0.39712523722245596
0.39584269140516604
0.3945641213843286
0.3932895486603719
0.3920189943549107
0.390752479210818
0.3894900235923535
0.3882316474853704
0.38697737049757996
0.38572721185888814
0.3844811904217934
0.3832393246618492
0.3820016326781913
0.38076813219412387
0.3795388405577742
0.3783137747428007
0.3770929513491642
0.3758763866039594
0.37466409636230413
0.3734560961082838
0.37225240095595236
0.3710530256503971
0.3698579845688429
0.36866729172182433
0.3674809607544044
0.36629900494744605
0.3651214372189332
0.3639482701253467
0.3627795158630819
0.3616151862699236
0.3604552928265631
0.35929984665815773
0.3581488585359458
0.35700233887889654
0.35586029775541306
0.3547227448850647
0.35358968964037685
0.3524611410486497
0.35133710779381877
0.3502175982183605
0.34910262032522865
0.34799218177983027
0.34688628991203885
0.34578495171824153
0.34468817386341877
0.34359596268325665
0.34250832418630117
0.34142526405612694
0.3403467876535503
0.33927290001886634
0.33820360587411424
0.33713890962537063
0.33607881536507045
0.33502332687435565
0.33397244762544
0.3329261807840109
0.33188452921164424
0.33084749546824377
0.3298150818145059
0.32878729021440034
0.32776412233767094
0.3267455795623583
0.3257316629773387
0.32472237338487775
0.32371771130320115
0.32271767696908993
0.32172227034047074
0.320731491099043
0.31974533865289967
0.3187638121391747
0.31778691042668983
0.31681463211862215
0.31584697555517793
0.3148839388162722
0.3139255197242209
0.312971715846441
0.31202252449815626
0.31107794274510636
0.3101379674062693
0.30920259505658054
0.30827182202966263
0.3073456444205519
0.3064240580884383
0.305507058659393
0.30459464152911286
0.30368680186565633
0.30278353461218044
0.3018848344896835
0.30099069599973804
0.30010111342723145
0.29921608084309825
0.2983355921070535
0.2974596408703194
0.2965882205783532
0.2957213244735657
0.2948589455980426
0.2940010767962494
0.29314771071774093
0.29229883981986216
0.29145445637043677
0.29061455245045664
0.2897791199567582
0.2889481506046945
0.28812163593079276
0.2872995672954143
0.2864819358853943
0.28566873271667037
0.2848599486369213
0.2840555743281631
0.2832556003093637
0.2824600169390301
0.2816688144177908
0.2808819827909579
0.2800995119510922
0.27932139164053815
0.2785476114539588
0.2777781608408517
0.27701302910805436
0.27625220542223083
0.2754956788123537
0.2747434381721584
0.2739954722625977
0.27325176971426857
0.27251231902983386
0.2717771085864219
0.2710461266380163
0.2703193613178213
0.26959680064062075
0.2688784325051198
0.2681642446962623
0.26745422488753956
0.26674836064328067
0.2660466394209223
0.26534904857326946
0.26465557535072826
0.26396620690353245
0.2632809302839437
0.26259973244844337
0.26192260025989256
0.2612495204896911
0.2605804798199095
0.25991546484539985
0.2592544620758982
0.2585974579381002
0.2579444387777229
0.2572953908615476
0.25665030037944403
0.25600915344637754
0.2553719361043889
0.2547386343245762
0.2541092340090332
0.25348372099278504
0.2528620810457026
0.25224429987439356
0.2516303631240818
0.2510202563804599
0.2504139651715308
0.2498114749694227
0.24921277119219576
0.24861783920561897
0.24802666432493226
0.24743923181659866
0.24685552690002155
0.246275534749254
0.2456992404946905
0.24512662922473283
0.2445576859874441
0.24399239579217802
0.24343074361119488
0.24287271438125957
0.24231829300521202
0.24176746435353647
0.24122021326589282
0.24067652455264155
0.24013638299634776
0.23959977335326998
0.23906668035482637
0.23853708870904133
0.23801098310198165
0.23748834819917086
0.2369691686469818
0.23645342907402023
0.2359411140924802
0.2354322082994953
0.23492669627845608
0.23442456260032662
0.23392579182493067
0.2334303685022293
0.2329382771735785
0.2324495023729659
0.2319640286282385
0.23148184046230924
0.2310029223943456
0.23052725894093973
0.2300548346172776
0.22958563393826426
0.22911964141966046
0.22865684157918753
0.22819721893761746
0.22774075801985416
0.22728744335598916
0.226837259482353
0.22639019094253998
0.22594622228842365
0.2255053380811588
0.22506752289216314
0.22463276130408383
0.22420103791175483
0.22377233732313562
0.22334664416023342
0.22292394306001395
0.2225042186752998
0.22208745567564525
0.22167363874821
0.2212627525986034
0.22085478195173314
0.22044971155262238
0.22004752616722467
0.2196482105832196
0.2192517496108014
0.21885812808344063
0.21846733085864978
0.21807934281872932
0.21769414887148997
0.2173117339509797
0.21693208301818412
0.21655518106172822
0.2161810130985451
0.21580956417455577
0.21544081936531845
0.215074763776676
0.2147113825453909
0.21435066083975718
0.21399258386021902
0.2136371368399601
0.2132843050454959
0.2129340737772426
0.21258642837008512
0.2122413541939232
0.2118988366542197
0.21155886119252454
0.2112214132869955
0.21088647845291186
0.2105540422431661
0.21022409024875577
0.20989660809925847
0.2095715814633028
0.20924899604902336
0.20892883760450953
0.20861109191823968
0.20829574481951585
0.2079827821788749
0.20767218990850245
0.20736395396263363
0.2070580603379346
0.20675449507389454
0.20645324425319078
0.2061542940020571
0.20585763049063477
0.2055632399333166
0.20527110858909037
0.20498122276186226
0.2046935688007806
0.2044081331005415
0.2041249021017023
0.20384386229097018
0.2035650002014946
0.203288302413141
0.20301375555277168
0.20274134629450102
0.2024710613599613
0.20220288751854598
0.20193681158765486
0.20167282043292845
0.20141090096847447
0.2011510401570883
0.2008932250104719
0.20063744258943172
0.20038368000408535
0.2001319244140527
0.1998821630286427
0.19963438310703363
0.19938857195844528
0.19914471694230906
0.1989028054684271
0.19866282499712595
0.19842476303940826
0.19818860715709263
0.19795434496295405
0.1977219641208502
0.19749145234585264
0.19726279740435837
0.1970359871142121
0.19681100934480877
0.19658785201719997
0.1963665031041878
0.19614695063042287
0.19592918267248605
0.1957131873589738
0.19549895287057162
0.1952864674401319
0.1950757193527336
0.19486669694575098
0.19465938860890752
0.19445378278432768
0.19424986796659083
0.19404763270276615
0.1938470655924598
0.19364815528784352
0.19345089049368924
0.19325525996739268
0.19306125251899664
0.1928688570112077
0.19267806235940732
0.19248885753166922
0.19230123154875434
0.19211517348412155
0.1919306724639197
0.19174771766698662
0.19156629832483107
0.19138640372163096
0.19120802319420838
0.19103114613200833
0.1908557619770811
0.1906818602240472
0.19050943042007706
0.19033846216484152
0.19016894511049365
0.19000086896160662
0.18983422347515122
0.18966899846043184
0.18950518377904713
0.18934276934483263
0.1891817451238058
0.1890221011341051
0.18886382744593533
0.188706914181493
0.18855135151490698
0.18839712967216515
0.1882442389310427
0.18809266962102678
0.18794241212323826
0.18779345687035354
0.1876457943465163
0.18749941508725831
0.18735430967941147
0.18721046876101155
0.1870678830212129
0.1869265432001893
0.186786440089039
0.18664756452968767
0.18650990741478413
0.18637345968759622
0.1862382123419094
0.18610415642191747
0.18597128302211308
0.1858395832871773
0.18570904841186187
0.18557966964088468
0.18545143826879806
0.1853243456398862
0.18519838314803128
0.18507354223659744
0.18494981439830938
0.1848271911751187
0.1847056641580842
0.18458522498724017
0.18446586535146514
0.18434757698835247
0.18423035168407276
0.18411418127324541
0.1839990576387951
0.18388497271182036
0.18377191847144958
0.18365988694470248
0.18354887020635158
0.18343886037877255
0.18332984963180532
0.1832218301826063
0.18311479429550082
0.18300873428184128
0.18290364249984592
0.18279951135446115
0.18269633329720525
0.18259410082601324
0.18249280648508914
0.1823924428647451
0.18229300260125358
0.1821944783766849
0.1820968629187517
0.18200014900065298
0.18190432944091262
0.18180939710322008
0.18171534489626928
0.18162216577359713
0.18152985273342492
0.18143839881848445
0.18134779711586912
0.1812580407568566
0.18116912291675036
0.18108103681471066
0.18099377571359154
0.18090733291976502
0.18082170178296408
0.1807368756961094
0.18065284809513527
0.18056961245882686
0.18048716230864914
0.1804054912085703
0.18032459276489787
0.1802444606261019
0.18016508848264634
0.18008647006681267
0.18000859915252876
0.179931469555195
0.17985507513151333
0.1797794097793043
0.17970446743734403
0.17963024208518108
0.1795567277429596
0.17948391847125655
0.17941180837088633
0.1793403915827424
0.179269662287609
0.17919961470599077
0.1791302430979319
0.17906154176284483
0.17899350503932077
0.17892612730496882
0.1788594029762226
0.1787933265081728
0.1787278923943859
0.17866309516672307
0.17859892939516442
0.17853538968763472
0.1784724706898131
0.17841016708496926
0.17834847359377315
0.17828738497412344
0.1782268960209633
0.17816700156610876
0.17810769647805857
0.17804897566182987
0.1779908340587656
0.1779332666463671
0.17787626843810733
0.17781983448325933
0.17776395986670546
0.17770863970877526
0.177653869165055
0.17759964342621226
0.17754595771782078
0.1774928073001797
0.17744018746813328
0.17738809355089746
0.17733652091187857
0.17728546494850095
0.17723492109202077
0.17718488480735717
0.17713535159291072
0.17708631698038824
0.1770377765346245
0.17698972585340644
0.1769421605672975
0.17689507633946233
0.17684846886548933
0.17680233387321442
0.17675666712254634
0.17671146440529772
0.17666672154499563
0.17662243439672343
0.1765785988469354
0.17653521081328838
0.17649226624446646
0.17644976112000954
0.17640769145013036
0.17636605327556143
0.1763248426673628
0.17628405572675965
0.17624368858497075
0.17620373740303952
0.1761641983716501
0.17612506771097225
0.1760863416704851
0.17604801652880386
0.17601008859351497
0.175972554201007
0.17593540971629607
0.17589865153286788
0.17586227607249982
0.17582627978509857
0.1757906591485341
0.17575541066846656
0.17572053087818817
0.17568601633845515
0.17565186363731744
0.17561806938996016
0.1755846302385371
0.1755515428520037
0.17551880392595864
0.17548641018247746
0.17545435836995182
0.17542264526292506
0.17539126766193291
0.17536022239334192
0.1753295063091893
0.17529911628701944
0.17526904922972975
0.1752393020654074
0.17520987174717106
0.17518075525301535
0.17515194958565017
0.17512345177234812
0.17509525886478083
0.17506736793886912
0.1750397760946255
0.17501248045600004
0.17498547817072296
0.1749587664101534
0.17493234236912603
0.17490620326579875
0.17488034634149752
0.1748547688605674
0.1748294681102207
0.17480444140038554
0.17477968606355743
0.1747551994546478
0.17473097895083933
0.17470702195142895
0.17468332587769086
0.1746598881727225
0.17463670630129668
0.17461377774972375
0.17459110002569622
0.17456867065815151
0.17454648719712296
0.1745245472135979
0.17450284829937546
0.17448138806692148
0.17446016414922916
0.17443917419967736
0.1744184158918879
0.17439788691958835
0.17437758499646783
0.17435750785604365
0.1743376532515185
0.17431801895564847
0.17429860276059728
0.1742794024778077
0.17426041593785968
0.17424164099034023
0.17422307550370597
0.17420471736514698
0.17418656448045888
0.17416861477390355
0.17415086618808306
0.17413331668380294
0.1741159642399438
0.1740988068533308
0.1740818425386017
0.17406506932808175
0.1740484852716495
0.17403208843661577
0.17401587690759024
0.17399984878635777
0.1739840021917507
0.17396833525952626
0.17395284614223672
0.17393753300911197
0.1739223940459299
0.1739074274548954
0.17389263145451872
0.17387800427949252
0.1738635441805737
0.17384924942445823
0.17383511829366505
0.17382114908641466
0.17380734011651133
0.1737936897132254
0.17378019622117502
0.1737668580002083
0.17375367342529235
0.1737406408863933
0.1737277587883569
0.17371502555080542
0.17370243960801546
0.17368999940880803
0.17367770341643396
0.17366555010846485
0.1736535379766817
0.17364166552695803
0.17362993127916393
0.17361833376703706
0.17360687153809307
0.1735955431535049
0.17358434718799876
0.17357328222975044
0.1735623468802755
0.17355153975432114
0.17354085947976827
0.1735303046975215
0.17351987406140534
0.17350956623806446
0.17349937990685715
0.17348931375975785
0.17347936650124873
0.17346953684822608
0.17345982352989375
0.17345022528767118
0.1734407408750852
0.17343136905767587
0.17342210861290352
0.1734129583300441
0.1734039170100915
0.17339498346566928
0.1733861565209316
0.1733774350114642
0.17336881778419455
0.17336030369729682
0.17335189162010145
0.17334358043299425
0.17333536902733593
0.17332725630536217
0.17331924118009334
0.17331132257524973
0.17330349942515744
0.1732957706746574
0.17328813527902376
0.17328059220386838
0.1732731404250588
0.17326577892862893
0.1732585067106881
0.17325132277735122
0.17324422614463053
0.1732372158383727
0.17323029089415876
0.1732234503572304
0.17321669328240308
0.17321001873398367
0.1732034257856886
0.17319691352056577
0.1731904810309065
0.17318412741817435
0.17317785179292
0.1731716532747002
0.17316553099200716
0.17315948408218007
0.17315351169133864
0.17314761297429493
0.1731417870944867
0.17313603322389426
0.17313035054297066
0.17312473824056174
0.1731191955138357
0.17311372156820726
0.17310831561726514
0.17310297688269882
0.17309770459422558
0.17309249798952175
0.1730873563141485
0.1730822788214793
0.17307726477263508
0.1730723134364115
0.1730674240892084
0.17306259601496488
0.1730578285050849
0.1730531208583761
0.17304847238097965
0.17304388238630308
0.1730393501949553
0.17303487513467675
0.1730304565402826
0.17302609375358913
0.17302178612335128
0.17301753300520717
0.17301333376160055
0.1730091877617298
0.17300509438147793
0.17300105300335689
0.1729970630164419
0.17299312381630882
0.1729892348049794
0.1729853953908549
0.17298160498866177
0.17297786301938955
0.17297416891023065
0.1729705220945249
0.1729669220117026
0.1729633681072218
0.17295985983251727
0.17295639664494233
0.17295297800770726
0.17294960338983367
0.17294627226609072
