0.783797389518686
0.7627094939749436
0.7547373641652394
0.746563155865432
0.738199954752514
0.7296581790678721
0.7209446512703264
0.7120642756360184
0.703021017241817
0.6938184355463368
0.6844599900071883
0.6749492267842903
0.6652899000127976
0.6554860548275148
0.6455420865593904
0.6354627840601463
0.6252533616900104
0.6149194826207014
0.6044672750352102
0.593903342182112
0.583234766873524
0.572469110798286
0.5616144088967274
0.550679158976326
0.5396723067181408
0.5286032262192804
0.5174816962286459
0.5063178722562571
0.4951222547666846
0.48390565370169514
0.47267914961393853
0.46145405173055964
0.4502418533015665
0.43905418462133916
0.42790276414169204
0.4167993481205087
0.4057556792702889
0.3947834348854006
0.3838941749347825
0.3730992906081151
0.3624099537976698
0.35183706798538017
0.34139122098502084
0.33108263996335896
0.3209211491318916
0.31091613046320077
0.3010764877436092
0.29141061422759906
0.2819263641103066
0.2726310279833015
0.26353131238679417
0.25463332351940127
0.24594255511566987
0.2374638804525303
0.22920154839967888
0.2211591833862142
0.21333978911739016
0.20574575584149946
0.19837887093807127
0.19124033257500406
0.18433076616389987
0.17765024332987955
0.17119830310412798
0.16497397504430023
0.15897580398916278
0.1532018761591174
0.1476498463230952
0.1423169657640685
0.13720011078972805
0.13229581155112047
0.1276002809496778
0.12310944343168195
0.11881896348836563
0.11472427369904814
0.11082060217371847
0.10710299926998068
0.10356636347695147
0.10020546637552818
0.09701497660011948
0.09398948274147279
0.09112351514358907
0.08841156655981408
0.08584811164413775
0.08342762526346015
0.08114459962530518
0.07899356022302706
0.07696908060734231
0.07506579599878638
0.07327841576079663
0.07160173475746168
0.07003064362376987
0.06856013797935001
0.06718532661947574
0.06590143871933785
0.06470383008959624
0.06358798852275294
0.06254953827119791
0.06158424369883464
0.06068801214891595
0.05985689607133671
0.059087094452879185
0.05837495359415401
0.05771696727682363
0.057109776364525966
0.056550167880498825
0.056035073604299046
0.055561568229347214
0.05512686712209147
0.054728323722589844
0.05436342662521387
0.05402979637681948
0.05372518202844756
0.05344745747512081
0.053194617616735385
0.052964774371459966
0.052756152571365456
0.05256708576829794
0.052396011976231116
0.05224146937460672
0.05210209199536875
0.05197660541464533
0.05186382246825427
0.05176263900852396
0.051672029718202506
0.051591043995589
0.05151880192344527
0.0514544903327
0.0513973589704948
0.05134671678072411
0.051301928303904565
0.05126241020194244
0.05122762791220736
0.0511970924342372
0.05117035725137775
0.05114701538870403
0.051126696607779576
0.05110906473794252
0.05109381514319311
0.05108067232305491
0.051069387645271025
0.05105973720768198
0.05105151982618972
0.05104455514538031
0.05103868186803584
0.051033756099516214
0.05102964980279323
0.05102624935974831
0.05102345423422594
0.05102117573225684
0.05101933585485041
0.0510178662386771
0.05101670718004969
0.05101580673761985
0.051015119909295525
0.05101460787891232
0.051014237328402046
0.05101397981122402
0.051013811182977875
0.05101371108532404
0.051013662479395205
0.05101365122507939
0.051013665702757005
0.05101369647415599
0.05101373597921921
0.05101377826601983
0.05101381875093802
0.05101385400644143
0.05101388157402864
0.05101389980000315
0.05101390769192682
0.0510139047937318
0.05101389107763621
0.05101386685111897
0.05101383267737525
0.051013789307757906
0.05101373762487604
0.0510136785951012
0.05101361322935227
0.05101354255115054
0.05101346757097469
0.05101338926611787
0.051013308565251325
0.051013226337039086
0.05101314338217022
0.05101306042828757
0.05101297812731598
0.05101289705476819
0.05101281771065658
0.05101274052168325
0.051012665844420546
0.05101259396923463
0.05101252512475474
0.05101245948269317
0.05101239716286943
0.05101233823832141
0.05101228274038494
0.051012230663674885
0.051012181970885084
0.05101213659736814
0.051012094455444745
0.05101205543842735
0.051012019424341415
0.05101198627931025
0.05101195586063767
0.05101192801956511
0.05101190260372146
0.05101187945926711
0.05101185843277234
0.05101183937279996
0.05101182213126243
0.05101180656453563
0.051011792534360834
0.0510117799085511
0.051011768561530446
0.05101175837471139
0.051011749236736126
0.05101174104359918
0.051011733698663964
0.0510117271125855
0.05101172120317121
0.051011715895167065
0.05101171111999703
0.05101170681546796
0.05101170292543733
0.05101169939946715
0.0510116961924586
0.0510116932642789
0.051011690579396696
0.05101168810650858
0.05101168581817872
0.05101168369049358
0.05101168170272119
0.05101167983699462
0.05101167807800644
0.05101167641272619
0.05101167483013347
0.051011673320976114
0.05101167187753719
0.051011670493434136
0.051011669163427364
0.05101166788325118
0.051011666649459
0.0510116654592917
0.05101166431055193
0.05101166320150263
0.05101166213077235
0.051011661097275174
0.05101166010014413
0.0510116591386689
0.05101165821225584
0.051011657320378156
0.05101165646254746
0.0510116556382908
0.051011654847125665
0.051011654088543135
0.05101165336200697
0.05101165266693508
0.05101165200270252
0.051011651368635835
0.05101165076401626
0.05101165018808296
0.051011649640030576
0.05101164911902245
0.05101164862418772
0.05101164815463066
0.05101164770943756
0.05101164728767893
0.051011646888417306
0.051011646510714215
0.05101164615363063
0.05101164581623896
0.051011645497618496
0.05101164519686774
0.05101164491310317
0.05101164464546226
0.05101164439310801
0.051011644155232294
0.05101164393105195
0.051011643719813815
0.051011643520800454
0.05101164333331887
0.05101164315671369
0.05101164299035632
0.051011642833654114
0.051011642686040304
0.05101164254698276
0.051011642415976444
0.05101164229254518
0.05101164217624288
0.05101164206664366
0.05101164196335395
0.05101164186600016
0.05101164177423145
0.05101164168772121
0.05101164160616012
0.0510116415292603
0.051011641456750745
0.05101164138837877
0.05101164132390501
0.0510116412631082
0.05101164120577628
0.051011641151715525
0.05101164110073997
0.0510116410526783
0.051011641007364994
0.051011640964648386
0.05101164092438337
0.051011640886436393
0.051011640850675555
0.05101164081698306
0.051011640785243895
0.05101164075535081
0.05101164072720088
0.05101164070070008
0.0510116406757547
0.05101164065228048
0.05101164063019448
0.051011640609420095
0.051011640589885165
0.051011640571518746
0.05101164055425611
0.05101164053803331
0.05101164052279383
0.05101164050848028
0.05101164049503881
0.05101164048242124
0.05101164047057927
0.051011640459467045
0.05101164044904338
0.0510116404392672
0.05101164043009876
0.05101164042150519
0.05101164041345074
0.05101164040590278
0.05101164039883166
0.05101164039220807
0.05101164038600492
0.05101164038019801
0.051011640374761136
0.05101164036967265
0.05101164036491035
0.05101164036045602
0.051011640356288246
0.051011640352391585
0.0510116403487465
0.051011640345340115
0.05101164034215511
0.051011640339179376
0.05101164033639771
0.05101164033379979
0.0510116403313724
0.051011640329106656
0.05101164032699135
0.051011640325015484
0.05101164032317129
0.05101164032145278
0.05101164031984762
0.05101164031835037
0.05101164031695393
0.05101164031565297
0.051011640314440165
0.0510116403133094
0.05101164031225636
0.051011640311275475
0.051011640310361095
0.05101164030951144
0.05101164030871963
0.05101164030798333
0.051011640307297434
0.05101164030666083
0.05101164030606775
0.051011640305516526
0.051011640305005046
0.05101164030452843
0.05101164030408667
0.05101164030367655
0.05101164030329575
0.05101164030294214
0.05101164030261496
0.051011640302310646
0.05101164030202898
0.051011640301767414
0.05101164030152472
0.05101164030130001
0.051011640301092065
0.05101164030090011
0.05101164030072136
0.05101164030055738
0.051011640300404615
0.05101164030026328
0.05101164030013283
0.05101164030001204
0.05101164029990102
0.0510116402997981
0.051011640299702954
0.05101164029961536
0.0510116402995342
0.051011640299458816
0.05101164029939065
0.051011640299327254
0.05101164029926808
0.0510116402992139
0.05101164029916394
0.05101164029911842
0.0510116402990759
0.051011640299037375
0.05101164029900185
0.05101164029896832
0.05101164029893812
0.0510116402989097
0.0510116402988845
0.05101164029886107
0.05101164029883998
0.05101164029881966
0.0510116402988009
0.051011640298784466
0.05101164029876937
0.05101164029875527
0.05101164029874228
0.051011640298730065
0.051011640298719185
0.05101164029870919
0.0510116402987002
0.05101164029869232
0.05101164029868421
0.05101164029867755
0.051011640298671
0.051011640298664784
0.05101164029865923
0.051011640298655014
0.05101164029865091
0.05101164029864702
0.05101164029864336
0.051011640298639915
0.05101164029863703
0.05101164029863403
0.051011640298631256
0.0510116402986287
0.051011640298626815
0.05101164029862437
0.051011640298622485
0.05101164029862071
0.05101164029861993
0.05101164029861793
0.05101164029861749
0.05101164029861571
0.05101164029861538
0.0510116402986146
0.05101164029861349
0.05101164029861227
0.05101164029861238
0.05101164029861183
0.05101164029861094
0.05101164029861083
0.05101164029861083
0.05101164029861005
0.05101164029860972
0.05101164029860927
0.05101164029860916
0.05101164029860927
0.051011640298608385
0.05101164029860872
0.05101164029860783
0.05101164029860794
0.051011640298607386
0.051011640298607386
0.0510116402986075
0.051011640298607275
0.05101164029860661
0.05101164029860639
0.051011640298607386
0.051011640298607275
0.05101164029860694
0.051011640298606054
0.05101164029860694
0.0510116402986065
0.05101164029860705
0.05101164029860683
0.0510116402986065
0.05101164029860639
0.05101164029860683
0.0510116402986065
0.05101164029860683
0.05101164029860661
0.0510116402986065
0.051011640298606165
0.0510116402986065
0.051011640298606054
0.05101164029860639
0.05101164029860683
0.051011640298606165
0.0510116402986065
0.051011640298606054
0.05101164029860561
0.05101164029860639
0.051011640298606054
0.05101164029860572
0.051011640298606165
0.0510116402986065
0.05101164029860561
0.05101164029860561
0.0510116402986065
0.051011640298606054
0.051011640298606054
0.05101164029860639
0.0510116402986065
0.05101164029860661
0.051011640298606054
0.051011640298606054
0.051011640298606165
0.05101164029860639
0.051011640298606165
0.0510116402986065
0.05101164029860639
0.05101164029860639
0.05101164029860572
0.0510116402986055
0.05101164029860572
0.051011640298606165
0.051011640298606054
0.05101164029860594
0.05101164029860572
0.05101164029860594
0.051011640298606165
0.051011640298606165
0.05101164029860639
0.051011640298606054
0.05101164029860639
0.051011640298606054
0.05101164029860639
0.0510116402986065
0.051011640298606165
0.05101164029860594
0.051011640298606054
0.051011640298606054
0.05101164029860594
0.05101164029860594
0.05101164029860661
0.051011640298606165
0.05101164029860594
0.051011640298606165
0.05101164029860639
0.051011640298606165
0.051011640298606054
0.05101164029860594
0.05101164029860594
0.05101164029860683
0.05101164029860694
0.05101164029860639
0.051011640298606054
0.051011640298606054
0.05101164029860661
0.05101164029860561
0.0510116402986055
0.05101164029860661
0.0510116402986065
0.05101164029860661
0.0510116402986065
0.05101164029860572
0.051011640298605276
0.0510116402986055
0.0510116402986065
0.05101164029860639
0.05101164029860639
0.05101164029860572
0.051011640298606054
0.051011640298606165
0.05101164029860561
0.05101164029860594
0.051011640298606165
0.05101164029860561
0.05101164029860639
0.051011640298606054
0.05101164029860572
0.05101164029860639
0.0510116402986055
0.051011640298605054
0.051011640298606165
0.05101164029860572
0.051011640298606165
0.051011640298606054
0.05101164029860594
0.05101164029860661
0.051011640298606054
0.05101164029860661
0.05101164029860572
0.051011640298606054
0.05101164029860594
0.051011640298605165
0.0510116402986065
0.051011640298606165
0.051011640298606054
0.051011640298606165
0.051011640298606165
0.0510116402986065
0.05101164029860561
0.0510116402986065
0.051011640298606054
0.05101164029860639
0.05101164029860594
0.051011640298606054
0.05101164029860561
0.0510116402986055
0.05101164029860683
0.05101164029860639
0.051011640298606054
0.05101164029860572
0.05101164029860572
0.05101164029860639
0.051011640298605276
0.05101164029860594
0.05101164029860572
0.0510116402986055
0.051011640298606054
0.05101164029860594
0.051011640298606054
0.05101164029860594
0.051011640298606054
0.05101164029860572
0.051011640298606054
0.05101164029860594
0.05101164029860561
0.05101164029860639
0.051011640298606054
0.05101164029860594
0.05101164029860572
0.05101164029860594
0.05101164029860639
0.05101164029860594
0.05101164029860572
0.051011640298606054
0.051011640298606054
0.051011640298606054
0.051011640298606054
0.051011640298606165
0.05101164029860561
0.051011640298606165
0.051011640298606165
0.051011640298606054
0.05101164029860561
0.05101164029860639
0.0510116402986065
0.051011640298606165
0.0510116402986055
0.05101164029860639
0.05101164029860561
0.0510116402986055
0.05101164029860639
0.05101164029860639
0.0510116402986065
0.0510116402986065
0.051011640298606165
0.0510116402986055
0.05101164029860594
0.05101164029860572
0.05101164029860639
0.05101164029860639
0.05101164029860561
0.05101164029860561
0.05101164029860594
0.051011640298606054
0.05101164029860639
0.051011640298606054
0.05101164029860639
0.051011640298606054
0.05101164029860694
0.05101164029860594
0.05101164029860639
0.051011640298606054
0.05101164029860639
