0.9878722785196843
0.9881096974214157
0.9872620728204157
0.9863452817105576
0.9853603251321481
0.9842682817212013
0.9831001494051765
0.9818551620578035
0.9805374148613093
0.9791426878300841
0.9776810217842897
0.9761346314222119
0.9745015602768146
0.9727623346016406
0.9709139584521301
0.9689262393514815
0.9667993592029109
0.9645695624293678
0.962182893416003
0.9597108832516351
0.9571372624778077
0.954485297531768
0.9517402254424296
0.94890587575533
0.9460035684597302
0.9429930780878814
0.9397100303435336
0.9363089932927905
0.9327898319870305
0.9290978772073233
0.9252679219998433
0.9212215494190582
0.9170848250982023
0.9127271978630349
0.908230601014175
0.9035633730834556
0.8986536848488756
0.8935457665602514
0.8882315529382853
0.8827762567576163
0.8770860578791269
0.8712437308419695
0.8652332164290504
0.8591036247049313
0.8528426752504761
0.8461119474859781
0.8393656016339079
0.8322298461027061
0.8249041586318392
0.817453006003177
0.8098847920350356
0.8022546931741273
0.7944351368890551
0.7864357638559785
0.7784101814437949
0.7703667891680724
0.7620189396900807
0.7536912032941703
0.7454388051472647
0.7370579377421077
0.728650333765649
0.7202803857096814
0.7121603612137859
0.7036291912798942
0.6946197558579934
0.6855474057510393
0.67665782498719
0.668013040503882
0.6592461020413354
0.6506185758218825
0.6421477885512059
0.6331508306318712
0.6243465777609483
0.6154980014682416
0.606762429680296
0.5981054564118379
0.5893147222446165
0.5805558157686438
0.572205910361778
0.5638515499929491
0.5560368690361914
0.5487654267252431
0.5411159972451987
0.5335649857221128
0.5260727437763184
0.5187686998563246
0.5116847277227561
0.5049745974276132
0.4987582967246318
0.4927160922574536
0.48670064211929953
0.48120339205078766
0.4762056484829058
0.47159612867855116
0.4671839204645063
0.46328176883740657
0.4596809664080934
0.4551522849978048
0.45089433880588337
0.4475992629092095
0.44450958390764483
0.4417368518684567
0.4389378007181274
0.43659383108268157
0.434280429073832
0.43239812840860103
0.4305964913281839
0.428788864075056
0.42678123660622824
0.42542075464437823
0.424426499121913
0.4233991837584481
0.42178321850817335
0.42010173937370465
0.41847758097963716
0.417311651614531
0.4165271541568635
0.4162955188661055
0.41599058124800214
0.41515433749259734
0.4146441329171937
0.41435072910378745
0.41391902614943066
0.41380895048770816
0.4139808235853051
0.4137735392410735
0.4135309254356343
0.41325242579911237
0.41313376770259536
0.4136168589946886
0.41449833992040397
0.4158837936764912
0.4179245615459306
0.4205598073670589
0.4196998664046663
0.4187656173874319
0.41822862586987475
0.4176616193698178
0.41719125909816157
0.41654217150944817
0.4165752094898615
0.4168667231235206
0.4162958578254895
0.4161973056219549
0.41633900423364134
0.4157754842884661
0.4155886120489751
0.41549368345839677
0.41476208767221767
0.41461091525385685
0.4152338715486862
0.415171713370005
0.4158558993191046
0.4160793456351849
0.41607979597806943
0.41640034369172807
0.4172249836360621
0.4179501326114271
0.41856599542118567
0.4185515987312248
0.4180507949652813
0.4175979709316081
0.41758339818491186
0.4169235811885429
0.4165756755850648
0.41683538164057354
0.4172883744364698
0.41734426147010617
0.4178481753527159
0.41736322251990043
0.41675282300626026
0.4162426966448408
0.4162279679410297
0.4159166027454979
0.4157814774050135
0.41609701812241373
0.41669720359685936
0.4176928292542731
0.4180051741053492
0.41855914758587975
0.4177970474610463
0.4167764309110392
0.4160695658285415
0.41604851027251466
0.4164087958545729
0.4163902500046711
0.41603917755343167
0.41539135392640114
0.4151394713147285
0.4148233507861683
0.41449953330964895
0.41431232450142674
0.41459941210919327
0.41523069842917826
0.4157243087295678
0.41639097642032563
0.41667834669838877
0.4171352932194563
0.41765349033052857
0.4180333766418808
