1.0317843310053478
0.13737611880965192
0.1286936179191842
0.12061234302342842
0.11295497199545619
0.1056694088036727
0.09873799110215087
0.09215326902607605
0.08591103229981491
0.08000787510795444
0.07444021951050257
0.06920388941156468
0.06429392016576378
0.059704479721095625
0.05542884709010543
0.05145942239618772
0.04778775543300392
0.044404585835749195
0.041299891211697894
0.038462941429928274
0.035882358391459056
0.03354618128948671
0.031441937757958394
0.02955672145380596
0.027877276552279905
0.026390089378276513
0.0250814869784764
0.02393774190149923
0.022945181851543053
0.022090302280093246
0.021359879447738248
0.020741081085475316
0.020221571559786624
0.01978960842615708
0.019434127447234176
0.019144813538596244
0.01891215565335326
0.01872748428045882
0.018582990958457463
0.018471729944011382
0.018387602875143457
0.018325327892966606
0.018280395202978295
0.018249011448568362
0.018228035526029192
0.01821490859165416
0.0182075810041479
0.018204438821588682
0.018204232247321577
0.01820600811158547
0.018209048104956483
0.018212814066150263
0.01821690119098241
0.018220999591809738
0.01822486421744666
0.01822829276098668
0.018231110853734512
0.018233163581155856
0.01823431217110744
0.018234434600684798
0.018233428845832674
0.01823121755228219
0.018227753027618785
0.018223021628687584
0.018217046829849207
0.018209890488270302
0.018201652055138854
0.01819246570063821
0.01818249551246268
0.018171929082758186
0.018160969910471503
0.018149829112786505
0.018138716961680273
0.018127834743613437
0.01811736738823507
0.018107477233474067
0.01809829919803983
0.018089937526798706
0.018082464167873267
0.01807591873983605
0.01807030995896964
0.01806561832468399
0.01806179980867247
0.018058790261547362
0.018056510239332565
0.018054869959851904
0.018053774123187
0.01805312636771329
0.018052833179951894
0.01805280712864511
0.01805296934719102
0.018053251240325627
0.01805359543771624
0.018053956056590496
0.018054298366090977
0.01805459796691
0.018054839610832187
0.018055015786684413
0.01805512519295987
0.01805517120456043
0.01805516042343977
0.018055101382268665
0.01805500344839059
0.018054875953930363
0.018054727558334236
0.018054565832932662
0.01805439704402251
0.01805422610182724
0.018054056637520775
0.018053891169025078
0.018053731318010358
0.018053578044771774
0.0180534318736832
0.018053293088959803
0.018053161887775202
0.018053038484739676
0.01805292316785294
0.018052816310939707
0.018052718351065224
0.018052629741460213
0.01805255089113428
0.01805248210181735
0.018052423511380367
0.018052375050757744
0.018052336418916615
0.018052307077880334
0.018052286267463327
0.018052273037393096
0.018052266293017018
0.018052264849875602
0.018052267492069167
0.018052273029512053
0.01805228034975694
0.01805228846097982
0.018052296523810324
0.018052303870853784
0.018052310013863267
0.01805231463949713
0.018052317595366695
0.01805231886860514
0.018052318559460646
0.018052316852446442
0.018052313987395718
0.01805231023242734
0.018052305860366755
0.018052301129657243
0.018052296270278913
0.018052291474718426
0.018052286893634306
0.018052282635558917
0.018052278769784675
0.018052275331494224
0.018052272328202407
0.01805226974666274
0.018052267559537778
0.018052265731308057
0.01805226422308445
0.018052262996170892
0.018052262014379924
0.018052261245231526
0.018052260660245255
0.018052260234585355
0.018052259946322195
0.01805225977555355
0.018052259703584504
0.01805225971230621
0.018052259783852373
0.018052259900555635
0.018052260045173144
0.018052260201317404
0.018052260354005496
0.018052260490232754
0.018052260599483522
0.018052260674108398
0.018052260709517657
0.01805226070417128
0.018052260659365577
0.01805226057884358
0.018052260468269386
0.01805226033462114
0.018052260185555342
0.018052260028798974
0.018052259871613244
0.01805225972036302
0.018052259580213854
0.018052259454962073
0.018052259346994313
0.018052259257357515
0.018052259185919822
0.018052259131590045
0.01805225909257223
0.01805225906662384
0.01805225905129832
0.01805225904415342
0.018052259042914187
0.01805225904558662
0.018052259050522466
0.01805225905643993
0.0180522590624092
0.01805225906781219
