0.9913214538423281
0.9913751407888692
0.9908810995338555
0.990350153173187
0.9897925696578952
0.9891787507502166
0.9884957503469095
0.9877749138417591
0.987014480321873
0.9862137162344066
0.9853512730366684
0.9844379608237271
0.9834712152034372
0.9824689041342922
0.9814079197261965
0.9802911691783802
0.9790987182747316
0.9778490748102284
0.9765452073676882
0.9752065626380197
0.9738174086223617
0.9723735498151176
0.9708864085846303
0.9693779847583374
0.9677912540059813
0.9661589527587616
0.9644983771972151
0.9627098106792712
0.9608483707908169
0.9589269430846398
0.9569440692030168
0.9549001021110773
0.9528670968757512
0.9506791070846088
0.9484141858115421
0.9460391569932174
0.9435576223402912
0.940992107115345
0.9383358001900292
0.935606119146263
0.9328336968180331
0.9298007338116764
0.9267221098977404
0.9235151195427184
0.9202105060992898
0.9167897040513203
0.9133221755783327
0.9096272358689635
0.9059603504724357
0.9022609314398621
0.8985839298140823
0.8946899312650761
0.8906386608413736
0.8865955237746046
0.882562061347389
0.878390816674764
0.8742545584415019
0.8700267050500295
0.8658578652298003
0.8616796779132536
0.8575351555184184
0.8534404977764141
0.8493784634029911
0.8453951940794256
0.8414857666382011
0.8374479885327866
0.8334800090504318
0.829312660431542
0.824969090133709
0.8206273917480422
0.8162141048319251
0.8118029326026128
0.807450117707665
0.8031589796400032
0.7989366123625475
0.7946657999262143
0.7904953518480355
0.7863953408139391
0.7823134575250847
0.7782425972373668
0.7742794159237936
0.7698790450848173
0.7656460754885672
0.7616839649739238
0.757697513106942
0.7540940327246781
0.750753590701553
0.7475017529492061
0.7443981148010616
0.7411580580426373
0.7382951464823508
0.73575469435635
0.733357320096667
0.7312612057415284
0.7293230036916245
0.727333476394416
0.725506160112958
0.7233411080100027
0.7210062813724234
0.718554161264449
0.7162983758140298
0.7144636791382399
0.7128794430893122
0.7114782975258775
0.710095209115277
0.7088472951565457
0.7078158848109269
0.7071065849690659
0.7064115150864372
0.7054344964791603
0.7046059964160619
0.7038369655353147
0.7032730061537251
0.7024408151259316
0.7018152134647466
0.7009543582645017
0.7001683199510733
0.6992723958583977
0.698627685979114
0.6981190889071005
0.6976338099219496
0.69744713269278
0.6970337062104339
0.6967528921224009
0.6967203115271132
0.6963088536864739
0.6957509703464753
0.6954063047413486
0.6949185666016005
0.6947801607358287
0.6943861415219188
0.6940945949563614
0.6939017931365095
0.693946505775016
0.6942597704734129
0.6942034781102957
0.6942055831482412
0.6940487297616837
0.6941052472449987
0.6940426348988876
0.6941939920339436
0.694203145730607
0.694246319676427
0.6942845690577593
0.694264440089229
0.6942748229019238
0.6942537022181545
0.6944408441027918
0.6947237970263709
0.694999428438927
0.6951475437347951
0.6952984152922395
0.6954391955127867
0.6955352644838053
0.6954153816657354
0.6952531305035852
0.6953399513372781
0.6956829317179711
0.6954446607993239
0.695339303270902
0.6954957525461813
0.6957812998858695
0.6959144897434297
0.6958907774268948
0.6960523132427865
0.6959297273029912
0.6960841830878275
0.6963931396242267
0.6964884801661655
0.6963041605328575
0.6961934991968741
0.6963027559873569
0.6963367299737044
0.6964466649879165
0.6965991697097291
0.6963555411215703
0.696530386571389
0.6963672155220448
0.6962902457094833
0.6961344807522307
0.6960800065307962
0.6959249544601656
0.6956322796699395
0.6955878258907229
0.6955401278939695
0.6957464017582726
0.6959309722733613
0.6962108111649499
0.6964215029067751
0.6965970373241588
0.6965126733063489
0.6966965297688559
0.6970271839491222
0.6973654592554388
0.697332356626228
0.6974139653564981
0.6975953462816367
0.6976537398992668
0.6974936382511706
0.6973285945308922
