0.9558707270842888
0.14827093924274506
0.1396743245424665
0.13170839804696502
0.12417657266171396
0.11701859501733229
0.11021299797667002
0.10375025903582052
0.09762490769201826
0.09183271353332641
0.08636953379660722
0.08123079686346692
0.07641126193157027
0.07190491125815925
0.067704911464118
0.06380361334187011
0.06019257443716802
0.05686259590782495
0.05380376897298583
0.05100552842353435
0.04845671195696181
0.046145624892041374
0.044060110279711934
0.04218762463704645
0.04051531953265826
0.03903012907367726
0.03771886301753863
0.03656830479576904
0.03556531324098224
0.03469692630870876
0.0339504646403146
0.033313632474689985
0.03277461322559397
0.032322157023122446
0.031945657677888546
0.03163521685338853
0.031381693698858744
0.031176738764232232
0.031012811647382153
0.030883182467598025
0.030781917877155122
0.03070385287992552
0.03064455019511711
0.03060024926686754
0.03056780726652041
0.030544634561595282
0.030528627137863622
0.030518098367822117
0.030511712333160967
0.030508420646086876
0.030507404391578747
0.030508022447669873
0.03050976705177511
0.03051222708590147
0.03051505916976976
0.030517966294943178
0.0305206834199387
0.030522969188711665
0.030524602742588874
0.030525384474791042
0.030525139529120907
0.030523722867839054
0.03052102482164702
0.03051697617678303
0.030511552037359
0.03050477391027508
0.03049670967976369
0.030487471353832923
0.030477210662240444
0.030466112754250874
0.03045438837646393
0.03044226500191762
0.030429977430148396
0.030417758385634458
0.030405829613169625
0.030394393909291884
0.030383628446169902
0.030373679646244215
0.0303646597603081
0.030356645196042684
0.030349676544845283
0.030343760167506135
0.030338871127982142
0.03033495721182014
0.030331943732968256
0.030329738819692077
0.030328238875851385
0.030327333935680115
0.030326912665480404
0.03032686681087067
0.03032709493972634
0.0303275053850745
0.03032801834552339
0.030328567150317776
0.030329098739359583
0.03032957344373168
0.03032996417828204
0.0303302551742583
0.030330440387014695
0.03033052171221237
0.03033050713487893
0.030330408920701903
0.03033024193967547
0.03033002219045115
0.030329765571129524
0.030329486920278658
0.03032919933195836
0.030328913731427497
0.030328638684681664
0.03032838040534269
0.03032814291672226
0.030327928324885484
0.030327737159790327
0.030327568745473637
0.030327421566108497
0.03032729360182787
0.030327182615823775
0.030327086381734134
0.03032700284721974
0.030326930235506904
0.0303268670912737
0.030326812280470142
0.03032676495548552
0.030326724497621985
0.0303266904482824
0.03032666243888636
0.030326640127538648
0.030326623148180885
0.030326611075585916
0.030326603407330163
0.030326599561963537
0.030326598891094275
0.030326600702083522
0.03032660428750218
0.030326608957411336
0.030326614070816316
0.030326619063228158
0.030326623468044312
0.030326626930331006
0.03032662921246169
0.030326630191863196
0.03032662985178144
0.03032662826646655
0.030326625582471765
0.030326621997873806
0.030326617741155693
0.030326613051298457
0.030326608160320314
0.03032660327914437
0.03032659858728989
0.030326594226515163
0.030326590298217635
0.03032658686413738
0.030326583949730493
0.03032658154947657
0.030326579633362022
0.03032657815382037
0.030326577052507398
0.03032657626641645
0.030326575732986662
0.030326575394009306
0.03032657519827459
0.03032657510302109
0.03032657507434063
0.030326575086749404
0.0303265751221677
0.03032657516855018
0.03032657521838651
0.03032657526725825
0.03032657531258494
0.0303265753526452
0.030326575385909122
0.030326575410674027
0.030326575424964614
0.03032657542663683
0.03032657541361078
0.03032657538416367
0.030326575337213082
0.030326575272543257
0.03032657519093661
0.03032657509419633
0.0303265749850595
0.03032657486701461
0.030326574744050584
0.030326574620364175
0.030326574500061678
0.03032657438688198
0.03032657428396607
0.03032657419369143
0.0303265741175788
0.030326574056273526
0.030326574009594837
0.030326573976641718
0.030326573955939348
0.030326573945609323
0.03032657394354725
0.030326573947590123
0.030326573955664664
0.030326573965903703
0.030326573976729738
