1.1782711366799306
1.1524587638497166
1.1426972670093178
1.1313340347674867
1.1180441109341417
1.103298929279335
1.0872902658062673
1.0698377985649101
1.0520470950043546
1.033762819343705
1.0128892531789693
0.9919053242692356
0.9707926494801454
0.9475865209927752
0.9248415838130226
0.9009065009276594
0.8762671024926825
0.8518071073111187
0.8270379484042016
0.8030806709469798
0.7802925660353034
0.7539607799149438
0.7272565198311169
0.6997444696350641
0.6722611234081932
0.6447898444366724
0.6172016268549101
0.5894185228511335
0.56162968307699
0.5340313819082889
0.5068606077923465
0.4804401263736669
0.45292429916006244
0.42660399380963365
0.403000399784452
0.3823101913093949
0.36181483712994267
0.34434857619745024
0.3297357880748912
0.31745373651247144
0.30693812073125004
0.2977858645462026
0.2901308938835812
0.2827841599635383
0.27757590792637243
0.27101234404006114
0.26721540603168076
0.2643198671655793
0.26017083056519197
0.2575435076236757
0.2565310441556218
0.25386620534030474
0.25114770139220294
0.25023423705861836
0.2475139190065074
0.24650702575030234
0.2469810160432867
0.24556801867405464
0.24352611787540807
0.24324063160097345
0.24082435486763684
0.24024362509712738
0.24119203586129115
0.23988587475424386
0.2382882799307443
0.23637509775049595
0.2364050683900751
0.23521533060085437
0.2361885115861665
0.23603426047552217
0.23521507125844932
0.233564405476659
0.23386518053729877
0.2331608395101679
0.23424128219395454
0.2341049234896092
0.2334018757565995
0.23194541046443645
0.23239648608050315
0.23197631698398974
0.23330902868454773
0.23151313132480714
0.2317398269050179
0.2310557381892307
0.23210433592930318
0.23226972883755226
0.23169719416832246
0.2305584759798825
0.23115467708518936
0.23083220117867967
0.23222870278099297
0.23050762888453738
0.23081222181579686
0.23020521391192442
0.23131007583205576
0.23141738320487623
0.2309637671719159
0.23243651762102388
0.23051418836640744
0.23132263097424902
0.23470619586947766
0.232427127025683
0.23399742366963996
0.23526326375370846
0.23653593978734605
0.23663698299301744
0.2375362268049873
0.23940907221509342
0.23878796224707383
0.23742930644388166
0.23857403705727137
0.23742214944482692
0.23923049642440303
0.24365945805703684
0.24406679605544276
0.23807533772671852
0.24099682415271864
0.2392320677576485
0.24005978769546635
0.24269630918354818
0.2386952203630049
0.23717153700154106
0.23815126779281925
0.2384885713475127
0.2406242083012231
0.24387986549506716
0.240152856623693
0.2380365325509316
0.2376221178031907
0.23886379855890744
0.2389934723456305
0.2410248206963614
0.2373320390445153
0.2358716550265843
0.23618172987501004
0.23781961577510857
0.24043209062885923
0.24137634953686996
0.23680614560543894
0.23455033979673698
0.23439800884764234
0.23592601971619886
0.2386784958836579
0.24229656497718904
0.23770092126182776
0.2349877471905627
0.23412424456568265
0.23493698573283922
0.2371312415704979
0.24035488079581993
0.23839234554875208
0.23558026668477738
0.2343987669760232
0.2347029073332534
0.23629544318970858
0.23895209233522455
0.23695449455570514
0.23650548491121445
0.23499906355329772
0.23469248535371026
0.2357281516848555
0.2377982168640839
0.23585075270605269
0.23544421422106437
0.23634993619263386
0.2359652442439004
0.2366974444586192
0.23832727917769791
0.2359608170793361
0.23504141743434523
0.23535480173570214
0.2367134801630109
0.23656776346442404
0.23748963167991483
0.23518210014666627
0.23430277190554913
0.23460415186984168
0.23588480815949198
0.2379835052373696
0.23846149580880918
0.23572236663324742
0.2344141490749926
0.23437938397751926
0.23542330632092007
0.2372975344939094
0.239766378564205
0.2403261534939935
0.23713706579313845
0.2353687585413194
0.23489629535004328
0.23557400988927732
0.23723697192322818
0.23966845614199433
0.2402905277386522
0.2415928324983861
0.23860415117653705
0.2369546388052242
0.23655824966211159
0.2372957829329139
0.23903556944460436
