1.21351123861168
1.1846516698859402
1.1742647899689385
1.1616182368031875
1.1476693375770595
1.1318389514479812
1.114535314819909
1.095429302445372
1.0751563636700958
1.0552901478486878
1.0329082302595294
1.0100310326296167
0.985564185519078
0.9604273120944947
0.9356322638417319
0.9112806340452448
0.8873761149702203
0.8629013154700643
0.838680555022542
0.8111384344926313
0.7830321506331297
0.75484111647684
0.7266210579733988
0.69847262684116
0.6705550317906693
0.6429743672552173
0.6157296346147859
0.5872714910443538
0.5592693085707222
0.5308345572381084
0.5030593654924846
0.47620117923238103
0.4493729774877379
0.423222718602992
0.3990680745051283
0.3773486634364564
0.358132409611927
0.3379369435254424
0.321373510290379
0.31593988798724176
0.30214925506041185
0.29024809538369917
0.27892468900263845
0.27008216397000784
0.2642147776456847
0.2542982841242785
0.2481292291782182
0.2439341576668743
0.24311052692146998
0.24508381987762048
0.24548711139811988
0.24447401863851428
0.24553999150262712
0.24857435845586626
0.2459944716360336
0.2425102505273254
0.24091852666163682
0.23391273501639756
0.23020612172776836
0.2296450594466655
0.23193448263070554
0.23677321752588862
0.24338212870560375
0.2436965174513663
0.23701662516243238
0.23314019304904327
0.2318911526328971
0.2330205637278939
0.23344765475128154
0.23562558940980857
0.23723607378289216
0.2380406228366693
0.24093454606426706
0.23881140311155583
0.2346644580708715
0.23406850709701701
0.2306022344068881
0.23087751736602657
0.23189945656193953
0.22900986880250845
0.2293167336210003
0.23006340979143922
0.23347010385759767
0.23228390405480598
0.2306174620104105
0.23221465176424408
0.23331925962454333
0.2316622824696793
0.2295527533155268
0.22804895881397996
0.22980359688823734
0.22934966924728142
0.22758481024571567
0.22795986688961314
0.2301548294420673
0.23237185072735192
0.23112741012786323
0.228854331458232
0.2257823659699051
0.22563930070342167
0.2280122329045834
0.22759952761266483
0.22951619701454135
0.2300166044853461
0.23066150098848345
0.22999533976792907
0.23035092095455453
0.23259240732965158
0.23247142315477395
0.22981341858828852
0.22926384093468227
0.23060126154419885
0.2335284559113553
0.23168996195406744
0.23123502243879557
0.2290296279362089
0.2292237354037223
0.23155460582070478
0.23086436059994866
0.23066891010738375
0.23233791533781623
0.23266797553676025
0.2308191146854506
0.2310769980589605
0.2298720625713923
0.23032152981084175
0.2318539414196256
0.23460675605284087
0.2349457489406394
0.23291958125519233
0.23294118456179588
0.23108047241062038
0.23021165653236514
0.23111181799473937
0.23141473748610522
0.23086128595089322
0.23159329397241238
0.23450411364560203
0.2394145532355406
0.2363377955268156
0.23379614116436317
0.23121683186016811
0.23096824410443997
0.23078147388984027
0.23256869866993135
0.23593486224177607
0.2367386975490782
0.2351739804755862
0.2361712972446465
0.23939984583031457
0.23626967142024188
0.23600891539873844
0.23714591765163234
0.2374209589281195
0.23358024019686321
0.23321673169328486
0.23749500974760893
0.2333765742894667
0.23399700950370123
0.23742654198477972
0.24318127388939736
0.24444121937422383
0.2457274731266056
0.2471196134602111
0.2458275705922922
0.2456386532522209
0.24608600691093854
0.24235669931881246
0.24006289298602349
0.24029847755053774
0.23902105879003466
0.23965214741717344
0.2427631341514177
0.2477829162768121
0.24908484748770462
0.25134696676912477
0.24645888702592864
0.2439048421186676
0.24256139107505087
0.24336592967932888
0.2422693746095009
0.24348493931215828
0.24616436446431464
0.25110162349474874
0.25559111067935303
0.2619063292569677
0.2497804876589967
0.242852874553271
0.24114061129748968
0.23875233429468032
0.24024196551012694
0.24513037026216367
0.253640957836832
0.24461862390490516
0.241712047283794
0.2430452129801141
0.24170934784528575
0.2447714464386254
0.24816481703891236
0.2592764271634457
