0.7117116283609726
0.8991745136993281
0.8944502016398288
0.8894730535932291
0.8842366042261445
0.8788416929338433
0.8733094529869356
0.8675925096498373
0.8614872860601581
0.8548531921189059
0.8487704406644895
0.8427835711252306
0.8368277100058219
0.8308850751923731
0.8249512950348141
0.8190271637478146
0.8131156620133368
0.8072205907006453
0.8013564690368231
0.7945455169866454
0.7875746381897135
0.7804372788989996
0.7731257654809152
0.7656310057554443
0.7579421398669891
0.7500460870365424
0.741926896246065
0.7335646871555435
0.7249335765291328
0.7159970650575673
0.7066987740695321
0.6969517433929878
0.6866462637867511
0.6756923055828123
0.6640555764409013
0.651748795964449
0.638808066319327
0.625280934494785
0.6112240115522655
0.5967035008529202
0.5817956971060272
0.5665867049799798
0.5511713031073062
0.5356510397396219
0.5201316917322159
0.5047202364408954
0.48952147759465703
0.47463442030137004
0.4601483967317792
0.4461388247302779
0.43266258729565454
0.41975422535878326
0.40742681798869906
0.3956804890947344
0.3845123789976598
0.3739197133303519
0.36389784401434955
0.35443949317584866
0.3455384354874894
0.3371971991680147
0.3294359547248281
0.3223002194687795
0.3158659008656688
0.30722722632397814
0.2989965776007515
0.29098882553451466
0.28359731575412783
0.2768398553522986
0.27074129475868347
0.2653271088626128
0.26061887415350204
0.25663554568341385
0.2501079747260607
0.24436940747749358
0.23942998668747162
0.23526737266669018
0.2318304907988975
0.22904784506910525
0.2240676043288844
0.21984840861687538
0.21633506748320752
0.21348269962415978
0.21124817579403254
0.2075682228523612
0.2046027222149852
0.20233339418455343
0.19966262828518078
0.19769243244090562
0.19559317002391174
0.19419596525527028
0.19232391335430088
0.1911107981311848
0.1904813687218384
0.18893661009635487
0.18800686182023496
0.18760568515727782
0.18637768189014514
0.18561563171440654
0.18525030541899357
0.18402499738691336
0.18326380344745186
0.18292847356843978
0.18174288002226058
0.18103224018031405
0.1803801318613546
0.17979558791429673
0.17931284223212574
0.17889494772895576
0.17859998504860508
0.17874121630518647
0.17823936428718556
0.1781568732955594
0.1784237630694634
0.17804425511499522
0.1779922200974502
0.1782005112578674
0.1776962025384603
0.1774596132668249
0.17745768465702794
0.17766665426484274
0.17678338197486543
0.17623098468310505
0.17598866434925775
0.17603530354247288
0.17634869914597084
0.17556288130995545
0.1751496542684442
0.17507427856701208
0.17529770878000028
0.17577775379994232
0.17523521383451546
0.1749920159141034
0.17499602758349786
0.1752005178501732
0.17556643570942476
0.17487694311133517
0.1744571186462497
0.17428509776143164
0.17434405262948915
0.1746204606376779
0.17388029685036677
0.17344040447777787
0.17327732139131247
0.17336587241439638
0.17367902282452397
0.17319648748757954
0.1730181841776478
0.17310039252638232
0.17339835080577215
0.17309061386686064
0.17299105451160401
0.17306557411279477
0.17328685858792403
0.17284229223659275
0.17260448173524034
0.17255410186568132
0.17267565341640534
0.17220608592757203
0.17197457049800546
0.17196664857299537
0.1721652086207156
0.17181193339285405
0.17170169173179117
0.17180549990876215
0.17209285158363596
0.17253316757729076
0.17211310912461963
0.17190297630701934
0.1718706233704541
0.17198796065636857
0.17223181768804963
0.17258431771775173
0.17196951250435533
0.17157514624544268
0.17138905342932897
0.1713991931087967
0.1715923173619256
0.17195307304739638
0.171453815412399
0.17119077699327745
0.17113679645390256
0.17126362574225062
0.1715429819023957
0.1719478580700523
0.17245387776840881
0.17188698906500788
0.17151892847749617
0.1713278344371605
0.17129506160648744
0.17140485301540986
0.17164394829345664
0.1720011361053495
0.17246677275873157
0.17179490751844662
0.17136832338608754
0.1711684995731938
0.17117312731863
0.1713567309951357
0.17169197428361038
0.17215137435638317
