1.068285080412367
0.13344342403148246
0.12471503351524287
0.11657726176963347
0.10885981927683187
0.1015138101774213
0.09452309474456866
0.08788105873018863
0.08158399990018848
0.07562884269378371
0.07001223237667677
0.06473014574927345
0.059777721208073724
0.05514919183105369
0.050837871011100044
0.04683616682093303
0.0431356131276196
0.03972691120416122
0.036599978608316514
0.03374400382935559
0.03114750625694024
0.028798401674483536
0.02668407383996736
0.024791452839481396
0.02310710080549801
0.021617305302313327
0.020308180223405678
0.01916577346280442
0.018176179973205947
0.017325658176581944
0.016600747120490183
0.015988381341089607
0.015476000152875568
0.015051648064965723
0.01470406322980705
0.014422751244584411
0.014198042211345387
0.014021129668751034
0.0138840907799691
0.013779887941266722
0.013702352713445998
0.013646153631547342
0.013606749986364039
0.013580334074853704
0.013563764676809116
0.013554494632717948
0.013550495380478441
0.01355018116986742
0.013552335430356206
0.01355604143939615
0.013560619045346271
0.013565568763259322
0.013570524104536784
0.013575212544662504
0.013579425097824302
0.013582994072866533
0.013585778248994885
0.013587654445971981
0.013588514281839414
0.01358826481602761
0.013586831766061881
0.01358416405549556
0.013580238587830251
0.01357506433080508
0.013568685019816186
0.013561180029707806
0.013552663202662874
0.013543279640325928
0.0135332006575289
0.013522617243739566
0.013511732481286058
0.013500753425137924
0.013489882959679218
0.013479312118501148
0.01346921329094519
0.013459734652413872
0.013450996053398024
0.013443086493653542
0.013436063201219262
0.013429952238058472
0.013424750470640798
0.01342042867873836
0.013416935531387125
0.013414202136015407
0.013412146864363206
0.013410680174915824
0.01340970918308846
0.013409141773597208
0.013408890100226252
0.013408873372432387
0.013409019882022437
0.013409268273078562
0.013409568101647722
0.013409879766459616
0.013410173916926664
0.013410430459546823
0.013410637288929697
0.013410788865990668
0.01341088475484855
0.013410928213399521
0.013410924912329125
0.013410881835390007
0.013410806391874884
0.013410705751889606
0.013410586397462567
0.013410453868555966
0.013410312673098767
0.01341016632433812
0.01341001746685123
0.01340986805398875
0.013409719543641925
0.013409573085263153
0.013409429678200581
0.013409290288864966
0.013409155921349251
0.013409027642329012
0.013408906566004788
0.01340879380829568
0.013408690421402802
0.01340859732032295
0.013408515212109477
0.013408444536924276
0.013408385427524152
0.01340833769110721
0.013408300814710332
0.013408273992865169
0.013408256174175655
0.013408246122016652
0.013408242483711657
0.013408243862334001
0.013408248885614498
0.01340825626723216
0.013408264856875561
0.013408273676751433
0.013408281943546013
0.01340828907609143
0.013408294690051318
0.013408298581759534
0.013408300703871787
0.013408301135733998
0.013408300051334683
0.0134082976874544
0.01340829431418758
0.01340829020947243
0.013408285638673934
0.013408280839687292
0.013408276013510084
0.013408271319807647
0.01340826687668647
0.013408262763708116
0.013408259027106309
0.013408255686209727
0.013408252740190167
0.013408250174431105
0.013408247966016027
0.013408246088043793
0.013408244512672059
0.013408243212948612
0.01340824216361166
0.013408241341111937
0.013408240723139009
0.01340824028792667
0.013408240013570804
0.013408239877536166
0.013408239856459109
0.013408239926284008
0.013408240062713387
0.013408240241900843
0.01340824044128916
0.013408240640481572
0.013408240822036309
0.013408240972094414
0.01340824108077304
0.0134082411422902
0.013408241154817166
0.013408241120083847
0.013408241042785013
0.013408240929850603
0.013408240789651303
0.01340824063120738
0.013408240463463105
0.013408240294675841
0.013408240131950966
0.013408239980939157
0.013408239845694803
0.013408239728681097
0.01340823963089556
0.0134082395520854
0.013408239491017685
0.013408239445770525
0.01340823941401729
0.01340823939328018
0.013408239381136944
0.013408239375373486
0.013408239374080817
0.013408239375699479
0.013408239379022134
0.013408239383163247
0.013408239387508444
0.013408239391655025
