0.7992480023983881
0.753416540230249
0.7511955059899377
0.7489541681122664
0.7466953181922603
0.7444207189616716
0.7421313622838308
0.7398278225540944
0.7375104411504274
0.7351794224676265
0.7328348867870123
0.7304769011270269
0.7281054982110697
0.7257206886738696
0.7233224692347446
0.7209108283628454
0.7184857503238746
0.7160472181468462
0.7135952158479322
0.7111297301286883
0.7086507516925351
0.7061582762771508
0.7036523054705992
0.7011328473593549
0.6985999170431383
0.6960535370424119
0.6934937376180632
0.6909205570183061
0.6883340416646158
0.6857342462861227
0.6831212340101502
0.6804950764152264
0.677855853551872
0.6752036539356621
0.6725385745164041
0.6698607206267444
0.6671702059130817
0.664467152251293
0.6617516896494553
0.6590239561394864
0.6562840976593705
0.6535322679274338
0.6507686283099463
0.6479933476831512
0.6452066022906846
0.6424085755972024
0.6395994581389193
0.6367794473716573
0.6339487475168999
0.6311075694062711
0.6282561303247813
0.625394653853109
0.6225233697091452
0.6196425135889638
0.6167523270073414
0.6138530571379246
0.6109449566530891
0.6080282835635407
0.6051033010576554
0.6021702773405657
0.5992294854729654
0.5962812032096196
0.5933257128375347
0.5903633010137632
0.5873942586027945
0.5844188805135051
0.5814374655356229
0.5784503161756827
0.5754577384924371
0.5724600419317072
0.5694575391606587
0.5664505459014901
0.563439380764535
0.5604243650807892
0.5574058227338707
0.5543840799914463
0.5513594653361424
0.5483323092959962
0.545302944274479
0.5422717043801621
0.5392389252560683
0.5362049439088068
0.5331700985375414
0.5301347283628863
0.5270991734558259
0.524063774566742
0.5210288729546515
0.5179948102167657
0.514961928118475
0.5119305684238695
0.5089010727269221
0.5058737822834436
0.502849037843939
0.49982717948748556
0.49680854645675876
0.4937934769943365
0.49078230818040813
0.4877753757720109
0.48477301404393625
0.48177555563141417
0.4787833313747275
0.47579667016585514
0.4728158987972889
0.46984134181314097
0.46687332136265935
0.46391215705627
0.4609581658242653
0.45801166177824737
0.4550729560754325
0.4521423567859304
0.44922016876309045
0.44630669351701735
0.4434022290913511
0.4405070699433945
0.437621506827673
0.4347458266830181
0.4318803125232292
0.42902524333139713
0.4261808939579562
0.4233475350225073
0.4205254328194922
0.41771484922773494
0.41491604162392937
0.412129262800083
0.4093547608849618
0.4065927792695597
0.4038435565366222
0.4011073263942312
0.39838431761346194
0.3956747539701261
0.39297885419059675
0.3902968319017075
0.38762889558472435
0.38497524853336484
0.3823360888158561
0.37971160924099945
0.37710199732821736
0.37450743528154495
0.37192809996753307
0.36936416289701646
0.3668157902107073
0.3642831426685488
0.36176637564280334
0.35926563911478127
0.3567810776751804
0.35431283052795826
0.351861031497663
0.34942580904017195
0.34700728625674804
0.34460558091134097
0.3422208054510669
0.33985306702977225
0.3375024675346038
0.335169103615503
0.33285306671754844
0.3305544431160262
0.32827331395418724
0.326009755283561
0.32376383810675236
0.32153562842263916
0.31932518727385084
0.31713257079647095
0.3149578302718362
0.3128010121803678
0.3106621582573189
0.3085413055503624
0.306438486478919
0.304353728895132
0.30228705614639895
0.3002384871393712
0.29820803640532556
0.29619571416683
0.29420152640559427
0.2922254749314467
0.2902675574523229
0.2883277676452002
0.2864060952278873
0.28450252603158865
0.2826170420741625
0.28074962163399275
0.27890023932440366
0.2770688661685322
0.275255469674588
0.27346001391144226
0.2716824595844448
0.26992276411143923
0.26818088169887944
0.2664567634179984
0.26475035728096696
0.2630616083169731
0.26139045864817645
0.2597368475654701
0.2581007116040013
0.2564819846184062
0.25488059785768835
0.25329648003971716
0.2517295574252806
0.25017975389166514
0.24864699100570176
0.24713118809625956
0.24563226232612922
0.24415012876327735
0.24268470045142132
0.2412358884799085
0.23980360205285256
0.2383877485575182
0.23698823363190458
0.23560496123152197
0.2342378336953299
0.23288675181080987
0.231551614878169
0.2302323207736342
0.22892876601183598
0.2276408458072675
0.22636845413478646
0.22511148378917545
0.22386982644372388
0.22264337270783185
0.22143201218363373
0.22023563352162767
0.2190541244752996
0.21788737195475105
0.21673526207930804
0.2155976802291356
0.21447451109582394
0.21336563873196868
0.21227094659973922
0.21119031761843454
0.21012363421103164
0.2090707783497172
0.20803163160043658
0.20700607516642133
0.2059939899307398
0.2049952564978591
0.20400975523421472
0.203037366307818
0.20207796972689185
0.20113144537755234
0.20019767306053293
0.1992765325269783
0.19836790351329636
0.19747166577510067
0.1965876991202351
0.1957158834408933
0.19485609874486565
0.19400822518588778
0.19317214309314057
0.19234773299987884
0.19153487567123417
0.19073345213117443
0.18994334368864418
0.18916443196291066
0.18839659890810767
0.18763972683699437
0.1868936984439592
0.18615839682725766
0.1854337055105093
0.18471950846346974
0.18401569012207986
0.1833221354078195
0.18263872974636508
0.18196535908556755
0.18130190991276518
0.18064826927145683
0.18000432477732076
0.17936996463360833
0.17874507764593783
0.17812955323647095
0.17752328145750818
0.17692615300450498
0.1763380592285313
0.17575889214816431
0.17518854446086107
0.17462690955378102
0.17407388151410963
0.17352935513887469
0.1729932259442607
0.1724653901744473
0.1719457448099847
0.17143418757569429
0.1709306169481336
0.17043493216262096
0.16994703321982862
0.16946682089196552
0.16899419672854965
0.1685290630617856
0.16807132301155991
0.16762088049005364
0.16717764020599457
0.16674150766854823
0.16631238919086544
0.16589019189328713
0.1654748237062259
0.16506619337271833
0.1646642104506738
0.16426878531481848
0.16387982915833932
0.16349725399424953
0.16312097265646763
0.16275089880063198
0.16238694690464772
0.16202903226899001
0.16167707101673656
0.1613309800933861
0.16099067726642835
0.16065608112468877
0.16032711107745745
0.1600036873534062
0.15968573099929861
0.15937316387849576
0.15906590866927972
0.15876388886297577
0.15846702876191
0.15817525347717554
0.15788848892624474
0.15760666183040684
0.15732969971205246
0.15705753089180507
0.1567900844855049
0.15652729040105573
0.15626907933511947
0.15601538276970472
0.1557661329686003
0.15552126297370672
0.15528070660124227
0.1550443984378328
0.15481227383650153
0.15458426891254773
0.15436032053932502
0.15414036634393102
0.1539243447027956
0.15371219473718944
0.15350385630863783
0.15329927001427135
0.15309837718208208
0.15290111986611488
0.15270744084158905
0.15251728359995542
0.1523305923438869
0.15214731198220555
0.1519673881247724
0.151790767077291
0.15161739583609923
0.15144722208287842
0.1512801941793418
0.1511162611618796
0.15095537273614446
0.15079747927162568
0.15064253179617826
0.15049048199052217
0.15034128218270804
0.15019488534256853
0.15005124507613543
0.14991031562003887
0.14977205183588815
0.14963640920463284
0.14950334382091246
0.1493728123873863
0.1492447722090663
0.14911918118762058
0.1489959978156895
0.1488751811711807
0.14875669091157329
0.14864048726821377
0.14852653104060887
0.14841478359072768
0.1483052068373073
0.1481977632501431
0.14809241584442212
0.14798912817503007
0.14788786433088308
0.14778858892927005
0.1476912671102023
0.14759586453078188
0.1475023473595738
0.1474106822710074
0.14732083643979077
0.14723277753532982
0.14714647371618617
0.1470618936245479
0.1469790063807076
0.14689778157758981
0.14681818927527368
0.14674019999556187
0.14666378471656127
0.14658891486729386
0.14651556232233076
0.14644369939646606
0.14637329883939676
0.14630433383045582
0.1462367779733581
0.14617060529098536
0.1461057902201951
0.14604230760667003
0.14598013269979238
0.14591924114755705
0.14585960899151285
0.1458012126617363
0.14574402897185312
0.14568803511407735
0.14563320865429574
0.14557952752718784
0.14552697003138004
0.14547551482463605
0.14542514091908265
0.14537582767648416
0.14532755480353376
0.1452803023472069
0.14523405069012973
0.1451887805460076
0.14514447295507749
0.14510110927960518
0.14505867119941473
0.14501714070747773
0.14497650010551288
0.14493673199965185
0.144897819296126
0.14485974519700484
0.14482249319596896
0.144786047074128
0.14475039089587283
0.14471550900477304
0.14468138601951297
0.14464800682986978
0.1446153565927274
0.1445834207281388
0.144552184915424
0.14452163508930693
0.144491757436099
0.14446253838991352
0.1444339646289342
0.14440602307171158
0.14437870087350413
0.14435198542266248
0.1443258643370523
0.14430032546051363
0.14427535685936432
0.1442509468189449
0.1442270838401939
0.14420375663627671
0.1441809541292408
0.14415866544671874
0.14413687991866697
0.14411558707414585
0.1440947766381343
0.1440744385283863
0.1440545628523271
0.14403513990398187
0.1440161601609513
0.143997614281417
0.1439794931011873
0.1439617876307836
0.14394448905256263
0.14392758871786349
0.1439110781442151
0.14389494901256195
0.14387919316453113
0.14386380259973564
0.14384876947311442
0.14383408609230752
0.14381974491506166
0.14380573854668377
0.14379205973750941
0.14377870138042914
0.143765656508427
0.1437529182921643
0.1437404800376022
0.14372833518364214
0.14371647729981385
0.14370490008398795
0.14369359736012355
0.14368256307605043
0.14367179130127683
0.14366127622483738
0.14365101215316212
0.14364099350798554
0.14363121482428787
0.14362167074825216
0.14361235603526568
0.1436032655479501
0.1435943942542156
0.14358573722534507
0.14357728963411043
0.1435690467529146
0.14356100395196736
0.1435531566974788
0.1435455005498909
0.14353803116213426
0.14353074427790624
0.14352363572998028
0.14351670143854556
0.14350993740956186
0.14350333973315943
0.14349690458203457
0.14349062820990544
0.14348450694996506
0.14347853721337744
0.1434727154877825
0.14346703833584262
0.14346150239379396
0.14345610437003886
0.14345084104375128
0.14344570926350775
0.14344070594593894
0.14343582807441269
0.1434310726977207
0.14342643692881119
0.14342191794352432
0.1434175129793548
0.1434132193342369
0.14340903436535024
0.14340495548794718
0.14340098017419145
0.14339710595203048
0.1433933304040792
0.14338965116651836
0.1433860659280266
0.143382572428719
0.14337916845910792
0.1433758518590832
0.1433726205169048
0.14336947236823017
0.14336640539513157
0.14336341762516047
0.14336050713040238
0.14335767202657035
0.14335491047209903
0.14335222066726716
0.14334960085332316
0.14334704931164266
0.14334456436288645
0.14334214436618176
0.1433397877183159
0.14333749285295283
0.14333525823984716
0.14333308238409348
0.14333096382536803
0.14332890113720653
0.1433268929262823
0.14332493783169342
0.14332303452428186
0.14332118170594565
0.14331937810898
0.14331762249541546
0.14331591365638408
0.14331425041149026
0.14331263160819108
0.1433110561211951
0.14330952285186582
0.14330803072764597
0.14330657870148222
0.14330516575127128
0.1433037908793091
0.1433024531117536
0.14330115149810296
0.14329988511067482
0.1432986530441024
0.14329745441483965
0.14329628836067554
0.1432951540402555
0.14329405063262002
0.14329297733674595
0.14329193337109547
0.14329091797318272
0.14328993039914018
0.14328896992329943
0.14328803583777938
0.14328712745208005
0.14328624409269264
0.1432853851027054
0.1432845498414269
0.14328373768401848
0.1432829480211213
0.14328218025851192
0.14328143381674308
0.14328070813080762
0.14328000264980612
0.14327931683661388
0.14327865016756347
0.14327800213213138
0.1432773722326357
0.14327675998392486
0.14327616491309347
0.14327558655919181
0.1432750244729415
0.14327447821646488
0.1432739473630128
0.14327343149670035
0.14327293021225085
0.14327244311474197
0.1432719698193622
0.1432715099511621
0.14327106314482796
0.14327062904444254
0.14327020730326412
0.1432697975835041
0.14326939955610962
0.14326901290055272
0.14326863730462736
0.14326827246424456
0.14326791808323291
0.14326757387314915
0.1432672395530893
0.1432669148495025
0.1432665994960085
0.14326629323322881
0.143265995808609
0.14326570697624952
0.14326542649674368
0.14326515413701735
0.1432648896701707
0.14326463287532532
0.14326438353747195
0.14326414144732869
0.14326390640119424
0.14326367820080899
0.14326345665321638
0.14326324157063774
0.14326303277032915
0.1432628300744646
0.143262633310009
0.14326244230859497
0.14326225690640249
0.14326207694405102
0.14326190226648183
0.1432617327228396
0.14326156816638302
0.1432614084543623
0.14326125344792617
0.1432611030120191
0.14326095701528152
0.14326081532996027
0.14326067783180685
0.14326054439999403
0.14326041491702401
0.14326028926864154
0.14326016734375002
0.14326004903432998
0.14325993423535577
0.14325982284472083
0.1432597147631588
0.1432596098941712
0.14325950814394928
0.14325940942130944
0.14325931363762
0.1432592207067347
0.14325913054492645
0.14325904307082382
0.14325895820534817
0.1432588758716511
0.14325879599505642
0.1432587185030032
0.14325864332498395
0.14325857039249623
0.14325849963898518
0.1432584309997874
0.14325836441209105
0.14325829981487048
0.14325823714885244
0.14325817635645777
0.14325811738176253
0.14325806017044818
0.14325800466975958
0.14325795082846327
0.14325789859680327
0.14325784792646468
0.14325779877052935
0.1432577510834402
0.14325770482096412
0.14325765994015305
0.1432576163993099
0.14325757415795637
0.14325753317679402
0.14325749341767358
0.14325745484356567
0.1432574174185266
0.1432573811076684
0.14325734587712935
0.1432573116940471
0.14325727852652792
0.14325724634362036
0.143257215115289
0.14325718481238914
0.14325715540664163
0.14325712687060654
0.1432570991776606
0.1432570723019747
0.14325704621849134
0.1432570209028997
0.14325699633161848
0.14325697248177205
0.14325694933117272
0.14325692685829738
0.14325690504227218
0.14325688386285274
0.14325686330040355
0.14325684333588473
0.14325682395083061
0.1432568051273374
0.14325678684804066
0.14325676909610652
0.14325675185521247
0.1432567351095333
0.14325671884372504
0.14325670304291382
0.1432566876926803
0.1432566727790473
0.14325665828846368
0.1432566442077955
0.1432566305243137
0.1432566172256805
0.14325660429993603
0.14325659173549232
0.14325657952111726
0.14325656764592754
0.14325655609937626
0.14325654487124284
0.1432565339516242
0.1432565233309261
0.1432565129998501
0.14325650294939107
0.14325649317082212
0.14325648365569033
0.14325647439580458
0.1432564653832329
0.14325645661029063
0.1432564480695332
0.14325643975374935
0.14325643165595903
0.14325642376939562
0.14325641608750983
0.1432564086039555
0.14325640131259332
0.1432563942074685
0.14325638728282197
0.143256380533074
0.1432563739528233
0.14325636753683713
0.14325636128005204
0.1432563551775633
0.14325634922462294
0.14325634341663507
0.14325633774914814
0.14325633221785583
0.1432563268185859
0.1432563215473025
0.14325631640009473
0.14325631137318195
0.1432563064629001
0.14325630166570613
0.14325629697816822
0.14325629239696636
0.1432562879188869
0.1432562835408172
0.1432562792597487
0.14325627507276606
0.14325627097705096
0.14325626696987215
0.14325626304859151
0.14325625921065133
0.14325625545357956
0.1432562517749819
0.1432562481725439
0.14325624464402242
0.14325624118724978
0.14325623780012908
0.1432562344806274
0.1432562312267821
0.14325622803669147
0.1432562249085162
0.14325622184047482
0.14325621883084716
0.1432562158779661
0.1432562129802205
0.1432562101360485
0.14325620734394218
0.14325620460244026
0.14325620191012922
0.1432561992656426
0.14325619666765865
0.14325619411489487
0.14325619160611502
0.14325618914011873
0.1432561867157487
0.1432561843318796
0.14325618198742796
0.14325617968134374
0.14325617741260832
0.14325617518024059
0.14325617298328552
0.14325617082082454
0.14325616869196445
0.14325616659584373
0.14325616453162526
0.14325616249850393
0.14325616049569445
0.14325615852244233
0.1432561565780136
0.14325615466169983
0.14325615277281278
0.14325615091068922
0.14325614907468542
0.14325614726417857
0.14325614547856536
0.1432561437172608
0.14325614197970138
0.14325614026533817
0.14325613857364117
0.14325613690409733
0.14325613525620895
0.14325613362949474
0.1432561320234872
0.14325613043773366
0.14325612887179717
0.1432561273252535
0.14325612579769043
0.1432561242887106
0.1432561227979271
0.14325612132496524
0.1432561198694624
0.14325611843106734
0.14325611700943808
0.14325611560424412
0.14325611421516438
0.143256112841888
0.1432561114841131
0.14325611014154838
0.14325610881390638
0.14325610750091455
0.14325610620230467
0.14325610491781582
0.14325610364719654
0.14325610239020126
0.1432561011465956
0.1432560999161433
0.14325609869862532
0.1432560974938205
0.14325609630151848
0.14325609512151294
0.1432560939536044
0.14325609279759755
0.14325609165330466
0.14325609052054145
0.14325608939912715
0.14325608828889058
0.1432560871896612
0.14325608610127338
0.14325608502356724
0.1432560839563881
0.1432560828995807
0.1432560818530001
0.1432560808165002
0.14325607978993993
0.14325607877318236
0.14325607776609528
0.14325607676854657
0.14325607578040955
0.1432560748015601
0.14325607383187766
0.1432560728712443
0.14325607191954293
0.14325607097666193
0.14325607004249263
0.14325606911692457
0.14325606819985515
0.14325606729118057
0.14325606639080057
0.1432560654986178
0.14325606461453455
0.14325606373845823
0.14325606287029713
0.14325606200996
0.14325606115735967
0.14325606031240978
0.14325605947502495
0.1432560586451217
0.1432560578226213
0.14325605700744326
0.14325605619950788
0.14325605539873987
0.14325605460506508
0.14325605381840745
0.14325605303869704
0.14325605226586058
0.14325605149982978
0.14325605074053593
0.14325604998791075
0.14325604924189006
0.14325604850240614
0.1432560477693977
0.14325604704279982
0.14325604632255107
0.14325604560859306
0.14325604490086208
0.14325604419930082
0.14325604350385246
0.14325604281445825
0.1432560421310627
0.14325604145360982
