0.7745012439255897
0.7631844250615264
0.7513885503003757
0.7391803996602018
0.7265818963390074
0.7136132049099777
0.7002896988473184
0.6866245489201104
0.6726303166186776
0.6583198452701984
0.6437067812014663
0.6288058957421447
0.6136332917341052
0.5982065364556486
0.5825447425910482
0.5666686086926913
0.5506004253216745
0.534364050305973
0.5179848551577984
0.5014896440530827
0.48490654658275567
0.4682648855619531
0.4515950214247413
0.43492817507100134
0.4182962314215697
0.401731526341751
0.3852666199827328
0.36893405994072415
0.35276613792377987
0.33679464382883173
0.3210506212524744
0.3055641284789967
0.2903640089023284
0.27547767464481365
0.26093090683881737
0.24674767564655242
0.2329499826220931
0.21955772748471558
0.2065886007940051
0.19405800341649915
0.18197899307294751
0.1703622576762195
0.15921611463217855
0.1485465347962881
0.13835718937056252
0.12864951769775212
0.11942281366698904
0.11067432828761481
0.1023993859121114
0.09459151158750156
0.08724256707771583
0.08034289321577359
0.07388145640155896
0.0678459972464095
0.06222317956776979
0.056998738145468075
0.052157623857185365
0.04768414500746199
0.04356210384758852
0.03977492744993871
0.0363057922487543
0.03313774169000583
0.030253796547442313
0.0276370575618472
0.025270800148539663
0.023138560996565416
0.021224216454117095
0.019512052660571322
0.01798682744750657
0.016633824090387272
0.015438897049660838
0.014388509895102097
0.013469765660010347
0.012670429921871729
0.011978946952561409
0.011384449323521673
0.01087676138850957
0.010446397098174742
0.010084552625899357
0.009783094303129403
0.00953454237407303
0.00933205108468993
0.009169385619069659
0.009040896388227915
0.008941491162409498
0.008866605518778159
0.008812172052654166
0.008774588772803127
0.008750687070760654
0.008737699621111594
0.008733228535212079
0.008735214055445417
0.00874190404145081
0.008751824464558133
0.008763751092154437
0.008776682510620581
0.008789814603907709
0.008802516575252883
0.008814308572053453
0.00882484094873437
0.008833875179695916
0.008841266414065019
0.008846947646091174
0.008850915459501785
0.008853217291056814
0.008853940147549366
0.008853200701785746
0.00885113668624704
0.008847899498227285
0.008843647926969234
0.008838542911629
0.008832743238491036
0.008826402086828722
0.008819664334561605
0.008812664537812265
0.00880552550189373
0.00879835736550083
0.008791257124456386
0.008784308526355367
0.008777582272722184
0.008771136470572038
0.008765017280780385
0.008759259715976797
0.008753888545974586
0.008748919273886213
0.00874435915097227
0.008740208202884348
0.008736460244410549
0.008733103863798886
0.00873012336153589
0.008727499631816737
0.008725210978020592
0.008723233856201773
0.008721543543045662
0.008720114726740835
0.008718922021055842
0.008717940404338376
0.008717145586395247
0.00871651430713527
0.008716024571631564
0.008715655826768143
0.008715389084955283
0.008715207000636771
0.008715093905305005
0.008715035806694416
0.008715020357642156
0.008715036799863185
0.008715075887530621
0.008715129795275778
0.008715192014699391
0.008715257243202212
0.008715321268415788
0.008715380851138321
0.00871543360925564
0.008715477904715052
0.008715512735248176
0.008715537632177806
0.00871555256532519
0.008715557855719092
0.008715554096562994
0.008715542082672223
0.00871552274837839
0.008715497113771398
0.008715466238943925
0.008715431185846056
0.008715392987246218
0.008715352622220673
0.008715310997579717
0.008715268934593623
0.008715227160376204
0.008715186303303923
0.008715146891854708
0.0087151093562855
0.008715074032603076
0.008715041168328441
0.008715010929590483
0.008714983409137234
0.008714958634919667
0.00871493657891309
0.008714917165929648
0.008714900282205451
0.008714885783560722
0.008714873503032572
0.008714863257856642
0.008714854855733756
0.008714848100359607
0.008714842796174405
0.008714838752363896
0.008714835786135411
0.008714833725287252
0.008714832410141926
0.008714831694883851
0.008714831448386917
0.008714831554554103
0.008714831912287724
0.00871483243510518
0.008714833050500803
0.008714833699086655
0.00871483433357989
0.008714834917678771
0.008714835424876832
0.008714835837252743
0.008714836144261162
0.008714836341565557
0.008714836429926986
0.008714836414155713
0.008714836302164408
0.008714836104107282
0.008714835831619916
0.008714835497165896
0.008714835113470154
0.008714834693068663
0.008714834247930181
0.008714833789175924
0.00871483332687284
0.008714832869891054
0.008714832425832042
0.008714832000995432
0.008714831600401873
0.008714831227842113
0.008714830885957592
0.00871483057633915
0.00871483029964093
0.00871483005570406
0.00871482984367944
0.008714829662156198
0.008714829509275268
0.008714829382850398
0.008714829280466851
0.008714829199579222
0.008714829137591695
0.008714829091930443
0.008714829060101459
0.008714829039740746
0.008714829028647841
0.00871482902481302
0.008714829026438609
0.008714829031939542
0.008714829039953464
0.008714829049332073
0.00871482905913512
0.008714829068613983
0.008714829077196673
0.008714829084473075
0.008714829090172072
0.008714829094145338
0.008714829096344467
0.008714829096806986
0.008714829095631926
0.008714829092971499
0.008714829089008558
0.008714829083951048
0.008714829078015907
0.00871482907141885
0.00871482906437071
0.00871482905706833
0.0087148290496889
0.008714829042395067
0.008714829035318616
0.008714829028573678
0.008714829022247073
0.008714829016404746
0.008714829011093106
0.008714829006335467
0.008714829002140934
0.00871482899850251
0.008714828995399215
0.008714828992804402
0.00871482899067988
0.008714828988983125
0.008714828987668954
0.008714828986688405
0.008714828985995626
0.008714828985542877
0.008714828985288303
0.008714828985188383
0.008714828985205814
0.008714828985308731
0.008714828985467271
0.008714828985656786
0.00871482898585707
0.008714828986050804
0.008714828986226664
0.008714828986376655
0.00871482898649234
0.008714828986570278
0.00871482898661291
0.00871482898661835
0.00871482898658904
0.008714828986528533
0.00871482898644127
0.008714828986331913
0.00871482898620446
0.008714828986064904
0.008714828985917134
0.008714828985765366
0.008714828985613488
0.00871482898546494
0.008714828985322054
0.008714828985187939
0.008714828985064482
0.008714828984951684
0.00871482898485032
0.008714828984761058
0.00871482898468523
0.008714828984621392
0.008714828984567435
0.00871482898452447
0.008714828984488832
0.008714828984464407
0.008714828984446199
0.008714828984434653
0.008714828984427214
0.008714828984423773
0.008714828984424883
0.008714828984426881
0.00871482898442999
0.008714828984434653
0.008714828984439982
0.008714828984444978
0.008714828984449974
0.00871482898445286
0.008714828984456524
0.0087148289844583
0.008714828984459522
0.008714828984459744
0.008714828984457745
0.008714828984457301
0.008714828984454415
0.008714828984451306
0.008714828984448086
0.008714828984444423
0.008714828984441314
0.008714828984436651
0.008714828984433765
0.008714828984430323
0.008714828984426326
0.008714828984423106
0.008714828984419554
0.008714828984417444
0.008714828984414669
0.008714828984413336
0.008714828984412004
0.008714828984410339
0.008714828984408896
0.008714828984408451
0.008714828984407785
0.008714828984407563
0.00871482898440723
0.008714828984407785
0.00871482898440712
0.00871482898440723
0.008714828984407785
0.00871482898440712
0.008714828984408007
0.00871482898440712
0.00871482898440723
0.008714828984407341
0.008714828984408118
0.008714828984408118
0.008714828984407563
0.008714828984407785
0.008714828984407341
0.008714828984408007
0.008714828984407785
0.008714828984407674
0.00871482898440712
0.008714828984407674
0.008714828984407341
0.00871482898440712
0.008714828984407341
0.00871482898440712
0.008714828984406675
0.008714828984406786
0.008714828984406453
0.008714828984406786
0.008714828984406675
0.008714828984406453
0.008714828984406231
0.008714828984406009
0.008714828984406453
0.008714828984406009
0.008714828984406009
0.008714828984405787
0.008714828984406009
0.008714828984405787
0.008714828984406453
0.008714828984406675
0.008714828984406009
0.008714828984406453
0.008714828984406009
0.008714828984406231
0.008714828984406231
0.008714828984406342
0.008714828984406231
0.008714828984406453
0.008714828984406453
0.008714828984406231
0.008714828984406231
0.008714828984406342
0.008714828984406897
0.008714828984406675
0.008714828984406231
0.008714828984406897
0.008714828984406453
0.008714828984406231
0.008714828984406009
0.008714828984406675
0.008714828984406231
0.008714828984406453
0.008714828984406897
0.008714828984406231
0.008714828984406453
0.00871482898440712
0.008714828984406009
0.008714828984406453
0.008714828984406009
0.008714828984406786
0.008714828984406675
0.008714828984406342
0.008714828984406342
0.008714828984406897
0.008714828984406231
0.008714828984406009
0.008714828984406897
0.008714828984406453
0.00871482898440712
0.008714828984406453
0.008714828984406342
0.008714828984406453
0.008714828984406231
0.008714828984406897
0.008714828984406453
0.008714828984406453
0.008714828984406342
0.008714828984406786
0.008714828984406231
0.008714828984406675
0.008714828984406342
0.008714828984406453
0.008714828984406231
0.008714828984406009
0.008714828984406453
0.008714828984406009
0.008714828984406453
0.008714828984406009
0.008714828984405898
0.008714828984406342
0.008714828984406453
0.008714828984406009
0.008714828984406675
0.008714828984406453
0.008714828984406231
0.008714828984406231
0.008714828984406342
0.008714828984406453
0.008714828984406342
0.008714828984406009
0.008714828984405898
0.008714828984406231
0.008714828984406231
0.008714828984406009
0.008714828984406009
0.008714828984405898
0.008714828984405898
0.008714828984406231
0.008714828984406342
0.008714828984405898
0.008714828984406453
0.008714828984405898
0.008714828984406675
0.008714828984406009
0.008714828984406675
0.008714828984406453
0.008714828984406786
0.008714828984406453
0.00871482898440712
0.008714828984406453
0.008714828984406231
0.008714828984406453
0.008714828984406009
0.008714828984405898
0.008714828984406453
0.008714828984406009
0.008714828984406342
0.008714828984406453
0.008714828984406453
0.008714828984406675
0.008714828984406231
0.008714828984405898
0.008714828984406786
0.008714828984405898
0.008714828984406342
0.008714828984406675
0.008714828984405898
0.008714828984406009
0.008714828984406453
0.008714828984405898
0.008714828984406675
0.008714828984405898
0.008714828984406231
0.008714828984406231
0.008714828984405898
0.008714828984406009
0.008714828984406009
0.008714828984406231
0.008714828984406231
0.008714828984406231
0.008714828984406231
0.008714828984406342
0.008714828984406231
0.008714828984406342
0.008714828984405898
0.008714828984406786
0.008714828984406009
0.008714828984406342
0.008714828984405787
0.008714828984406231
0.008714828984406342
0.008714828984406342
0.008714828984406453
0.008714828984406786
0.008714828984406453
0.008714828984406675
0.008714828984406231
0.008714828984406009
0.008714828984406675
0.008714828984406342
0.008714828984406231
0.008714828984406897
