1.217139927234211
1.2016749988278
1.1954210077197802
1.1885608443747804
1.1813846891371547
1.1739756227736318
1.165964392781603
1.1577012326901097
1.1491743206103016
1.1403909262255398
1.1313641555700582
1.1219112551553876
1.1122136173420978
1.1022603722445892
1.092072669403158
1.08166224371265
1.0710306616047762
1.0601989572764958
1.0491921908616806
1.0380339198131625
1.0267208186854682
1.015265867762006
1.0036174392256545
0.9914785610025242
0.979137651284474
0.9664769919773634
0.9535702057191551
0.9404335865195007
0.9270828816340921
0.9135325144007579
0.8997964153381898
0.8858897020076877
0.8718308388836982
0.8576438026724738
0.8432458164611611
0.828893845419907
0.8123766082531141
0.7957273827873332
0.7795537838872157
0.7635986779477827
0.7477825965089508
0.732043620174782
0.7163041904039399
0.7004212174482632
0.684492376722655
0.6684525133789274
0.652216787308489
0.6353564727724215
0.618152435620376
0.6006165847027559
0.5827888459498501
0.5647134874444613
0.5463797652917347
0.5279169969977835
0.5093775406449476
0.49082608588145954
0.4723398291171975
0.4533224538450273
0.43450129170707896
0.4159689885546565
0.3978177036397957
0.38013819612093913
0.3630186215133167
0.3465428823887298
0.3307886916180748
0.31556822104811066
0.3012408094024803
0.2878441882524754
0.27540130082948716
0.26392112173286136
0.25268402367819354
0.24239008313080104
0.2330195001894841
0.22454926886811352
0.21695728576711837
0.21022371656868144
0.2043182529245319
0.19909938070900407
0.1941118972427249
0.18859802411888874
0.18367146655258518
0.17938851373964332
0.17573591772889674
0.17268038796390306
0.1701810641388328
0.16819391027063874
0.1666743028607932
0.16557932567823516
0.16409794653347143
0.1630205107148379
0.1623095781136483
0.1619329412207277
0.16186339903274896
0.16207943896423296
0.16256706434261559
0.16332289874097694
0.16369722972427037
0.16445423577881685
0.16554900209358842
0.16398324603278017
0.1626849752524178
0.16170586101055842
0.161060566610184
0.16011757013827485
0.15951593347794535
0.15922558957763044
0.1592211046443626
0.15948237838683282
0.15999478663488556
0.1607495404289694
0.16112356905164976
0.16179871519234035
0.162775330695879
0.16406159965776065
0.16300249500558722
0.1623212620348537
0.16198830516617224
0.16129528959498105
0.16085933927150986
0.16061176085095963
0.16057556013513744
0.16077715266310197
0.16121554764952753
0.16187704370598105
0.16274598423150377
0.1631050102286927
0.16370054057645134
0.16452510986271993
0.16555784847130167
0.1647384118218389
0.1642475968355481
0.1640775914073549
0.1642264715027249
0.1647015935548644
0.1649171518940617
0.16562980122502274
0.1669923785684942
0.16956435617127316
0.1677292813336961
0.16955678229482493
0.17144281901743477
0.1727091273493789
0.17393176167981514
0.1735113147382744
0.17326111791356344
0.17322097307826076
0.173417163606538
0.17327969947321337
0.17343581915862066
0.173888658466678
0.17463775647691848
0.17568079137378176
0.1770152644260958
0.17822129693859384
0.17979057389753542
0.1817228268662573
0.1797998566717423
0.17808066860039287
0.17692017917954447
0.17628547119504803
0.17614180126975973
0.17602446611399372
0.17633414091633637
0.17703627355762783
0.17810163538493665
0.17950817533757293
0.18123106352578147
0.18267961491068854
0.18440517218825864
0.18280084692822168
0.18167419260154227
0.18099228251898952
0.18072096114992178
0.1802450278519541
0.18017102698677356
0.18046249504791753
0.18108316725348383
0.18199766875316908
0.18317233979658723
0.18457611946528216
0.18547084179271428
0.18661353057030267
0.18503584320286695
0.18397965014333095
0.18339709766299453
0.18324381286124627
0.1832198536691375
0.18350777886148328
0.1840787307285133
0.18399069171116164
0.18424080956734568
0.18477871766481477
0.1855718848188799
0.18671033229873932
0.18703112874362626
0.18600588427755518
0.18535189413354433
0.18503314829575293
0.18501699043081782
0.18527328129351237
