1.0733197295849937
0.09857766955230306
0.09392372664971754
0.08881248314009517
0.0837146246800794
0.07880102498594083
0.0741525372447678
0.06981176170637551
0.0658013414850868
0.062131896500137736
0.05880598646736753
0.05582032070311268
0.053167110783134665
0.05083497091355069
0.04880956629325903
0.0470741171004783
0.04560982084679247
0.04439623242197569
0.043411627475119396
0.04263336536872584
0.042038260330100274
0.04160296270056326
0.04130434625410829
0.04111989269087029
0.04102806095349815
0.041008627230385654
0.04104298150482443
0.04111436820581412
0.04120806165388229
0.041311471150083996
0.04141417518342389
0.04150788873313637
0.04158637145496589
0.04164528723142347
0.04168202690585427
0.041695506018870475
0.04168594825499436
0.0416546634763593
0.04160382712239046
0.04153626581017975
0.04145525249000458
0.041364313648749575
0.04126705080086069
0.041166978709540246
0.04106738319128145
0.04097120168859911
0.04088092978951678
0.040798556351732136
0.04072552880049716
0.04066274859362618
0.04061059498481028
0.04056897334320483
0.04053738269477875
0.040514996086095725
0.040500746987490364
0.04049341528412123
0.04049170736461615
0.04049432622630961
0.04050002913494429
0.04050767195683808
0.04051624060942713
0.0405248710079721
0.040532859366931996
0.040539664778019575
0.04054490573908819
0.040548351896147146
0.04054991183777197
0.04054961747153676
0.04054760538819442
0.0405440956915296
0.040539368993718
0.04053374256220717
0.040527546854977586
0.04052110380857472
0.04051470819202773
0.040508613098050254
0.0405030202434441
0.04049807526036484
0.040493867663388715
0.0404904347561316
0.04048776845774858
0.04048582391498586
0.04048452881577133
0.04048379250163
0.04048351423486632
0.04048359025300841
0.04048391948545088
0.040484407980925376
0.040484972186812795
0.04048554124074424
0.04048605840496087
0.0404864817246014
0.040486783950289366
0.04048695175173033
0.040486984268422004
0.04048689108957282
0.040486689812683746
0.04048640338044048
0.040486057422461454
0.04048567782273205
0.040485288694750814
0.04048491088237324
0.04048456102851593
0.040484251181442936
0.04048398885225888
0.04048377740529845
0.040483616656778354
0.04048350357197728
0.040483432979035165
0.040483398248705484
0.040483391915943016
0.04048340623610499
0.04048343367478546
0.04048346732825032
0.040483501265540775
0.040483530778358874
0.040483552524433454
0.04048356455561978
0.040483566232618895
0.04048355804122128
0.040483541336918255
0.04048351805248926
0.04048349040490177
0.04048346063338911
0.0404834307913141
0.040483402602813995
0.040483377383979266
0.04048335601966944
0.040483338982243704
0.04048332637757329
0.04048331800579939
0.04048331342795813
0.04048331203332688
0.04048331310504707
0.04048331588278085
0.040483319621030626
0.04048332364089838
0.0404833273722664
0.040483330383252
0.04048333239461654
0.04048333327848306
0.04048333304279297
0.04048333180485686
0.04048332975861934
0.040483327140573434
0.04048332419863254
0.04048332116695267
0.04048331824809882
0.04048331560248255
0.04048331334397542
0.04048331154013975
0.040483310215569036
0.0404833093571916
0.04048330892084288
0.040483308838742106
0.04048330902763747
0.040483309397298224
0.04048330985884208
0.04048331033221982
0.04048331075213267
0.040483311071799775
0.04048331126429027
0.04048331132151352
0.0404833112513155
0.04048331107337458
0.040483310814661146
0.04048331050514519
0.04048331017422692
0.04048330984812381
0.04048330954821828
0.04048330929023134
0.04048330908401903
0.04048330893381171
0.040483308838765275
0.04048330879375265
0.040483308790353015
0.04048330881799454
0.04048330886517774
0.04048330892067341
0.04048330897457049
0.04048330901906034
0.040483309048880395
0.04048330906140021
0.04048330905639122
0.04048330903556876
0.04048330900201443
0.0404833089595826
0.04048330891236888
0.04048330886428452
0.04048330881874717
0.040483308778479964
0.04048330874539901
0.04048330872057298
0.04048330870424568
0.04048330869591582
0.0404833086944706
0.040483308698362364
0.04048330870581462
0.040483308715030426
0.04048330872437959
