1.0564117150596986
0.9369605549096184
0.9295317309986133
0.9206438054819339
0.9110131252526552
0.900906167212822
0.890456146365367
0.8797418730836076
0.8688155782133601
0.8577148768133317
0.8464686345156713
0.8351001214881086
0.8236288160972091
0.8120714758398306
0.80044278851304
0.7887557768547298
0.7770220572086668
0.7652520126052245
0.7534549192073758
0.7416390546018798
0.7298118113087095
0.7179798343175365
0.7061491931172754
0.694325584405551
0.6825145443754208
0.6707216375265577
0.6589525905317475
0.6472133550358398
0.6355101034563976
0.6238491763378231
0.6122370041303187
0.6006800227842783
0.5891845961156501
0.5777569520750361
0.5664031361788091
0.5551289832959534
0.5439401080718345
0.5328419138820027
0.5218396199324936
0.510938305772454
0.5001429720746963
0.4894586162651473
0.4788903217917626
0.4684433608805839
0.45812331240169396
0.4479361970808142
0.437888626348558
0.42798794059547113
0.41824227730592745
0.40866048514828246
0.39925183082508287
0.3900255357549764
0.3809902602429264
0.37215365633492703
0.36352205192858705
0.35510026810788314
0.3468915419251333
0.33889752349489477
0.3311183240614024
0.3235526008593266
0.3161976717967151
0.3090496580485864
0.30210365605464207
0.2953539421955482
0.28879421239072217
0.28241785222846405
0.2762182182636943
0.2701888907386987
0.2643238464508974
0.2586175158654809
0.25306472992779105
0.24766060161539447
0.24240039827950285
0.23727944432495673
0.23229306938939148
0.2274365997716919
0.2227053833432294
0.218094837560036
0.2136005133628395
0.2092181727641229
0.20494388245821493
0.20077412481168305
0.19670591372443721
0.19273687558923316
0.18886523612213313
0.1850896765553822
0.18140908765678085
0.17782230386197714
0.17432789790526718
0.17092407418425223
0.1676086581404651
0.16437915910153875
0.1612328816380815
0.15816706606738473
0.15517904587891299
0.1522664145246713
0.14942719160089563
0.14665996401741171
0.143963954152117
0.14133895668136867
0.13878512040167226
0.13630262559716436
0.13389136202281374
0.13155070083857096
0.12927939758886378
0.12707561289108263
0.1249370158777846
0.12286093665657573
0.12084454548631614
0.1188850488242254
0.11697989748604397
0.1151269895601618
0.11332481817711121
0.11157248914243606
0.10986956420339287
0.10821577357698835
0.10661071073895613
0.10505361350824563
0.10354327527977918
0.10207807697606422
0.10065610751185547
0.09927534054722134
0.09793384402507854
0.0966300050226624
0.09536274485864013
0.09413167183832144
0.09293708954336705
0.09177979817014649
0.0906607212297503
0.08958049083390213
0.0885391360493707
0.08753594547401963
0.08656949616081483
0.08563780345356173
0.08473854517034288
0.08386932769589106
0.08302797285404155
0.08221279692444287
0.0814228191653966
0.08065780394983751
0.07991807229785523
0.07920413213788421
0.0785162774528661
0.07785430131420525
0.0772173856079767
0.07660415489526316
0.07601284992532875
0.07544157667802211
0.07488859712427544
0.07435262804568772
0.07383308902200203
0.07333020040184782
0.0728448361811591
0.07237813950059128
0.07193104670480382
0.0715039058254132
0.07109629612796847
0.07070705334569297
0.07033445096432316
0.06997648074380157
0.06963118742144762
0.06929701659964617
0.06897311220102145
0.06865945916508565
0.0683567690885225
0.06806611002237137
0.06778842592874428
0.06752413897409598
0.0672729521875629
0.06703386581523733
0.06680536150094885
0.06658569644163903
0.06637325656548965
0.06616691481676658
0.06596631063322589
0.06577193080183252
0.06558490282559203
0.06540654759398251
0.0652378769611663
0.0650792313493686
0.06493014997240962
0.06478946249112041
0.06465554309528351
0.06452666306842841
0.06440138188119088
0.06427890197610411
0.0641592766011939
0.06404335369692479
0.06393243047461444
0.06382774945670391
0.06373004655112036
0.06363930298523197
0.06355473866110352
0.06347500638792711
0.06339852078602988
0.06332385397953108
0.0632501201318343
0.06317724005638942
0.0631059608277331
0.06303757400491866
