1.3053080397778603
0.12514147966013925
0.1160644131156958
0.10754988778261304
0.09944788555480737
0.0917219943632301
0.08436235871733228
0.07736586716959813
0.07073093103252297
0.06445580935098914
0.05853800090774006
0.05297401382134922
0.047759286378217136
0.04288817461919473
0.038353971755768095
0.034148943759680514
0.030264373728016294
0.026690611538077714
0.023417127376420373
0.020432568950424418
0.017724822973989945
0.015281082018941121
0.01308791809023449
0.011131364321085704
0.009397005986810527
0.007870081604598888
0.006535594241969534
0.005378432347022136
0.004383498512510634
0.0035358436860845124
0.0028208035409664073
0.002224133117888508
0.001732135512350196
0.0013317803520662324
0.001010808092951403
0.0007578167289402738
0.0005623283044861615
0.000414833563988697
0.00030681408794253637
0.00023074227249869476
0.00018006043920653953
0.00014914116215303618
0.00013323153499179317
0.00012838455163622346
0.00013138103734774756
0.00013964564860681692
0.00015116037560691318
0.0001643787507530358
0.0001781436135564879
0.0001916108319943952
0.0002041808591907978
0.00021543943969186267
0.00022510820008096095
0.000233005293086174
0.00023901574101852546
0.0002430706696450762
0.0002451342598262486
0.00024519698794294353
0.0002432735863084739
0.00023940413189436002
0.00023365675764912307
0.00022613065948945266
0.00021695832158712084
0.00020630617691608463
0.00019437323197107353
0.00018138748823009112
0.00016760026589767463
0.0001532787604021119
0.00013869732767421458
0.00012412809523420536
0.0001098315331557491
9.604759756770869e-05
8.298798875419732e-05
7.082995786517479e-05
5.971196372686461e-05
4.973133731638001e-05
4.094396835551634e-05
3.3365896804815105e-05
2.697658029476768e-05
2.1723522766370714e-05
1.7527893291442637e-05
1.4290738175182484e-05
1.189939268059367e-05
1.023372777130882e-05
9.171917348443745e-06
8.59547675656072e-06
8.393397580460722e-06
8.4652807193179e-06
8.723443683851777e-06
9.0940441727161e-06
9.517316550574607e-06
9.947058473622755e-06
1.0349530517187964e-05
1.0701942433198148e-05
1.099069686628105e-05
1.1209547103074716e-05
1.1357802419730933e-05
1.1438685827805506e-05
1.145791752656309e-05
1.1422565964820021e-05
1.134017950513473e-05
1.1218187129337387e-05
1.1063537666684515e-05
1.0882534265430975e-05
1.0680814264936483e-05
1.046342374096639e-05
1.023493987167422e-05
9.999601720150779e-06
9.761419739704072e-06
9.52424497642412e-06
9.291789388090333e-06
9.06759794818924e-06
8.854980554814469e-06
8.656916805549441e-06
8.475949307274483e-06
8.314081495834383e-06
8.172694282104956e-06
8.052492697580261e-06
7.953489639385508e-06
7.875029376935234e-06
7.815849200021267e-06
7.77417389055995e-06
7.74783489786029e-06
7.734404368093652e-06
7.73133356879484e-06
7.736085687490755e-06
7.746254303857752e-06
7.759660806331978e-06
7.774426382041445e-06
7.789016685050297e-06
7.802259638032212e-06
7.813338845688514e-06
7.821766651577491e-06
7.827341874366498e-06
7.830097697912812e-06
7.830245101200666e-06
7.828116682135103e-06
7.824114866700707e-06
7.818667429990074e-06
7.812192116359971e-06
7.805071048470508e-06
7.797634653507313e-06
7.790154075933432e-06
7.782840526327106e-06
7.775849742278238e-06
7.769289692321502e-06
7.763229799539666e-06
7.757710247892511e-06
7.752750305495575e-06
7.748355000262648e-06
7.744519866527945e-06
7.741233808520041e-06
7.738480373103957e-06
7.73623787814728e-06
7.734478904831396e-06
7.733169643065244e-06
7.732269496573401e-06
7.731731230674365e-06
7.731501804022633e-06
7.73152388680227e-06
7.731737949487032e-06
7.73208471994771e-06
7.732507758850014e-06
7.732955894271494e-06
7.733385282182452e-06
7.733760912002518e-06
7.734057446049773e-06
7.734259357816464e-06
7.73436040683604e-06
7.734362549309616e-06
7.734274428162607e-06
7.734109610608575e-06
7.733884745755649e-06
7.733617800967712e-06
7.733326507750662e-06
7.733027110698154e-06
7.73273347152303e-06
7.732456539861854e-06
7.732204166900647e-06
7.731981210529264e-06
7.731789862794614e-06
7.731630122679594e-06
7.731500338518707e-06
7.731397753254733e-06
7.731318999747271e-06
7.731260510278134e-06
7.731218821618875e-06
7.731190772781733e-06
7.73117360526006e-06
7.731164984302457e-06
7.73116296452302e-06
7.73116592376648e-06
7.73117248690485e-06
7.73118145650213e-06
7.731191761499635e-06
7.731202429036588e-06
7.731212579126068e-06
7.731221437739306e-06
7.731228361198084e-06
7.731232863874941e-06
