1.4193119363407445
1.4119858462959634
1.403657745042408
1.3941594231795207
1.3836807051574624
1.3721945687033386
1.3598348602863568
1.346522677775358
1.3324780885414758
1.3176130682210796
1.3019792109258064
1.2856803732228295
1.2687628117551244
1.2512274132803172
1.2330437328775719
1.2142100452826057
1.1947932484773798
1.1748074306821952
1.1543023238178651
1.1334082518618591
1.11194450137367
1.0900969344466294
1.0679964642037238
1.0457481147558312
1.023290477431266
1.0007167954357241
0.9779773883990694
0.9549255749232319
0.9318997256492504
0.9088130827303706
0.8858571411948901
0.8629266183033794
0.8401524628779934
0.8173000451946146
0.7946595595984388
0.7721440584061817
0.7497163805697892
0.7272272214799986
0.7050662093290255
0.683332438431956
0.6617830682899453
0.6408017368423979
0.6203185825518562
0.6004235824010363
0.581381917812185
0.5625710450023886
0.5446296617934044
0.5275063336987921
0.5109597666566122
0.4952059425171993
0.4797605016798969
0.464749149564099
0.44999998826510396
0.4359672322153373
0.4226557562290813
0.41012648402274987
0.39755346737708963
0.384981391374854
0.3732897810161246
0.3620135787568139
0.3511941966003955
0.34101292418210977
0.33111932532244487
0.32011080330780906
0.3091054582694765
0.2984840106880899
0.2888156339420249
0.2794782686668325
0.27046776608516
0.2615097774859818
0.25227714502067355
0.2437867268709009
0.23523636016838667
0.22811732484955274
0.22107075107650626
0.21476239112811527
0.20866858259728222
0.20301719038174407
0.19810741227062334
0.19391039452139108
0.19040154249707916
0.18693855966563883
0.1837836003192028
0.18020006646139794
0.17674277020843318
0.17379944711290596
0.17161906192453968
0.16935100207434173
0.1668283238352743
0.1650906156266581
0.1625886045879092
0.16061074752035848
0.15934512491276626
0.15835051044102638
0.15839675391078484
0.15790109014925324
0.15697863693083963
0.15660486597766698
0.15627848274750203
0.15567312579869708
0.1556339140734949
0.15550586191732163
0.1546563693700431
0.15451223384784998
0.15535615938308228
0.1544432016517262
0.15376657740675334
0.1531882552979647
0.15303890885058063
0.15393274872904977
0.15426390215493183
0.152750715050369
0.15173036123374264
0.1513769991968101
0.15197062910908668
0.15287015781846103
0.15371697531043524
0.15476898885651388
0.15661305130228131
0.15738169028332474
0.15715017869417064
0.15592250881567038
0.155467468996526
0.15579423861199584
0.15632617650400046
0.15579269984376115
0.1565360744672689
0.15613896779563982
0.15484724302629024
0.15452560855042333
0.15489181995623588
0.15620914743144423
0.15573019431496976
0.15681193742766814
0.15766059513164132
0.15992722133038717
0.16054303863106614
0.15902680374941622
0.15791150709833326
0.1569514631112488
0.15684100104466353
0.1568054368145406
0.15751656995188143
0.15789185390182936
0.15852689962128894
0.15961365107761316
0.1585654684809619
0.1577164054502707
0.1579516983877337
0.158079229342396
0.15758769144149276
0.1571766313671352
0.1577535202740601
0.1582369713216728
0.1577090892992389
0.1572128965368591
0.15656934505301784
0.1566963029760315
0.15676585034647336
0.15784746077528458
0.15952794196944614
0.16004304490872728
0.15980002617866676
0.1592003283464572
0.1583880868561481
0.1579340116529649
0.15774618676090948
0.15800036600759465
0.15854934714226926
0.15858405637290177
0.15879163486750222
0.1588299760671999
0.158863115035693
0.15937063355655617
0.16060164141036584
0.1618449444665593
0.16234688395379646
0.16273035789951795
0.16115447063699356
0.16009324352106744
0.15992630073517392
0.15988240682453106
0.1600680697748604
0.16073919780427925
0.16143857134197398
0.1624417343225695
0.16302840037805272
0.16366349643182088
0.16299886235726546
0.16219303689239575
0.16221807708886615
0.16263184140598422
0.16277330799575407
0.16347900157000975
0.16360398949833402
0.16443976386508471
0.1636330393801424
0.1626694533515537
0.16207966455099576
0.16181888432461405
