1.0273424090283283
1.0253565512108154
1.023186288575006
1.0207022022425956
1.0179314905726935
1.0148931928772005
1.011605673220919
1.008065297383884
1.0042908601008775
1.000293081360813
0.9960626648338955
0.9916399501938076
0.9870452700984802
0.9822922078134328
0.9774001443937631
0.9723402870963647
0.9671568626291314
0.9618521999213038
0.9564445911752814
0.950933144545576
0.9453349830693937
0.9396698641599575
0.9339439092152035
0.9281970150078539
0.9224229946879267
0.9166304852487546
0.9108261129913332
0.9050473768673978
0.8992544771390903
0.8934916297094132
0.8877387211293647
0.8820532870191556
0.8764622930638312
0.870950787112882
0.8655389501614627
0.8602055087033891
0.854986815496343
0.8499038102330607
0.8449528749834829
0.8401438523576312
0.8355272725817884
0.8310411740035057
0.8267405265910293
0.822548716888053
0.8184365521834711
0.8144608618138476
0.810631644179355
0.8069928284328699
0.8034826042351992
0.8001075688780694
0.7969783848823911
0.7939582920359227
0.791007141637818
0.7881052029679908
0.7851091457324286
0.7821750502105018
0.7793215162149916
0.776672997617602
0.7739679635259975
0.7712665815705412
0.7686668203287038
0.7660143086608912
0.7633748811907305
0.7608240372817167
0.7584346932500429
0.7560981040063625
0.7538198685872716
0.7515865409868424
0.7493077275592906
0.7472021602283754
0.7451566618197792
0.7432479174229688
0.741502415484749
0.740141089185242
0.7382651992869788
0.7365581032495397
0.7352497542998863
0.7336361693006452
0.7320816659114553
0.7307193492273666
0.7294585250288217
0.7283415658242637
0.7272232043825475
0.7262597633238711
0.7254639744961381
0.7247448830050166
0.7240866372736364
0.7235638086480074
0.7226495014110833
0.7221500393712111
0.7217871825029323
0.7215272812261685
0.7212745754887744
0.721037871382352
0.7208072746870777
0.7205010291254258
0.7201130777700671
0.7197659906429645
0.7196664744611803
0.7197608907401133
0.7195917342036146
0.719580122296368
0.7193520642628405
0.719421956596173
0.7196855976432394
0.7197510815235684
0.7198579767620007
0.7197016321760585
0.7196402525607197
0.7192538935601268
0.7192668215706177
0.719279805421136
0.7193048365139266
0.7193563791771902
0.7191027778107066
0.7191275754972603
0.7193252290863382
0.7195023056191271
0.7197066518253354
0.7201325621042168
0.720195844866247
0.7200496354036947
0.7199853277431877
0.7199435554679412
0.7199973080247205
0.7203156589368251
0.7202872555480014
0.7203937938199172
0.7203496841329231
0.7204708636348838
0.7207556348470708
0.7208479053076355
0.7207685876208767
0.7205985023309939
0.7205697975818914
0.720715617311074
0.7208424098881225
0.7210251870185096
0.7213218014398033
0.7216245446376732
0.7216242308969525
0.7215418907673288
0.721414343884207
0.7213340646104043
0.7212929167297786
0.7214483336144131
0.7214708101909936
0.721552669746752
0.7218363127651638
0.7218900118775571
0.7221124765931327
0.7221360373714584
0.7221087539524574
0.7218226724198811
0.7216876981320123
0.7216967905063194
0.7217708573845983
0.7219462271433995
0.7222345836636561
0.7226076818474568
0.7226325080945796
0.7226358672625225
0.7227784903569106
0.7231688607278396
0.7232115082136921
0.7229119627737396
0.7226914357764161
0.7227157443328127
0.7228196374130398
0.7229075728501246
0.7232309862762286
0.7233044733759344
0.7233394250899117
0.7233833315881024
0.7234012415932213
0.7233979916949654
0.7234118051250025
0.7235515967549413
0.7235025240940414
0.7236800815250966
0.7238646990218793
0.724179145761538
0.7243557076535161
0.7245623867788145
0.7244238252835823
0.7243506599667043
0.7243731011346344
0.7244530430795888
0.7246304233527273
0.7249749194201456
0.7249566200736766
0.7250165116581898
0.7249031709044013
0.7245093171655307
0.7242294830812983
0.7243516526100899
0.7243918234293336
0.7243023337148186
0.7245792997067106
0.7249574403251889
