0.7688217620419548
0.7655854798333417
0.7621497717758208
0.758508591699154
0.754655728173878
0.7505847890390995
0.7462891836746535
0.7417621035021207
0.7369965014248303
0.7319850711782596
0.7267202278583018
0.7211940912220247
0.7153984737062946
0.7093248754709296
0.7029644891250826
0.6963082171101953
0.689346704952799
0.6820703937195426
0.6744695949521897
0.6665345910764868
0.6582557637153446
0.6496237514579704
0.6406296374330052
0.631265165533631
0.6215229824194994
0.6113969005942017
0.6008821760861152
0.5899757927225231
0.5786767438526967
0.5669863017790737
0.5549082651684178
0.5424491753321588
0.5296184934071029
0.5164287319967928
0.5028955365825987
0.48903771381645367
0.4748772055267442
0.4604390088124134
0.4457510439231068
0.4308439727217698
0.41575097142446216
0.40050746204673293
0.38515080759207476
0.36971997652170463
0.3542551824585113
0.33879750540113174
0.3233885009465637
0.30806980412683294
0.2928827344421908
0.27786790850964704
0.26306486643799554
0.2485117175937508
0.23424481085021132
0.22029843373497482
0.20670454413618744
0.19349253742403316
0.1806890510218978
0.16831780764995352
0.1563994976879567
0.14495170038456295
0.13398884299256764
0.12352219634292527
0.11355990488966705
0.10410704886306021
0.09516573585625154
0.08673521893551095
0.07881203819909821
0.07139018260736929
0.06446126885958059
0.05801473409463831
0.052038039237762734
0.04651687989803277
0.041435401838706976
0.03677641818962629
0.032521625745435045
0.028651817891651388
0.02514709191924125
0.02198704872381929
0.019150983133763066
0.01661806336828875
0.01436749838731377
0.012378692155158966
0.010631384095355134
0.009105775259585669
0.007782639966274374
0.006643422879970218
0.005670321698776348
0.0048463557914248945
0.004155421276869298
0.0035823331668664027
0.0031128552959392985
0.0027337188441922677
0.0024326303177820696
0.0021982698913101117
0.0020202810378388003
0.0018892523778767378
0.0017966926708291586
0.001734999853297281
0.0016974250002365077
0.001678032049593825
0.0016716540900366672
0.001673846966534498
0.0016808409110190548
0.0016894908560977084
0.0016972260397517536
0.0017019994586320308
0.0017022376774682435
0.0016967914525198857
0.0016848875782828898
0.0016660823187605311
0.0016402167379014898
0.001607374198256628
0.0015678402526880797
0.0015220651111554906
0.0014706288234290765
0.0014142092790739857
0.0013535530884659641
0.0012894493730862822
0.0012227064599849014
0.00115413144448695
0.0010845125567972014
0.0010146042425676072
0.0009451148446274482
0.0008766967532031211
0.0008099388749186476
0.000745361256941357
0.0006834116915834798
0.000624464118572754
0.000568818636909163
0.0005167029356912822
0.0004682749532370911
0.0004236265762657121
0.00038278819543036136
0.0003457339401116144
0.00031238742367201144
0.000282627840215377
0.00025629626504652947
0.00023320202320575856
0.00021312900340486607
0.00019584180829479436
0.00018109164586255222
0.0001686218808322204
0.00015817317891297922
0.0001494881904408052
0.0001423157333225733
0.00013641444783418777
0.00013155590789504235
0.00012752718456987555
0.0001241328677713538
0.00012119656136544421
0.00011856187498138215
0.00011609294282877158
0.00011367450567256743
0.00011121159681548587
0.0001086288764765575
0.00010586966141368226
0.00010289469800850437
9.968072740862421e-05
9.621889079891588e-05
9.251302143586937e-05
8.857786796279132e-05
8.44372907509161e-05
8.012246958344349e-05
7.567015733422888e-05
7.11210100640125e-05
6.651801968848847e-05
6.190507084846697e-05
5.732563915294975e-05
5.282164347641949e-05
4.843246071295493e-05
4.419410729861184e-05
4.013858796503289e-05
3.629340874589104e-05
3.268124808375461e-05
2.9319777209990683e-05
2.6221618646182776e-05
2.3394429817358287e-05
2.0841097341572912e-05
1.8560026563196885e-05
1.6545510290733034e-05
1.4788160515588622e-05
1.3275387038991227e-05
1.1991907437280958e-05
1.0920273555647952e-05
1.004140075988591e-05
9.335087421846744e-06
8.78051347663611e-06
8.356708462220475e-06
8.042980976341596e-06
7.819303200817806e-06
7.66664568008224e-06
7.567259209806387e-06
7.504902164945371e-06
7.465013014851252e-06
7.434829126462539e-06
7.40345404237619e-06
7.361876482314678e-06
7.3029451361783515e-06
7.221303989335404e-06
7.113293418625766e-06
