1.1319323183089807
1.127723406060128
1.1229953436304436
1.1176163307366727
1.111650617321822
1.1051542139565838
1.0980729624363597
1.090460052607782
1.082381831987749
1.0738634538869696
1.064932362098959
1.055605421897298
1.0458720181839412
1.0357559309729987
1.0252069384880338
1.0143144630243006
1.0030996334347089
0.9916309123515666
0.9799079320899808
0.967947333042142
0.9558119675583955
0.9435154460962694
0.931094195171044
0.9185402856584733
0.9059006186636244
0.8931854887673939
0.880519704152356
0.8676110438330693
0.8547283320873554
0.8418755390996365
0.8290502060114239
0.8162396589275747
0.8035133929006206
0.7908432067642912
0.7783094882093503
0.7659343579916406
0.7537403835895262
0.7415094288680565
0.7295248677433486
0.7178484948587911
0.7064328508404072
0.695433271855464
0.6846626137700365
0.6742144620942085
0.6642302688106768
0.6542822190393504
0.6446373292193557
0.6354150947305948
0.6266651341684705
0.6183785626301973
0.6104894754784178
0.603032553468456
0.5950601272724232
0.5875447494140447
0.5799241722464503
0.5727672692549395
0.5658448428616931
0.559039491526471
0.5525386308186742
0.546455651421195
0.5404869189474955
0.5346830309398524
0.5292712408960557
0.5229982160565886
0.5170494673885819
0.5107975440529171
0.5048940594240034
0.49938533215592307
0.49398298602952634
0.48828908393008946
0.4829739161730774
0.47814418830388944
0.47366693927928627
0.4693547645867747
0.465021840187068
0.4609088343354762
0.4571367705332351
0.45411125696232535
0.4510681446175213
0.4481931503709381
0.4457790400689943
0.4438414365288259
0.4420728320187872
0.4402583156362008
0.43848648005503216
0.43706630339685365
0.4356745133682134
0.43453918500142796
0.433689070450379
0.4332153339150457
0.4322526164109175
0.4308368084694248
0.4302641372841813
0.4301919632108093
0.4298571689462678
0.42948059086898743
0.4289261314948576
0.42828154760019227
0.4279171049667647
0.427740848848092
0.42738399862181803
0.4274700222149205
0.42742143370534147
0.4272249979224269
0.42673448490276256
0.4267611471471632
0.42690794030560153
0.42609304753745586
0.42569729076339674
0.42576417933047406
0.4262814194028333
0.4270789984862426
0.4275230406232193
0.42804217533916866
0.4278587922363302
0.42730575392404985
0.4271967080855704
0.42750767514976634
0.42810714726381716
0.42809237649183074
0.4284636862822118
0.4286755280508745
0.4290171845431838
0.42864005074410355
0.4286850240524127
0.42895408256853407
0.42932471571757574
0.4296993189577257
0.42980847306010206
0.42976481941910616
0.43038317629807016
0.42882750443479184
0.4286892103918557
0.4288320303739023
0.42946223131198386
0.4301937105356287
0.4309829987995837
0.4315666853933397
0.43139870295656957
0.4314531909771739
0.43124184847102043
0.4315973134064059
0.43170196206072686
0.4316893801660231
0.4319759741774824
0.43168951934483774
0.4314461418141939
0.43148359012388354
0.4317869758724926
0.43168248905051015
0.43199391720810176
0.4323731583292379
0.4332038714729785
0.4343026078935022
0.4354312619296211
0.4363522016422453
0.43453022167690936
0.43297513589193876
0.43220238059919996
0.4319708561681283
0.432433688108303
0.4332943533938886
0.4340590254176724
0.43494678881659204
0.43545273334366774
0.4350676963022385
0.43477064546467575
0.43478354129564745
0.4350747161139038
0.43568265513496746
0.4362685257777714
0.4366180515817026
0.4355347082326272
0.4353126223359833
0.435415443337097
0.4356788525839308
0.4359513228370964
0.4363726569219019
0.43642463839686213
0.43673458429129575
0.4369827063158913
0.43735770329311857
0.4380593049619623
0.43844888322536424
0.43873985272627464
0.4388778046472321
0.438987969850053
0.4392651085498161
0.4392480671080655
0.43970608018931145
0.4397899091508706
0.4395707514199716
0.43932645537306186
0.43897895245557345
0.4390337011586712
0.43927744396822704
0.4395014176814906
0.4399950039345469
0.4402606923254535
0.44097448330917255
