0.7724356262811937
0.7630149245543448
0.750337956263453
0.7371911955192335
0.7235989761311308
0.7095843769564368
0.6951655926872637
0.6803587266989515
0.66517952887163
0.6496443713266018
0.6337708191560956
0.6175779803858752
0.601086725238724
0.5843198195604256
0.5673019953594891
0.5500599704833322
0.5326224238965149
0.5150199302266827
0.4972848559320584
0.4794512189747323
0.46155451390949054
0.4436315046196525
0.4257199874260561
0.40785852787928
0.39008617515611577
0.3724421585694192
0.35496557122389816
0.3376950462738382
0.3206684315331182
0.3039224683304189
0.2874924804784711
0.2714120790283129
0.2557128881097587
0.24042429662806197
0.2255732399129705
0.21118401462638114
0.1972781293609499
0.1838741924406171
0.17098783750347446
0.15863168654531934
0.14681534926362472
0.135545456796474
0.12482572732253605
0.11465706049227542
0.1050376573044619
0.09596316182542519
0.0874268210631407
0.07941965934049922
0.07193066364338307
0.06494697662836824
0.05845409424007786
0.05243606518773669
0.04687568984536883
0.0417547164537021
0.037054032801603576
0.03275385184206492
0.028833889946971003
0.025273536724620294
0.02205201551482905
0.01914853384169246
0.016542423247413285
0.01421326805733203
0.012141022740575824
0.01030611763720135
0.008689552924437849
0.0072729807941595
0.006038775912191596
0.004970094327737207
0.004050921097779825
0.0032661069849847513
0.002601394677303137
0.0020434350608388163
0.0015797941527043724
0.0011989513661195828
0.0008902898340167331
0.0006440795591308168
0.00045145418736591836
0.00030438221671857946
0.00019563345684547873
0.00011874154473667797
6.796330120895089e-05
3.8235681986020786e-05
2.5131037607262208e-05
2.4811349662257065e-05
3.398205836813162e-05
4.984603998792192e-05
7.005823330086258e-05
9.268135362716645e-05
0.00011614307217200359
0.00013919497850245488
0.00016087358597982604
0.00018046358452883382
0.0001974634928595398
0.00021155381392123918
0.00022256775276841
0.00023046451602937168
0.0002353051763338554
0.0002372310538453215
0.0002364445401016324
0.00023319226674389792
0.0002277505032163285
0.00022041265286432132
0.0002114787058123957
0.0002012464994164409
0.00019000463244533972
0.00017802687729473465
0.00016556793520061674
0.00015286038208417452
0.00014011265731994627
0.00012750795373606127
0.0001152038746115025
0.00010333273172957735
9.200236764739245e-05
8.129739499895816e-05
7.128075547147006e-05
6.199551114394186e-05
5.346679087214756e-05
4.570382405277851e-05
3.870200363198517e-05
3.244492912279906e-05
2.6906388934211378e-05
2.2052249154191905e-05
1.78422232121056e-05
1.4231503453587813e-05
1.1172241561663299e-05
8.614869988599061e-06
6.509261177511938e-06
4.805725186685095e-06
3.4558496748715584e-06
2.4131888700651416e-06
1.633810263079738e-06
1.0767094121844067e-06
7.041043952327186e-07
4.816221581549485e-07
3.783894455544612e-07
3.6704095751627364e-07
4.236572767046809e-07
5.276445452784273e-07
6.615673336929362e-07
8.109453411009326e-07
9.64023687433091e-07
1.1115256182137045e-06
1.2463954773833663e-06
1.3635387458021953e-06
1.459565059591661e-06
1.5325390162468366e-06
1.5817427696518394e-06
1.6074535104104726e-06
1.6107381274332866e-06
1.5932666191931233e-06
1.5571452025575638e-06
1.5047694614800378e-06
1.4386974100943917e-06
1.3615419574009024e-06
1.2758818653813009e-06
1.1841900805498184e-06
1.088778107560806e-06
9.917549421700755e-07
8.949989895867816e-07
8.001414008029784e-07
7.085592089728365e-07
6.213767190788033e-07
5.394736611874507e-07
4.6349871729578496e-07
3.938871234732133e-07
3.308811841185033e-07
2.7455264095532783e-07
2.248260150272685e-07
1.815021097861802e-07
1.4428103056740582e-07
1.1278420741778206e-07
8.657497840847128e-08
6.517745321232837e-08
4.809341203060313e-08
3.48171527164709e-08
2.484819061621124e-08
1.77018605329593e-08
1.2917864111727795e-08
1.0066876554581938e-08
8.755347002953329e-09
8.628669445620574e-09
9.372898457371548e-09
1.071518551665207e-08
1.2423149065021732e-08
1.4303354611833186e-08
1.619908429617567e-08
1.7987573208699814e-08
1.9576865128989596e-08
2.0902423791824276e-08
2.192364101372135e-08
2.2620333717249252e-08
2.2989319004018682e-08
2.304116197837658e-08
2.279712463248984e-08
2.2286385292780153e-08
2.1543541506297004e-08
2.060641168810662e-08
1.9514159732558767e-08
1.8305720828060146e-08
1.701852159197159e-08
1.568748642100104e-08
1.434429597324538e-08
1.3016890565431538e-08
1.1729168747365293e-08
1.050086984033527e-08
9.347612794918803e-09
8.281046959268679e-09
7.309109872899455e-09
6.436354671457423e-09
5.664320568143921e-09
4.991948521215761e-09
4.415991683437426e-09
3.931440062387992e-09
3.5319174251924323e-09
3.2100628821751798e-09
2.9578802740459764e-09
2.7670412627855967e-09
2.6291678834056142e-09
2.5360487043712965e-09
2.4798353370769632e-09
2.4531887632406324e-09
2.4493870265374085e-09
2.4624012828766695e-09
2.4869392101223298e-09
2.5184597740590675e-09
2.5531635694520105e-09
2.5879683951401944e-09
2.620463512847948e-09
2.648856356479712e-09
2.6719065848723744e-09
2.688862466015962e-09
2.6993837165534273e-09
2.7034797733804794e-09
2.701434076435305e-09
2.6937433394991217e-09
2.6810607067773162e-09
2.664138798458282e-09
2.643781193967243e-09
2.6208124559445878e-09
2.596033610302584e-09
2.570205048790797e-09
2.5440182183089632e-09
2.5180884044573304e-09
2.49294362930641e-09
2.46901932232646e-09
2.4466570991421577e-09
2.426109979580815e-09
2.4075461624306627e-09
2.3910587954034668e-09
2.3766705270489297e-09
2.364346940453288e-09
2.3540054350235096e-09
2.345520333513207e-09
2.33874331012629e-09
2.3335026133608494e-09
2.3296125029048653e-09
2.326887238446318e-09
2.325139303316348e-09
2.3241902846748985e-09
2.3238705404438065e-09
2.3240241953104146e-09
2.324514691842694e-09
2.3252210157309605e-09
2.326040360323134e-09
2.3268863502678983e-09
2.327693260362196e-09
2.3284106864807086e-09
2.329000103884482e-09
2.329441528559073e-09
2.329720971694371e-09
2.3298379892011667e-09
2.329797688105373e-09
2.329613835172495e-09
2.3293021955694826e-09
2.328881976154662e-09
2.3283747152547107e-09
2.327801063017887e-09
2.327183890038498e-09
2.326542514197172e-09
2.3258950321292104e-09
2.3252577641130756e-09
2.3246439218027604e-09
2.3240649404954183e-09
2.3235294799306416e-09
2.3230438683796706e-09
2.3226109924223692e-09
2.322232628415577e-09
2.3219088873815963e-09
2.3216378819412853e-09
2.3214180577824095e-09
2.3212433086783335e-09
2.321109526803866e-09
2.3210131594453287e-09
2.320948433442993e-09
2.320908798481014e-09
2.3208909238903175e-09
2.320888925488873e-09
2.3208993615853046e-09
2.3209173471983036e-09
2.320941216993333e-09
2.3209648647437575e-09
2.320990177828719e-09
2.321012715356119e-09
2.3210308119914203e-09
2.3210455779576478e-09
2.321056236098684e-09
2.321061232102295e-09
2.32106056596848e-09
2.3210563471209866e-09
2.321046799202975e-09
2.3210361410619385e-09
2.3210212640734085e-09
2.3210047217503416e-09
2.3209865140927377e-09
2.3209670851898068e-09
2.320948433442993e-09
2.3209288935177597e-09
2.320911018927063e-09
2.320894143537089e-09
2.3208791555262565e-09
2.320864389560029e-09
2.320851399950641e-09
2.3208411858988143e-09
2.320833192293037e-09
2.320825309709562e-09
2.3208190924606242e-09
2.320814984635433e-09
2.320811876010964e-09
2.32080987760952e-09
2.3208081012526804e-09
2.3208072130742607e-09
2.3208074351188657e-09
2.3208081012526804e-09
2.3208093224980075e-09
2.3208081012526804e-09
2.3208102106764272e-09
2.3208119870332666e-09
2.3208115429440568e-09
2.3208116539663592e-09
2.320812098055569e-09
2.3208128752116863e-09
2.320812542144779e-09
2.3208128752116863e-09
2.3208132082785937e-09
2.320812542144779e-09
2.3208124311224765e-09
2.3208115429440568e-09
2.320811098854847e-09
2.3208103216987297e-09
2.3208093224980075e-09
2.320808434319588e-09
2.3208074351188657e-09
2.3208074351188657e-09
2.320806768985051e-09
2.320806102851236e-09
2.320805325695119e-09
2.3208047705836066e-09
2.3208052146728164e-09
2.3208052146728164e-09
2.3208047705836066e-09
2.320804881605909e-09
2.3208043264943967e-09
2.3208043264943967e-09
2.3208043264943967e-09
2.320804881605909e-09
2.3208045485390016e-09
2.3208045485390016e-09
2.3208045485390016e-09
2.320804881605909e-09
2.320804881605909e-09
2.3208049926282115e-09
2.3208049926282115e-09
2.320804881605909e-09
2.320804881605909e-09
2.320804104449792e-09
2.320804437516699e-09
2.3208045485390016e-09
2.3208049926282115e-09
2.3208054367174213e-09
2.3208056587620263e-09
2.3208049926282115e-09
2.3208049926282115e-09
2.320803882405187e-09
2.3208047705836066e-09
2.3208045485390016e-09
2.320804881605909e-09
2.320803882405187e-09
2.320804881605909e-09
2.3208047705836066e-09
2.3208045485390016e-09
2.3208043264943967e-09
2.320804104449792e-09
2.3208035493382795e-09
2.320804881605909e-09
2.320804437516699e-09
2.3208045485390016e-09
2.320803882405187e-09
2.3208045485390016e-09
2.320803660360582e-09
2.3208049926282115e-09
2.3208043264943967e-09
2.3208045485390016e-09
2.3208045485390016e-09
2.3208045485390016e-09
2.3208052146728164e-09
2.3208045485390016e-09
2.3208045485390016e-09
2.320804881605909e-09
2.3208047705836066e-09
2.3208045485390016e-09
2.320804881605909e-09
2.3208045485390016e-09
2.3208043264943967e-09
2.3208043264943967e-09
2.3208045485390016e-09
2.320804881605909e-09
2.3208043264943967e-09
2.3208043264943967e-09
2.3208045485390016e-09
2.3208043264943967e-09
2.3208045485390016e-09
2.320804881605909e-09
2.3208047705836066e-09
2.320804437516699e-09
2.3208045485390016e-09
2.3208045485390016e-09
2.320804437516699e-09
2.320804437516699e-09
2.3208045485390016e-09
2.3208045485390016e-09
2.3208045485390016e-09
2.3208052146728164e-09
2.3208049926282115e-09
2.3208049926282115e-09
2.320804881605909e-09
2.3208045485390016e-09
2.3208049926282115e-09
2.3208047705836066e-09
2.320804104449792e-09
2.3208043264943967e-09
2.3208045485390016e-09
2.320804104449792e-09
2.3208043264943967e-09
2.3208045485390016e-09
2.3208045485390016e-09
2.3208045485390016e-09
2.3208039934274893e-09
2.3208043264943967e-09
2.3208047705836066e-09
2.3208052146728164e-09
2.3208043264943967e-09
2.3208043264943967e-09
2.3208043264943967e-09
2.3208045485390016e-09
2.320804104449792e-09
2.320804104449792e-09
2.3208043264943967e-09
2.320804881605909e-09
2.3208045485390016e-09
2.3208043264943967e-09
2.3208045485390016e-09
2.3208047705836066e-09
2.3208047705836066e-09
2.3208043264943967e-09
2.3208043264943967e-09
2.3208045485390016e-09
2.320804881605909e-09
2.3208047705836066e-09
2.3208045485390016e-09
2.3208045485390016e-09
2.3208045485390016e-09
2.3208045485390016e-09
2.3208045485390016e-09
2.3208045485390016e-09
2.320804437516699e-09
2.320804881605909e-09
2.3208045485390016e-09
2.3208045485390016e-09
2.3208045485390016e-09
2.3208045485390016e-09
2.3208045485390016e-09
2.3208045485390016e-09
2.3208045485390016e-09
2.3208045485390016e-09
2.3208045485390016e-09
2.3208045485390016e-09
2.3208045485390016e-09
2.320804437516699e-09
2.3208045485390016e-09
2.320804437516699e-09
2.3208047705836066e-09
2.3208047705836066e-09
2.3208043264943967e-09
2.3208045485390016e-09
2.3208045485390016e-09
2.3208045485390016e-09
2.3208045485390016e-09
2.3208039934274893e-09
2.3208047705836066e-09
2.320804104449792e-09
