0.9893903383507391
0.9895360905277206
0.9888713186405426
0.9881261250344958
0.9873190389211944
0.9864474312531123
0.9855244390930289
0.9845436464586254
0.9835002875651259
0.9823602373168985
0.9811525609972463
0.9798652423327348
0.9785211812758757
0.9771053021099283
0.9756021994061853
0.973976832568372
0.9722641368721784
0.970466730015798
0.968587698685554
0.9666302218354529
0.9645567726778361
0.9624626713812603
0.9602988330379301
0.958080940591943
0.9557909275780853
0.9534433234407081
0.9509521460454075
0.9482885303395272
0.9455403177734977
0.9427290851816245
0.9398227784086103
0.9368019037572286
0.9336613096761359
0.9303185683219708
0.9268040344202421
0.9231285302959196
0.9193593784862412
0.91545681867484
0.9113696123039654
0.9072073998236208
0.9029280048565421
0.898578830525758
0.8941021086103064
0.8895787013615721
0.8845411970804462
0.8793525998150147
0.8739868550134539
0.8685894101012788
0.8627168844794977
0.8567880238803496
0.8508467299448021
0.8446315315466327
0.8383232826378233
0.8319873915070372
0.8256259047971946
0.8191276983266301
0.8125638918890904
0.8059660506504569
0.7994875893218647
0.7930698502654405
0.786593755684897
0.7802069667282182
0.7739312162588319
0.7677406832984621
0.7615593199540776
0.7551369369460936
0.7484064155572843
0.7414468582745566
0.7344667060329002
0.7276331690719499
0.7206308939115045
0.7137938778561674
0.7068267021153294
0.6997186415811487
0.6927508968650966
0.6860812449969883
0.6796807784276776
0.6730003517610199
0.6664545887296243
0.6598692623676987
0.6535823790305524
0.6471384819879802
0.6407636834171984
0.6346133965438125
0.6289882866769995
0.6236850944102434
0.6187442915807952
0.6137456416536524
0.6085517906313251
0.603424126796041
0.5986526703135807
0.5944379302000552
0.5899564087165929
0.5856421036393477
0.5817825977590052
0.5782491272536702
0.5752222706623872
0.5725375030113102
0.5700500831309514
0.567546753635332
0.5651422496185134
0.5627632119589288
0.5607305447169193
0.5587476969175307
0.5566151393401972
0.5543411937541174
0.5525756664363505
0.5510869984260984
0.5500064788348737
0.5490397364477348
0.5480166410534462
0.5471945265309035
0.5460414474947093
0.5444640612232345
0.5434851921249517
0.5428599487513028
0.5420298732863639
0.5418092684894005
0.5419002601072862
0.5415499896403689
0.5413337277498551
0.5407829964439397
0.5402971124234217
0.5395276699360396
0.5392815998954439
0.5393084105050989
0.5393771012401362
0.5398425680941858
0.5397054356794263
0.5399647950006954
0.5396177436051848
0.5384314159969823
0.5380921005291526
0.5378889165020625
0.5378609164651862
0.5383809657271607
0.5392073769469505
0.5393373213815538
0.5396334429762166
0.539962307605852
0.5403530620754483
0.540227629156983
0.5402073242912951
0.5398830749970421
0.539763935240396
0.5399497509127429
0.5399694961198869
0.540450679521064
0.5414585592438754
0.5425676362553808
0.543521251713206
0.5430168209593849
0.5425961867294985
0.5425598154198668
0.5426912577534638
0.5427172252948269
0.5432443628038026
0.5439598706731701
0.5446637498306912
0.5444804278218627
0.5449725655319129
0.5449843400977057
0.5447865951784783
0.5450459885398712
0.5455329892263427
0.5459077068471974
0.5459927975179744
0.5456588713727647
0.5456656536134371
0.545877213160773
0.5461910912219837
0.5468036635293398
0.5473254581843929
0.547576500431213
0.5470458725812297
0.5467226018387459
0.546439764180258
0.546298482087644
0.5459937609275314
0.5459821339678611
0.5463706597590171
0.5469397665327635
0.5470370538947416
0.5471778411427893
0.5473349669953933
0.5474496429315467
0.5479044297358682
0.5476316738698972
0.5472529152850998
0.546665337118909
0.5463250389118868
0.5461038344862739
0.5458522963582757
0.5458807193726184
0.5461701611979142
0.5460886057569845
0.5458248524281017
0.5452568378494859
0.5450262262684857
0.5449673354445357
