0.7743005122953918
0.7631717043456488
0.7512906920179738
0.738991988827506
0.7262977436894559
0.7132283902899544
0.6997995586056103
0.6860246831879331
0.6719166105435053
0.6574884984414284
0.6427543419325974
0.6277292981921447
0.6124298944819564
0.5968741614366091
0.5810817134369521
0.5650737875771881
0.5488732474377185
0.5325045551202587
0.5159937136082704
0.4993681808890488
0.48265675709731537
0.4658894460361769
0.4490972926935445
0.43231219873183024
0.41556671833756276
0.39889383723846195
0.38232673809837336
0.36589855585972175
0.34964212689713825
0.33358973605650644
0.3177728657669249
0.30222195141900754
0.2869661470967264
0.27203310553162685
0.2574487758228424
0.24323722204423648
0.22942046535574345
0.21601835166823846
0.2030484463012745
0.190525956443922
0.17846368160398896
0.1668719916327307
0.15575883136104574
0.1451297503961949
0.13498795621852988
0.1253343883939828
0.11616781148421795
0.10748492409146593
0.09928048141455692
0.09154742870803423
0.08427704311681727
0.07745908149205383
0.07108193196644252
0.06513276726638495
0.0595976979518521
0.054461923992123906
0.049709883298261204
0.04532539603434527
0.04129180371526975
0.03759210226624088
0.03420906836785986
0.03112537854107933
0.028323720540217145
0.025786896721911146
0.023497919145940127
0.021440096242729578
0.01959711095467631
0.017953090325743326
0.01649266657798265
0.015201029775154473
0.014063972233316124
0.013067924895755811
0.012199985944729819
0.011447941974434106
0.010800282097658154
0.010246205401853725
0.009775622207988
0.009379149616917437
0.009048101852564883
0.008774475928406744
0.008550933173848474
0.008370777159643183
0.008227928557294484
0.008116897456384442
0.008032753646937674
0.007971095351657631
0.007928016866175391
0.007900075534855056
0.007884258456368975
0.007877949277615648
0.00787889539771347
0.007885175866260585
0.007895170222541492
0.007907528485498916
0.007921142468476972
0.00793511855853024
0.007948752067707843
0.00796150323354683
0.007972974918115994
0.007982892029634647
0.00799108266789983
0.007997460974524362
0.008002011651455754
0.008004776096080413
0.00800584008865457
0.008005322957383876
0.008003368138465361
0.008000135042162348
0.007995792131905044
0.007990511120776866
0.007984462188861396
0.00797781012526333
0.007970711300199329
0.007963311375170812
0.00795574366267271
0.007948128051100789
0.00794057041520635
0.007933162437657959
0.007925981772710533
0.007919092488679613
0.007912545731596832
0.007906380558281079
0.00790062489260901
0.007895296564358834
0.007890404395287098
0.007885949302147921
0.00788192539109156
0.007878321022369073
0.00787511982830702
0.007872301671257964
0.007869843531610243
0.007867720318960658
0.007865905602125634
0.007864372256101482
0.00786309302589594
0.007862041008940834
0.007861190059060497
0.00786051511610697
0.0078599924661934
0.00785959993802654
0.007859317041309488
0.007859125053351623
0.007859007060115886
0.007858947957878115
0.007858934421468233
0.007858954844842447
0.007858999259349075
0.007859059234702648
0.007859127767237961
0.007859199159542474
0.007859268895135774
0.007859333511381572
0.0078593904733536
0.007859438050951684
0.007859475201142163
0.007859501456790596
0.00785951682322239
0.007859521683282522
0.007859516711409165
0.00785950279695713
0.007859480976775912
0.007859452376886567
0.007859418162925125
0.007859379498892483
0.007859337513664966
0.007859293274650181
0.007859247767904587
0.007859201884045208
0.007859156409226298
0.007859112020517145
0.007859069284971376
0.007859028661806433
0.007858990507025987
0.007858955079993568
0.007858922551409964
0.007858893012272161
0.007858866483418603
0.007858842925305254
0.007858822247730601
0.007858804319290424
0.00785878897633907
0.00785877603134677
0.007858765280516433
0.00785875651060819
0.007858749504930596
0.007858744048473976
0.00785873993221331
0.007858736956600665
0.007858734934289235
0.007858733692159281
0.007858733072686808
0.00785873293475492
0.007858733153947473
0.007858733622423952
0.007858734248435084
0.007858734955547786
0.00785873568164741
0.007858736377776676
0.00785873700686357
0.007858737542390859
0.007858737967037954
0.007858738271342092
0.007858738452407255
0.00785873851268215
0.007858738458812908
0.007858738300612678
0.00785873805012871
0.007858737720817355
0.007858737326851384
0.007858736882515593
0.007858736401731736
0.007858735897665725
0.007858735382436755
0.007858734866918127
0.007858734360592923
0.007858733871498269
0.007858733406202578
0.00785873296984807
0.007858732566218496
0.007858732197836393
0.007858731866081214
0.00785873157132988
0.00785873131308712
0.00785873109013302
0.007858730900664024
0.00785873074241994
0.007858730612819276
0.00785873050906416
0.007858730428245586
0.007858730367434674
0.007858730323754615
0.007858730294444172
0.007858730276905312
0.007858730268742953
0.007858730267786718
0.007858730272109926
0.00785873028003381
0.007858730290126736
0.007858730301201322
0.007858730312294004
0.007858730322656826
0.007858730331733788
0.007858730339136977
0.007858730344633025
0.007858730348115794
0.007858730349579623
0.007858730349108889
0.007858730346852028
0.007858730343001441
0.0078587303377885
0.007858730331453234
0.007858730324247776
0.00785873031641715
0.007858730308195061
0.007858730299797778
0.007858730291416705
0.007858730283220372
0.007858730275350001
0.007858730267918168
0.007858730261011915
0.007858730254694524
0.007858730249001855
0.00785873024395356
0.007858730239546419
0.007858730235763889
0.007858730232578659
0.007858730229952204
0.007858730227834898
0.007858730226176558
0.007858730224925226
0.007858730224022281
0.007858730223414878
0.007858730223051835
0.00785873022288397
0.007858730222865429
0.00785873022295791
0.00785873022312511
0.007858730223336052
0.007858730223566757
0.007858730223797017
0.00785873022400907
0.007858730224191923
0.007858730224338917
0.007858730224443833
0.007858730224505117
0.007858730224523325
0.007858730224501453
0.007858730224441057
0.00785873022434902
0.007858730224227894
0.00785873022408523
0.007858730223926358
0.007858730223757271
0.007858730223580968
0.007858730223404664
0.007858730223230914
0.007858730223062937
0.007858730222904509
0.007858730222757182
0.007858730222623067
0.00785873022250172
0.00785873022239647
0.0078587302223041
0.00785873022222583
0.00785873022216077
0.007858730222108257
0.0078587302220674
0.007858730222035093
0.00785873022201311
0.00785873022199779
0.007858730221988353
0.007858730221984245
0.0078587302219838
0.00785873022198691
0.007858730221991017
0.007858730221996235
0.00785873022200112
0.00785873022200756
0.007858730222012889
0.007858730222017773
0.007858730222020882
0.007858730222024324
0.007858730222025101
0.007858730222025323
0.007858730222024435
0.007858730222022436
0.007858730222019994
0.007858730222016663
0.007858730222013333
0.007858730222008337
0.007858730222004007
0.007858730221999788
0.007858730221995791
0.00785873022199235
0.00785873022198691
0.007858730221983135
0.00785873022197947
0.007858730221976473
0.007858730221973365
0.00785873022197181
0.007858730221969257
0.007858730221968036
0.007858730221966703
0.007858730221966148
0.007858730221964705
0.007858730221963595
0.007858730221963928
0.007858730221964372
0.007858730221963484
0.007858730221963817
0.007858730221963373
0.007858730221963928
0.007858730221964483
0.007858730221963484
0.007858730221964927
0.007858730221964927
0.007858730221964372
0.007858730221964816
0.007858730221964483
0.007858730221964816
0.007858730221964816
0.007858730221964372
0.007858730221964483
0.007858730221964039
0.007858730221963817
0.007858730221964372
0.007858730221964039
0.007858730221964039
0.007858730221963373
0.007858730221962928
0.007858730221963484
0.007858730221963484
0.007858730221962928
0.007858730221962706
0.00785873022196304
0.007858730221963484
0.00785873022196315
0.007858730221962928
0.00785873022196315
0.007858730221962151
0.007858730221962595
0.007858730221963484
0.007858730221962928
0.007858730221962928
0.007858730221962928
0.007858730221962595
0.007858730221962595
0.007858730221963373
0.00785873022196315
0.007858730221963484
0.007858730221962928
0.007858730221963373
0.007858730221963484
0.007858730221963595
0.007858730221963373
0.00785873022196315
0.007858730221962928
0.007858730221963484
0.007858730221963484
0.007858730221963484
0.007858730221963484
0.007858730221963484
0.007858730221962262
0.00785873022196315
0.007858730221962928
0.007858730221963484
0.007858730221963373
0.00785873022196304
0.007858730221962706
0.007858730221962706
0.007858730221963595
0.007858730221963373
0.007858730221962706
0.00785873022196304
0.007858730221962928
0.007858730221962928
0.00785873022196304
0.007858730221962262
0.00785873022196315
0.007858730221962928
0.007858730221962928
0.007858730221962928
0.00785873022196304
0.00785873022196204
0.007858730221962151
0.007858730221963373
0.007858730221962262
0.007858730221962151
0.00785873022196315
0.007858730221962151
0.00785873022196304
0.007858730221962928
0.007858730221962595
0.007858730221962151
0.007858730221962262
0.007858730221962595
0.00785873022196304
0.007858730221962484
0.007858730221962706
0.007858730221962595
0.00785873022196304
0.007858730221962928
0.007858730221962595
0.00785873022196304
0.007858730221962706
0.007858730221962262
0.007858730221963373
0.007858730221963373
0.007858730221962706
0.00785873022196315
0.00785873022196315
0.007858730221962484
0.007858730221962928
0.007858730221962151
0.007858730221962928
0.007858730221962595
0.007858730221962706
0.00785873022196304
0.007858730221962928
0.007858730221963484
0.007858730221963484
0.007858730221962484
0.00785873022196304
0.007858730221962706
0.00785873022196304
0.007858730221962706
0.00785873022196304
0.00785873022196304
0.007858730221963595
0.00785873022196315
0.007858730221963373
0.007858730221963373
0.007858730221962928
0.007858730221963373
0.007858730221963373
0.007858730221963373
0.007858730221962928
0.007858730221962595
0.00785873022196304
0.007858730221963817
0.007858730221962706
0.007858730221963484
0.007858730221962928
0.00785873022196304
0.007858730221962928
0.00785873022196315
0.00785873022196304
0.00785873022196315
0.007858730221962928
0.007858730221962928
0.00785873022196315
0.007858730221962706
0.007858730221963373
0.007858730221962595
0.007858730221962928
0.00785873022196315
0.007858730221962262
0.007858730221962928
0.007858730221962706
0.007858730221962262
0.007858730221962484
0.007858730221963373
0.007858730221963373
0.00785873022196315
0.00785873022196204
0.00785873022196315
0.007858730221962928
0.007858730221962151
0.007858730221962928
0.00785873022196204
0.00785873022196315
0.007858730221962928
0.007858730221963484
0.00785873022196315
0.007858730221962928
0.007858730221963373
0.007858730221962595
0.007858730221963373
0.007858730221962484
0.00785873022196304
0.007858730221962706
0.007858730221962706
0.007858730221962928
0.007858730221963484
0.007858730221963373
0.00785873022196304
0.007858730221962928
