0.8064985686771311
0.7261016103638891
0.7251298834482995
0.7241557228837276
0.7231794370558754
0.7222011036949254
0.7212207426993824
0.7202383533318233
0.7192539259614441
0.7182674467206711
0.7172788996638286
0.7162882678916969
0.715295534194073
0.7143006814457762
0.7133036928664213
0.7123045521997025
0.7113032438421478
0.7102997529383127
0.7092940654524799
0.7082861682231021
0.7072760490040018
0.7062636964950382
0.7052491003641286
0.704232251262012
0.7032131408308167
0.7021917617072696
0.701168107521255
0.700142172890307
0.6991139534105673
0.6980834456446712
0.6970506471069842
0.6960155562465768
0.6949781724282884
0.6939384959122086
0.6928965278318735
0.6918522701714486
0.69080572574215
0.6897568981581288
0.688705791812023
0.6876524118503604
0.6865967641489736
0.6855388552885746
0.6844786925306048
0.6834162837934825
0.6823516376293247
0.6812847632012324
0.6802156702611941
0.6791443691286649
0.6780708706698557
0.6769951862777659
0.6759173278529744
0.6748373077852081
0.6737551389356832
0.6726708346202265
0.6715844085931646
0.6704958750319694
0.6694052485226449
0.6683125440458395
0.6672177769636565
0.6661209630071396
0.6650221182644176
0.6639212591694661
0.6628184024914712
0.6617135653247626
0.6606067650792886
0.659498019471602
0.6583873465163361
0.6572747645181349
0.6561602920640157
0.6550439480161407
0.6539257515049632
0.652805721922731
0.6516838789173238
0.6505602423863968
0.6494348324718147
0.6483076695543499
0.647178774248631
0.646048167398316
0.6449158700714841
0.6437819035562127
0.642646289356342
0.6415090491873987
0.6403702049726712
0.6392297788394223
0.6380877931152296
0.6369442703244352
0.6357992331847047
0.6346527046036721
0.633504707675675
0.6323552656785647
0.6312044020705829
0.630052140487295
0.6288985047385869
0.6277435188056975
0.6265872068383014
0.6254295931516245
0.6242707022235872
0.6231105586919832
0.6219491873516694
0.6207866131517839
0.619622861192975
0.61845795672464
0.6172919251421789
0.6161247919842467
0.6149565829300188
0.6137873237964477
0.612617040535528
0.6114457592315561
0.6102735060983844
0.6091003074766743
0.6079261898311397
0.6067511797477845
0.6055753039311302
0.6043985892014392
0.603221062491919
0.6020427508459252
0.6008636814141459
0.5996838814517809
0.598503378315703
0.5973221994616105
0.5961403724411669
0.5949579248991286
0.5937748845704551
0.5925912792774155
0.5914071369266731
0.5902224855063647
0.5890373530831627
0.587851767799328
0.5866657578697483
0.5854793515789707
0.5842925772782119
0.5831054633823718
0.5819180383670208
0.5807303307653939
0.5795423691653585
0.5783541822063827
0.5771657985764969
0.5759772470092341
0.574788556280579
0.5735997552058958
0.5724108726368593
0.571221937458372
0.570032978585479
0.5688440249602813
0.5676551055488368
0.5664662493380648
0.5652774853326414
0.5640888425518968
0.5629003500267071
0.5617120367963899
0.5605239319055908
0.5593360644011767
0.5581484633291269
0.5569611577314291
0.5557741766429705
0.5545875490884358
0.5534013040792101
0.5522154706102813
0.5510300776571497
0.5498451541727434
0.5486607290843368
0.5474768312904805
0.5462934896579308
0.5451107330185956
0.5439285901664834
0.5427470898546649
0.5415662607922416
0.5403861316413254
0.539206731014032
0.5380280874694843
0.5368502295108277
0.5356731855822612
0.5344969840660794
0.5333216532797316
0.5321472214728926
0.5309737168245543
0.5298011674401302
0.5286296013485754
0.527459046499531
0.5262895307604765
0.5251210819139129
0.5239537276545534
0.5227874955865448
0.5216224132207015
0.520458507971763
0.5192958071556788
0.5181343379869043
0.5169741275757316
0.5158152029256333
0.5146575909306386
0.5135013183727279
0.5123464119192553
0.5111928981203964
0.5100408034066193
0.5088901540861872
0.5077409763426834
0.5065932962325648
0.5054471396827422
0.5043025324881951
0.5031595003096045
0.5020180686710232
0.5008782629575723
0.4997401084131705
0.4986036301382878
0.4974688530877346
0.4963358020684845
0.49520450173751895
0.49407497659971245
0.49294725100574766
0.49182134915006037
0.4906972950688193
0.48957511263793985
0.48845482557112585
0.48733645741795406
0.486220031561983
0.48510557121890296
0.48399309943471647
0.48288263908395124
0.4817742128679179
0.4806678433129866
0.47956355276891816
0.47846136340721135
0.4773612972194988
0.476263376015975
0.47516762142385705
0.4740740548858865
0.4729826976588617
0.4718935708122127
0.47080669522660523
0.46972209159258804
0.46863978040927046
0.46755978198304093
0.4664821164263231
0.46540680365636133
0.4643338633940485
0.46326331516279284
0.46219517828741374
0.4611294718930845
0.4600662149042971
0.45900542604387984
0.45794712383204117
0.4568913265854515
0.4558380524163649
0.4547873192317754
0.4537391447326081
0.45269354641294923
0.45165054155930795
0.45061014724992143
0.4495723803540892
0.44853725753154683
0.44750479523187414
0.4464750096939384
0.445447916945373
0.4444235328020957
0.44340187286785315
0.44238295253380777
0.44136678697816045
0.4403533911657954
0.43934277984797687
0.438334967562067
0.4373299686312787
0.4363277971644737
0.43532846705597716
0.43433199198543526
0.4333383854177103
0.43234766060279106
0.4313598305757598
0.4303749081567655
0.4293929059510494
0.42841383634899555
0.4274377115262046
0.4264645434436113
0.42549434384762297
0.4245271242702958
0.42356289602953223
0.4226016702293208
0.42164345775998957
0.4206882692985
0.41973611530877386
0.41878700604202634
0.41784095153715606
0.41689796162113957
0.41595804590946805
0.4150212138066003
0.41408747450645356
0.41315683699290917
0.4122293100403508
0.4113049022142299
0.41038362187164934
0.40946547716197945
0.4085504760274925
0.40763862620402347
0.4067299352216577
0.40582441040543593
0.4049220588760868
0.40402288755078086
0.40312690314390187
0.4022341121678533
0.40134452093386785
0.4004581355528505
0.39957496193624154
0.39869500579689277
0.3978182726499707
0.3969447678138781
0.39607449641118453
0.39520746336959667
0.394343673422921
0.3934831311120658
0.3926258407860507
0.391771806603029
0.3909210325313429
0.3900735223505737
0.3892292796526242
0.3883883078428112
0.38755061014096903
0.3867161895825769
0.3858850490198895
0.38505719112309444
0.38423261838146683
0.38341133310455566
0.38259333742336454
0.3817786332915646
0.3809672224866967
0.3801591066114067
0.37935428709467645
0.37855276519307635
0.3777545419920212
0.37695961840703907
0.37616799518504795
0.3753796729056499
0.3745946519824209
0.37381293266422044
0.3730345150365034
0.3722593990226454
0.37148758438526863
0.3707190707275797
0.36995385749471776
0.36919194397509925
0.3684333293017773
0.36767801245380627
0.3669259922576068
0.366177267388345
0.3654318363713047
0.3646896975832745
0.3639508492539355
0.36321528946725545
0.36248301616287837
0.3617540271375286
0.36102832004641294
0.36030589240462096
0.3595867415885391
0.3588708648372557
0.3581582592539748
0.3574489218074287
0.35674284933329303
0.35604003853560373
0.355340485988173
0.35464418813600795
0.35395114129672367
0.3532613416619679
0.35257478529883546
0.35189146815128436
0.35121138604155255
0.3505345346715778
0.3498609096244061
0.3491905063656088
0.34852332024469257
0.3478593464965084
0.34719858024266115
0.3465410164929136
0.3458866501465879
0.3452354759939694
0.3445874887176994
0.3439426828941722
0.3433010529949223
0.3426625933880182
0.34202729833943823
0.3413951620144554
0.34076617847901003
0.3401403417010822
0.3395176455520591
0.33889808380809816
0.3382816501514784
0.3376683381719624
0.33705814136813705
0.336451053148758
0.3358470668340884
0.33524617565722514
0.33464837276543014
0.33405365122144703
0.3334620040048175
0.332873424013184
0.33228790406359876
0.3317054368938138
0.33112601516357054
0.33054963145588523
0.32997627827831966
0.32940594806425416
0.32883863317414663
0.3282743258967903
0.327713018450558
0.32715470298464655
0.32659937158030716
0.3260470162520712
0.32549762894897194
0.32495120155575075
0.3244077258940635
0.32386719372367667
0.3233295967436498
0.3227949265935225
0.32226317485448297
0.3217343330505268
0.32120839264962464
0.32068534506485635
0.32016518165556185
0.31964789372846425
0.31913347253879687
0.3186219092914174
0.3181131951419136
0.31760732119770063
0.3171042785191114
0.31660405812047665
0.3161066509711973
0.31561204799680664
0.31512024008002903
0.3146312180618235
0.31414497274242204
0.3136614948823585
0.3131807752034894
0.31270280439000686
0.3122275730894367
0.3117550719136376
0.3112852914397859
0.31081822221134736
0.31035385473905297
0.309892179501849
0.3094331869478527
0.3089768674952942
0.30852321153344275
0.3080722094235392
0.3076238514997036
0.30717812806984635
0.3067350294165586
0.3062945457980093
0.3058566674488207
0.30542138458093715
0.3049886873844895
0.3045585660286493
0.3041310106624716
0.30370601141573494
0.3032835583997606
0.30286364170823876
0.30244625141803416
0.302031377589992
0.3016190102697234
0.30120913948839556
0.3008017552635055
0.300396847599646
0.2999944064892649
0.29959442191341434
0.2991968838424951
0.2988017822369855
0.2984091070481685
0.2980188482188497
0.2976309956840618
0.297245539371767
0.29686246920354853
0.29648177509529205
0.2961034469578637
0.2957274746977733
0.2953538482178404
0.29498255741783586
0.2946135921951325
0.2942469424453372
0.29388259806291617
0.293520548941819
0.29316078497608367
0.2928032960604465
0.2924480720909365
0.29209510296545815
0.2917443785843782
0.2913958888510976
0.291049623672614
0.2907055729600835
0.2903637266293658
0.2900240746015751
0.28968660680360603
0.2893513131686708
0.2890181836368152
0.2886872081554346
0.2883583766797796
0.2880316791734573
0.28770710560891855
0.28738464596795377
0.2870642902421605
0.28674602843342323
0.28642985055437276
0.2861157466288494
0.2858037066923479
0.28549372079246915
0.2851857789893538
0.2848798713561118
0.2845759879792551
0.28427411895910815
0.28397425441022195
0.28367638446178356
0.2833804992580099
0.2830865889585442
0.2827946437388431
0.2825046537905517
0.28221660932188897
0.28193050055800295
0.28164631774134474
0.28136405113202023
0.28108369100813657
0.2808052276661558
0.28052865142122796
0.2802539526075244
0.2799811215785676
0.27971014870755206
0.2794410243876623
0.27917373903237996
0.2789082830757933
0.27864464697289426
0.27838282119987356
0.27812279625441383
0.2778645626559668
0.2776081109460383
0.27735343168845894
0.2771005154696503
0.2768493528988968
0.27659993460859233
0.2763522512545046
0.27610629351601845
0.27586205209637793
0.2756195177229309
0.2753786811473562
0.27513953314590245
0.27490206451960286
0.27466626609450095
0.2744321287218656
0.2741996432784024
0.27396880066645746
0.2737395918142256
0.2735120076759431
0.27328603923208084
0.2730616774895368
0.27283891348182066
0.27261773826923463
0.2723981429390464
0.27218011860566704
0.27196365641081666
0.2717487475236916
0.27153538314112124
0.27132355448772694
0.2711132528160757
0.27090446940682744
0.2706971955688836
0.2704914226395224
0.27028714198454384
0.2700843449983993
0.26988302310432377
0.2696831677544629
0.2694847704299962
0.2692878226412573
0.2690923159278511
0.2688982418587651
0.26870559203248157
0.2685143580770829
0.2683245316503543
0.26813610443988667
0.2679490681631691
0.2677634145676864
0.2675791354310063
0.26739622256087114
0.26721466779527736
0.2670344630025623
0.26685560008147746
0.26667807096126805
0.26650186760174155
0.2663269819933417
0.2661534061572143
0.26598113214527075
0.2658101520402467
0.2656404579557653
0.26547204203639385
0.26530489645768907
0.2651390134262589
0.26497438517980354
0.2648110039871595
0.2646488621483526
0.2644879519946265
0.2643282658884897
0.26416979622374415
0.2640125354255277
0.26385647595033557
0.26370161028605776
0.2635479309519958
0.263395430498897
0.2632441015089696
0.26309393659590574
0.26294492840489647
0.26279706961264937
0.26265035292740124
0.262504771088929
0.26236031686856054
0.26221698306917707
0.26207476252522655
0.2619336481027178
0.2617936326992275
0.2616547092438998
0.26151687069743856
0.2613801100521096
0.26124442033173045
0.26110979459166195
0.26097622591880054
0.2608437074315674
0.2607122322798904
0.26058179364519474
0.26045238474038257
0.2603239988098167
0.260196629129299
0.2600702690060511
0.2599449117786866
0.2598205508171928
0.25969717952290017
0.2595747913284546
0.25945337969778903
0.2593329381260929
0.25921346013978086
0.259094939296456
0.25897736918487857
0.2588607434249278
0.2587450556675637
0.2586302995947869
0.2585164689196021
0.2584035573859734
0.25829155876878185
0.25818046687378127
0.2580702755375507
0.2579609786274534
0.257852570041583
0.2577450437087164
0.25763839358826546
0.2575326136702224
0.25742769797510856
0.25732364055392287
0.25722043548808393
0.25711807688937516
0.25701655889988884
0.2569158756919677
0.25681602146814775
0.256716990461093
0.2566187769335436
0.25652137517824336
0.2564247795178858
0.25632898430504525
0.25623398392211705
0.25613977278124445
0.25604634532426074
0.2559536960226154
0.2558618193773111
0.25577070991882833
0.2556803622070639
0.2555907708312537
0.25550193040990277
0.2554138355907153
0.2553264810505217
0.2552398614951987
0.25515397165960596
0.25506880630750095
0.2549843602314681
0.2549006282528419
0.2548176052216268
0.2547352860164246
0.254653665544351
0.25457273874095765
0.2544925005701555
0.2544129460241291
0.25433407012326315
0.2542558679160486
0.2541783344790166
0.2541014649166423
0.25402525436126666
0.2539496979730145
0.2538747909397082
0.25380052847678136
0.2537269058271968
0.25365391826135664
0.253581561077023
0.25350982959921986
0.2534387191801569
0.25336822519913627
0.25329834306246524
0.2532290682033679
0.25316039608189866
0.25309232218484434
0.2530248420256468
0.2529579511443024
0.2528916451072777
0.2528259195074155
0.25276076996384234
0.2526961921218821
0.25263218165296086
0.2525687342545101
0.252505845649885
0.2524435115882596
0.2523817278445434
0.25232049021927994
0.2522597945385594
0.25219963665392175
0.2521400124422599
0.25208091780573216
0.25202234867165807
0.2519643009924346
0.25190677074542656
0.25184975393288456
0.25179324658184665
0.2517372447440326
0.2516817444957592
0.2516267419378385
0.25157223319548383
0.2515182144182081
0.25146468177973536
0.25141163147789625
0.25135905973453443
0.2513069627954093
0.2512553369300967
0.2512041784318916
0.2511534836177156
0.2511032488280107
0.25105347042664794
0.251004144800826
0.25095526836097515
0.2509068375406568
0.2508588487964688
0.25081129860794327
0.2507641834774508
0.25071749993009984
0.25067124451364187
0.2506254137983691
0.2505800043770149
0.2505350128646616
0.2504904358986342
0.25044627013840826
0.2504025122655035
0.250359158983394
0.25031620701740465
0.2502736531146105
0.2502314940437418
0.250189726595083
0.2501483475803744
0.25010735383271776
0.2500667422064682
0.2500265095771441
0.24998665284132626
0.24994716891655655
0.2499080547412421
0.24986930727455758
0.24983092349634195
0.2497929004070073
0.24975523502743313
0.24971792439887608
0.24968096558286212
0.24964435566109622
0.24960809173536536
0.24957217092743156
0.24953659037894294
0.24950134725133066
0.24946643872571495
0.2494318620028052
0.24939761430280505
0.24936369286531057
0.24933009494921843
0.24929681783262458
0.24926385881273028
0.24923121520574332
0.24919888434678406
0.24916686358978268
0.24913515030739097
0.24910374189088358
0.24907263575005434
0.24904182931313346
0.24901132002667925
0.24898110535549145
0.24895118278251205
0.24892154980872838
0.24889220395308265
0.24886314275237142
0.2488343637611562
0.24880586455166542
0.24877764271369873
0.2487496958545382
0.2487220215988496
0.2486946175885899
0.24866748148291207
0.24864061095807788
0.24861400370735431
0.24858765744092814
0.24856156988581368
0.24853573878575352
0.24851016190113173
0.2484848370088817
0.2484597619023896
0.2484349343914053
0.2484103523019533
0.2483860134762388
0.24836191577255573
0.2483380570651943
0.24831443524435748
0.2482910482160633
0.24826789390205894
0.2482449702397279
0.24822227518200302
0.24819980669727293
0.2481775627692988
0.24815554139712115
0.2481337405949704
0.24811215839218193
0.2480907928331053
0.2480696419770173
0.2480487038980339
0.24802797668502186
0.24800745844151528
0.24798714728562155
0.24796704134994385
0.24794713878148578
0.24792743774157244
0.24790793640576103
0.2478886329637554
0.24786952561932096
0.24785061259019903
0.24783189210802659
0.2478133624182437
0.24779502178001633
0.2477768684661492
0.24775890076300178
0.2477411169704098
0.2477235154015932
0.24770609438308233
0.24768885225462955
0.24767178736912987
0.24765489809253838
0.24763818280378957
0.24762163989471297
0.24760526776995428
0.24758906484689858
0.24757302955557936
0.24755716033860808
0.24754145565109376
0.247525913960556
0.24751053374685394
0.24749531350210097
0.24748025173059096
0.24746534694871747
0.2474505976848973
0.24743600247948816
0.24742155988472125
0.2474072684646087
0.2473931267948838
0.24737913346291107
0.2473652870676194
0.24735158621941933
0.2473380295401303
0.24732461566290753
0.24731134323216153
0.2472982109034918
0.2472852173436021
0.24727236123023622
0.24725964125209732
0.24724705610877817
0.24723460451068702
0.2472222851789736
0.24721009684546147
0.24719803825256825
0.24718610815323971
0.2471743053108777
0.24716262849926574
0.2471510765025008
0.24713964811492295
0.24712834214104396
0.2471171573954768
0.24710609270286799
0.2470951468978274
0.24708431882485948
0.2470736073382912
0.24706301130221286
0.24705252959039947
0.24704216108624788
0.24703190468271197
0.24702175928223158
0.24701172379666536
0.24700179714722903
0.24699197826442443
0.24698226608797624
0.2469726595667655
0.24696315765876786
0.2469537593309803
0.24694446355936772
0.2469352693287895
0.24692617563294184
0.24691718147429187
0.2469082858640107
0.2468994878219184
0.2468907863764156
0.24688218056442324
0.24687366943131883
0.24686525203087717
0.24685692742520848
0.24684869468469695
0.2468405528879386
0.2468325011216842
0.2468245384807769
0.24681666406809166
0.24680887699448018
0.24680117637870425
0.2467935613473876
0.246786031034945
0.2467785845835354
0.2467712211429952
0.24676393987078937
0.2467567399319447
0.24674962049899962
0.24674258075194677
0.2467356198781725
0.24672873707240883
0.24672193153666866
0.2467152024801954
0.24670854911940854
0.24670197067784816
0.24669546638611461
0.24668903548182897
0.24668267720956083
0.2466763908207894
0.24667017557384152
0.24666403073384446
0.24665795557266967
0.2466519493688809
0.2466460114076846
0.2466401409808764
0.2466343373867863
0.24662859993023645
0.24662292792248142
0.24661732068116182
0.24661177753025587
0.24660629780002352
0.24660088082696507
0.24659552595376066
0.24659023252923584
0.24658499990829907
0.24657982745190188
0.24657471452698532
0.2465696605064397
0.2465646647690457
0.24655972669943982
0.2465548456880562
0.2465500211310877
0.24654525243043557
0.24654053899366468
0.24653588023395623
0.24653127557006538
0.24652672442627255
0.24652222623234288
0.24651778042347317
0.24651338644025833
0.24650904372863724
0.24650475173985764
0.24650050993042516
0.24649631776206526
0.24649217470167706
0.24648808022129287
0.24648403379803396
0.2464800349140689
0.24647608305657087
0.24647217771768126
0.2464683183944586
0.2464645045888435
0.24646073580762196
0.24645701156237532
0.24645333136944603
0.24644969474989853
0.24644610122947208
0.24644255033855045
0.24643904161211883
0.24643557458972243
0.24643214881543185
0.2464287638378021
0.24642541920983374
0.24642211448893792
0.24641884923689972
0.24641562301983289
0.24641243540814983
0.24640928597652378
0.2464061743038526
0.24640309997321674
0.24640006257184988
0.2463970616911001
0.2463940969263959
0.2463911678772076
