0.9993288336501706
0.9991939309320476
0.9990621860217425
0.9989087268723238
0.9987309088567914
0.9985263204013727
0.9982924967112036
0.998028717624753
0.9977321036820649
0.9973967834782835
0.9970200645686461
0.9965965507222845
0.996123080841438
0.9955964993764596
0.9950136223320175
0.9943679671447284
0.993648510470115
0.9928615967687612
0.9919929547028343
0.9910399197639996
0.9899953036138913
0.988853570205354
0.9875909255485822
0.9862169758659877
0.984712565133646
0.9830763271010796
0.9813124058367045
0.9794027150885685
0.9773635839039528
0.9751732608155277
0.9728170776936191
0.9702809911406659
0.9675960489578225
0.964719635708701
0.9616138005388484
0.9582648164696215
0.9546845037503132
0.9508484536712003
0.9468096580142901
0.942558945253966
0.9380932433183382
0.9333697813677979
0.9283693413276806
0.9231232152122163
0.9175268783765967
0.9116909449916174
0.9056147572840217
0.8992997624030468
0.8927160462289706
0.8858669300434553
0.8787816518693206
0.8714062502997795
0.8637291410093588
0.8559061273937821
0.8476997657753915
0.8392417268850783
0.8304832481397075
0.821426688956836
0.8122854400315997
0.8030600037218327
0.7937253640915027
0.7843045578479507
0.7747879294098237
0.7650492052118867
0.7550848084972748
0.7450306914638236
0.7349262539158932
0.7247816649161606
0.7146361551480505
0.70440669718015
0.6940445335121295
0.6837234007961337
0.6733981487611089
0.6630770660715102
0.6524649634546996
0.6416673733636975
0.6309676861695612
0.6202909864968773
0.6097229196827372
0.5992271645335447
0.588787997258154
0.5785204738566001
0.5681419337036053
0.5579423216260047
0.547554608519381
0.5372410802627412
0.5271511293731508
0.5170567571445361
0.5071190147358575
0.49738900934650077
0.4882205441315576
0.4793826820302066
0.47078912237772763
0.4627374255515496
0.45473647212062673
0.4471109425582033
0.4400098187096855
0.4331282278532478
0.4267848208817333
0.4208899603003269
0.41497551181506587
0.40941796189329727
0.40407693852937554
0.3995160345877047
0.3955901996689045
0.391729047469595
0.3883564001982317
0.3846467895683111
0.38100106212656937
0.3776243474415547
0.37460985530997404
0.3719832657159454
0.3694221634583055
0.3667966675084825
0.3640335144952158
0.3616377426297418
0.3593320607344572
0.35693216282130835
0.3546230226208549
0.35210009868563197
0.3494747229710228
0.3467891181470597
0.344417553225565
0.3426103352705333
0.34041561867813386
0.33800600373278455
0.33597645076979266
0.3341813405990208
0.33236361131932735
0.33009619508184807
0.3282233330283094
0.3265185035272964
0.32492384094929005
0.3233442372285835
0.3217290285994483
0.3198835800650738
0.31829659611067607
0.3166627432228414
0.31494223183399095
0.31318256906055864
0.3115733736167281
0.31016777831025455
0.3086846791639518
0.3068474813544074
0.30500663695342456
0.30351772048544323
0.3020598831879282
0.30072304427173924
0.2992208487778031
0.29806213124297865
0.2966779832321714
0.2954342014553254
0.29422007226775826
0.29292320671167393
0.29161748145979527
0.29061818276824103
0.2899440730449846
0.2894822746309076
0.28862197143137647
0.28752783892005096
0.2867011759100603
0.28584909147113147
0.2849895660468088
0.28429091640392146
0.28348184449323444
0.2827699587213416
0.2824002214294682
0.2821155820702842
0.2815226092001589
0.281098453859134
0.28065650624836946
0.28025834654938886
0.27971632027037674
0.27913071832211334
0.2790904051376786
0.27924868985079476
0.27926740524667204
0.2791942499162472
0.279263901534222
0.27969357314932175
0.2796688644526075
0.2793133945478232
0.27884261534950794
0.27870937622344794
0.27863357246869824
0.278672794575642
0.27890975810490637
0.2787213200391133
0.2785206955180827
0.2781818608784197
0.2781300026968262
0.27835458148855063
0.27857178944980543
0.2790345380778344
0.2796571071194638
0.28032554532959486
0.28112523182428917
0.28121448597162824
0.28133949497712474
0.2805377023995864
