0.9560405020193594
0.9069260317511463
0.9012899870314761
0.8948953305103203
0.8879733491477246
0.8805340778366816
0.8725936615814377
0.8642784275985265
0.8555224208191974
0.8464357997259351
0.8370486108859106
0.8275152962079877
0.8177379092521165
0.8077377323347928
0.7975121810686832
0.786993047735422
0.7755412538478523
0.7641773386021945
0.7524618104877017
0.7404360389643794
0.7275782745669541
0.7125586430455849
0.6968185193735049
0.680705561255288
0.6640209082424242
0.6467601547669555
0.6289201302462477
0.6104820638391718
0.5914264375958567
0.5744823086086075
0.5566448160748512
0.5384788582052692
0.519919049264297
0.501384891533313
0.48295438571593663
0.4645142327236643
0.44626377304177245
0.4283450428186574
0.410183047387906
0.3911149008472755
0.37201330037963654
0.3531059108723319
0.3344052032148389
0.3159554363984065
0.2974348672666395
0.27940467162802685
0.26178553447756936
0.24494978114579802
0.2291253330815981
0.21397464562667934
0.19785171831869264
0.18286246796917716
0.1690470859453106
0.15632828701027912
0.14461394526553784
0.13413626994480154
0.12483674445435311
0.11607528899979969
0.10844489703314775
0.10121720096546227
0.0950515032177216
0.08855898645646021
0.08259019699110726
0.07757812643102457
0.07299487615456901
0.06928399008120911
0.06639331169185869
0.06428250903635568
0.06195622983767135
0.05910774209213099
0.055661268536600805
0.05300925194745587
0.051107539696828574
0.04990091614560743
0.04932306275678622
0.048935309606292
0.04725498839721498
0.045081219524522154
0.04354252136071246
0.042574966057766006
0.04211652348761463
0.04211374845223148
0.042529108371161195
0.042155208608996464
0.041734462243497195
0.040690238534108136
0.04027633952121923
0.040453040820558894
0.03998826358151519
0.03968833328504073
0.03990349223103007
0.04008557569280302
0.040461743225887914
0.04017092180862514
0.03903202193189503
0.0383855004607041
0.03751304544867606
0.037154235220374865
0.03670898214991514
0.036172226864452206
0.03561100409630946
0.03539036315954269
0.03557895047365234
0.03606134566992025
0.035794249793031585
0.03556544964714814
0.034725336313405686
0.03452713583100786
0.03492600859168837
0.035161793630082094
0.035889106142912186
0.037048892274857304
0.03708097524257803
0.036817204027788986
0.03616347858455393
0.036006670487974124
0.03629987890975761
0.03562830499109271
0.03489661818980272
0.03470267800311888
0.03500589830467671
0.03576329884593854
0.036490205691713906
0.034890889424506466
0.03393981256278267
0.03359100026065254
0.033788225552016105
0.03446878388822927
0.034484302830717906
0.034994521077026386
0.03484471118520949
0.03520185995530711
0.035187911072538935
0.035193741605196616
0.03570749046708932
0.03555516333977027
0.03589547695707884
0.034998534609714915
0.03456813333446551
0.03456882675736128
0.0349500458931844
0.035688791083248406
0.03555499114438121
0.03504655867102102
0.035029816979122996
0.034231755555585885
0.03402570050589038
0.03397013789633074
0.034459536419941816
0.035421264900447835
0.03540186236037368
0.035830144446103884
0.035294735680909906
0.03456373414399161
0.0344166036334731
0.03447762585341696
0.03506183504217386
0.03434258901449805
0.03415134495982186
0.03403510911987273
0.03439595020704822
0.03519743374141071
0.035395995217639586
0.03604875126051521
0.034910949005952485
0.034395032287528715
0.03444462623599942
0.03397018786430894
0.034019632569370906
0.03453167346551911
0.03498955484765609
0.03508936249573147
0.03472513320942516
0.034835122841791244
0.03468066456153007
0.03501767661365984
0.03471649613693395
0.034969212134766
0.035439662303398345
0.035097198394407725
0.03497415361274914
0.03476561434070502
0.03459664759218051
0.034861576128695226
0.03458966146491638
0.034817809215110684
0.034716006987547066
0.034310463734095964
0.03454126254111989
0.03500621536379067
0.0370476007006334
0.037099949677087074
0.03742672866550567
0.03744505598710224
0.03658699208859273
0.03560673866622244
0.035245858389053364
0.03511411367017481
0.03492475008787066
0.035345108611204434
