0.40259025054569814
0.41749483064696663
0.4090539551384677
0.40175376627547194
0.39517612636420546
0.38908751175977413
0.3833877190597121
0.3780261454311567
0.37297306338947495
0.3682085774722839
0.36371778544923455
0.3594884327187567
0.35550969005836947
0.3517714863184816
0.34826413618604707
0.34497813421199114
0.34190404672939206
0.339032463156522
0.33635398385706833
0.33385923041587057
0.3315388692450866
0.3293836425186976
0.32738440239577354
0.3255321457923001
0.3238180478518257
0.3222334928929343
0.3207701020636321
0.3194197572628482
0.31817462113181133
0.3170271530960173
0.3159701215677935
0.314996612511583
0.31410003463759345
0.3132741215310027
0.31251293104867633
0.31181084232754147
0.31116255075179194
0.3105630612227917
0.31000768006820806
0.3094920059173862
0.30901191985967064
0.308563575192192
0.3081433870539153
0.30774802223321357
0.3073743894257976
0.3070196302065759
0.30668111096000517
0.3063564159848134
0.3060433419459095
0.3057398937836999
0.30544428210417635
0.3051549219589189
0.3048704327828417
0.3045896390946361
0.3043115713930815
0.30403546652229924
0.3037607666582675
0.3034871160187349
0.30321435444763845
0.30294250719096527
0.3026717704626029
0.30240249277123765
0.3021351523953067
0.3018703317902398
0.30160869002764656
0.301350934550748
0.30109779356104077
0.30084999023474657
0.30060821973671376
0.30037312970214375
0.30014530454354926
0.2999252536542974
0.2997134033490528
0.29951009221758584
0.29931556947056265
0.2991299958139844
0.2989534463887058
0.2987859153384805
0.2986273216119934
0.29847751565231867
0.2983362866754397
0.2982033702848277
0.2980784562104346
0.2979611959977616
0.29785121050635116
0.29774809710761957
0.297651436499723
0.2975607990821815
0.29747575085504
0.29739585882597913
0.29732069592344584
0.2972498454240276
0.2971829049075843
0.29711948975405117
0.29705923619175817
0.2970018038995225
0.29694687815518506
0.2968941715136295
0.2968434249898666
0.296794408719613
0.29674692207265235
0.29670079320397974
0.29665587804409127
0.2966120587513746
0.29656924167397897
0.2965273548927555
0.29648634543774705
0.2964461762856157
0.2964068232526009
0.29636827189655496
0.29633051453286896
0.2962935474542297
0.29625736842519523
0.2962219745018045
0.296187360205918
0.2961535160653726
0.2961204275154543
0.29608807414523747
0.2960564292641213
0.2960254597591754
0.2959951262121883
0.2959653832459619
0.2959361800716937
0.2959074612125411
0.2958791673819581
0.29585123649853623
0.2958236048212985
0.2957962081902656
0.295768983356309
0.2957418693816924
0.29571480908830167
0.2956877505246632
0.29566064841594475
0.295633465553971
0.29560617407784096
0.2955787565910661
0.29555120705936005
0.29552353143523785
0.2954957479620273
0.29546788712090577
0.2954399911997037
0.2954121134804463
0.2953843170624404
0.2953566733573492
0.2953292603103364
0.29530216041539586
0.2952754586022997
0.29524924007663766
0.29522358819324135
0.29519858243746605
0.29517429657928634
0.2951507970531038
0.29512814160275747
0.29510637821754643
0.2950855443720492
0.29506566657080563
0.29504676018897674
0.29502882959210375
0.29501186851206934
0.2949958606521628
0.29498078049149096
0.29496659425751764
0.29495326103487446
0.2949407339784172
0.2949289615984872
0.2949178890862911
0.2949074596471078
0.2948976158087461
0.29488830067246424
0.29487945907373164
0.29487103862115066
0.29486299058394233
0.29485527060199695
0.294847839197776
0.29484066207633214
0.2948337102081194
0.29482695969860667
0.2948203914582976
0.29481399069580877
0.2948077462644325
0.29480164989846497
0.29479569537913247
0.2947898776710744
0.29478419206915235
0.2947786333922412
0.294773195256095
0.2947678694519442
0.2947626454517159
0.2947575100551212
0.29475244718865273
0.2947474378619416
0.2947424602829583
0.29473749013007494
0.2947325009758251
0.294727464854021
0.2947223529584344
0.294717136457297
0.2947117874032939
0.29470627971354985
0.2947005901885417
