0.8064774437886082
0.7269141324229089
0.72593919413129
0.7249617160876929
0.7239820280239565
0.7230002262059787
0.72201634224396
0.7210303828409144
0.7200423432479248
0.7190522128965269
0.7180599781204337
0.7170656236177997
0.7160691333047242
0.7150704908480439
0.7140696800168091
0.7130666849248861
0.7120614902045691
0.7110540811342987
0.7100444437344153
0.7090325648397204
0.708018432154538
0.7070020342941348
0.7059833608151844
0.7049624022372346
0.7039391500566372
0.7029135967540905
0.7018857357967055
0.7008555616353671
0.6998230696980305
0.6987882563795291
0.6977511190283832
0.6967116559310618
0.6956698662940997
0.6946257502244306
0.693579308708274
0.6925305435888642
0.691479457543307
0.6904260540587956
0.6893703374084135
0.6883123126267152
0.6872519854852637
0.6861893624682709
0.6851244507484804
0.6840572581634048
0.6829877931920125
0.681916064931952
0.6808420830773791
0.6797658578974373
0.678687400215442
0.6776067213887955
0.6765238332896553
0.6754387482863716
0.6743514792256984
0.6732620394157801
0.6721704426099044
0.6710767029910167
0.6699808351569725
0.6688828541065193
0.6677827752259775
0.6666806142766049
0.6655763873826162
0.6644701110198272
0.6633618020049075
0.6622514774851997
0.6611391549290917
0.6600248521168988
0.658908587132242
0.6577903783538868
0.656670244448013
0.6555482043609016
0.6544242773119966
0.653298482787334
0.6521708405332998
0.6510413705507025
0.6499100930891388
0.6487770286416237
0.6476421979394777
0.6465056219474392
0.6453673218589964
0.6442273190919079
0.6430856352839154
0.641942292288616
0.6407973121714825
0.639650717206034
0.6385025298701257
0.6373527728423538
0.6362014689985698
0.6350486414084839
0.6338943133323596
0.6327385082177794
0.6315812496964832
0.6304225615812649
0.6292624678629253
0.6281009927072732
0.6269381604521655
0.6257739956045887
0.6246085228377651
0.6234417669882941
0.6222737530533082
0.6211045061876554
0.6199340517010901
0.6187624150554769
0.6175896218620123
0.6164156978784383
0.6152406690062711
0.614064561288028
0.6128874009044505
0.6117092141717306
0.6105300275387315
0.6093498675841995
0.6081687610139761
0.6069867346581956
0.6058038154684777
0.604620030515111
0.6034354069842252
0.6022499721749486
0.6010637534965639
0.5998767784656402
0.598689074703161
0.5975006699316363
0.5963115919722035
0.595121868741713
0.5939315282498026
0.592740598595958
0.5915491079665636
0.5903570846319344
0.5891645569433386
0.5879715533300112
0.5867781022961485
0.5855842324178933
0.5843899723403119
0.5831953507743555
0.5820003964938101
0.5808051383322412
0.5796096051799213
0.5784138259807554
0.5772178297291886
0.5760216454671121
0.5748253022807606
0.5736288292975946
0.572432255683186
0.57123561063809
0.5700389233947123
0.5688422232141732
0.5676455393831674
0.566448901210812
0.5652523380255035
0.5640558791717609
0.5628595540070729
0.561663391898739
0.5604674222207178
0.5592716743504622
0.5580761776657672
0.5568809615416133
0.5556860553470095
0.5544914884418439
0.5532972901737341
0.5521034898748829
0.5509101168589354
0.5497172004178463
0.5485247698187501
0.5473328543008353
0.5461414830722335
0.5449506853069059
0.5437604901415487
0.542570926672501
0.5413820239526625
0.5401938109884317
0.539006316736637
0.5378195701015007
0.5366335999315979
0.5354484350168405
0.5342641040854692
0.5330806358010642
0.5318980587595641
0.530716401486311
0.529535692433103
0.5283559599752676
0.5271772324087551
0.5259995379472446
0.5248229047192767
0.5236473607653984
0.5224729340353322
0.5212996523851658
0.5201275435745636
0.5189566352639972
0.5177869550120011
0.5166185302724542
0.5154513883918772
0.5142855566067617
0.513121062040919
0.5119579317028589
0.5107961924831896
0.5096358711520468
0.5084769943565475
0.5073195886182744
0.5061636803307841
0.5050092957571453
0.503856461027506
0.5027052021366909
0.5015555449418236
0.5004075151599825
0.49926113836589037
0.4981164399896255
0.4969734453143726
0.4958321794741992
0.4946926674518707
0.4935549340766866
0.49241900402236405
0.49128490180494044
0.4901526517807159
0.48902227814423294
0.48789380492627976
0.4867672559919364
0.48564265503865134
0.48452002559435503
0.48339939101560236
0.4822807744857619
0.4811641990132254
0.48004968742966625
0.47893726238832524
0.4778269463623359
0.47671876164308447
0.4756127303386074
0.47450887437202527
0.47340721548000764
0.4723077752112874
0.47121057492519625
0.4701156357902493
0.46902297878275945
0.4679326246854939
0.4668445940863616
0.4657589073771473
0.4646755847522672
0.46359464620758284
0.4625161115392341
0.4614400003425171
0.46036633201080124
0.45929512573447817
0.45822640049995267
0.45716017508866624
0.456096468076164
0.45503529783119256
0.45397668251483725
0.45292064007969957
0.4518671882691022
0.45081634461634523
0.449768126443984
0.4487225508631535
0.44767963477292483
0.44663939485970106
0.44560184759664634
0.4445670092431474
0.44353489584432493
0.44250552323056247
0.44147890701708403
0.4404550626035597
0.439434005173753
0.4384157496951925
0.4374003109188914
0.4363877033790905
0.43537794139304264
0.43437103906082397
0.4333670102651884
0.4323658686714469
0.43136762772738224
0.43037230066320153
0.4293799004915142
0.4283904400073474
0.42740393178819047
0.426420388194075
0.42543982136768255
0.4244622432344811
0.42348766550290673
0.42251609966454995
0.42154755699440294
0.4205820485511127
0.41961958517727194
0.41866017749974427
0.4177038359300108
0.41675057066455024
0.41580039168523875
0.4148533087597953
0.41390933144223296
0.41296846907335183
0.41203073078125485
0.411096125481888
0.41016466187960965
0.40923634846778
0.4083111935293856
0.4073892051376794
0.40647039115684713
0.405554759242704
0.4046423168434071
0.4037330712001931
0.40282702934814385
0.40192419811697044
0.4010245841318165
0.4001281938140896
0.3992350333823119
0.3983451088529866
0.3974584260414925
0.3965749905629934
0.39569480783337374
0.3948178830701803
0.3939442212936014
0.39307382732744756
0.39220670580016037
0.3913428611458377
0.3904822976052701
0.38962501922700365
0.3887710298684135
0.3879203331967923
0.3870729326904577
0.3862288316398751
0.3853880331487941
0.3845505401353989
0.38371635533347315
0.38288548129358335
0.38205792038426456
0.38123367479323134
0.3804127465285948
0.37959513742008955
0.3787808491203214
0.37796988310601665
0.37716224067928883
0.37635792296891446
0.3755569309316157
0.37475926535335924
0.3739649268506616
0.3731739158719001
0.3723862326986416
0.37160187744696926
0.3708208500688238
0.37004315035335356
0.36926877792826784
0.3684977322611991
0.36773001266107275
0.3669656182794805
0.36620454811206427
0.36544680099990245
0.3646923756309026
0.3639412705411985
0.36319348411655217
0.3624490145937628
0.3617078600620749
0.36097001846459564
0.36023548759970914
0.35950426512250244
0.3587763485461871
0.3580517352435254
0.3573304224482622
0.35661240725655274
0.35589768662839494
0.3551862573890697
0.3544781162305679
0.353773259713033
0.3530716842661924
0.35237338619080105
0.3516783616600727
0.3509866067211185
0.35029811729638494
0.34961288918509015
0.34893091806465437
0.3482521994921389
0.3475767289056756
0.3469045016258969
0.3462355128573674
0.34556975769000586
0.3449072311005157
0.34424792795380077
0.34359184300438705
0.34293897089783976
0.34228930617217257
0.3416428432592602
0.3409995764862447
0.3403595000769336
0.33972260815320077
0.3390888947363827
0.33845835374866196
0.3378309790144597
0.33720676426180796
0.3365857031237349
0.33596778913962577
0.33535301575659593
0.33474137633084533
0.3341328641290199
0.3335274723295516
0.33292519402401
0.3323260222184361
0.3317299498346733
0.33113696971169226
0.3305470746069127
0.3299602571975121
0.3293765100817313
0.3287958257801815
0.3282181967371257
0.3276436153217689
0.32707207382953785
0.32650356448335305
0.32593807943488795
0.32537561076582977
0.32481615048912726
0.3242596905502356
0.3237062228283434
0.323155739137608
0.32260823122836746
0.32206369078835395
0.3215221094438977
0.3209834787611222
0.32044779024712844
0.3199150353511745
0.3193852054658478
0.3188582919282279
0.3183342860210364
0.3178131789737876
0.31729496196392126
0.31677962611793575
0.3162671625125041
0.3157575621755896
0.31525081608754435
0.31474691518220677
0.3142458503479896
0.313747612428951
0.31325219222586587
0.3127595804972869
0.31226976796059314
0.31178274529303185
0.3112985031327541
0.3108170320798328
0.31033832269728767
0.3098623655120806
0.30938915101612385
0.3089186696672611
0.30845091189024687
0.307985868077723
0.30752352859117815
0.307063883761895
0.3066069238919019
0.30615263925490244
0.3057010200972071
0.3052520566386421
0.30480573907346675
0.30436205757126167
0.30392100227783037
0.30348256331607504
0.3030467307868666
0.30261349476991484
0.3021828453246148
0.30175477249089955
0.3013292662900785
0.3009063167256548
0.3004859137841581
0.3000680474359466
0.2996527076360125
0.2992398843247729
0.29882956742885725
0.29842174686188283
0.29801641252521727
0.2976135543087456
0.2972131620916141
0.2968152257429719
0.2964197351227096
0.29602668008217725
0.29563605046490293
0.2952478361073041
0.29486202683938123
0.2944786124854146
0.2940975828646436
0.29371892779193864
0.2933426370784765
0.29296870053238966
0.29259710795942295
0.29222784916356914
0.2918609139477103
0.2914962921142378
0.2911339734656747
0.29077394780528276
0.29041620493766784
0.29006073466937365
0.28970752680946565
0.2893565711701136
0.28900785756716363
0.28866137582070106
0.28831711575560437
0.2879750672020972
0.2876352199962887
0.2872975639807075
0.2869620890048302
0.2866287849255954
0.28629764160792204
0.2859686489252109
0.2856417967598439
0.2853170750036713
0.2849944735585025
0.2846739823365736
0.28435559126102306
0.2840392902663549
0.2837250692988903
0.2834129183172216
0.2831028272926489
0.28279478620962395
0.28248878506617137
0.2821848138743155
0.28188286266049734
0.2815829214659802
0.2812849803472558
0.28098902937644243
0.28069505864167266
0.28040305824747824
0.28011301831516955
0.27982492898320765
0.2795387804075681
0.2792545627621049
0.27897226623889926
0.27869188104861264
0.2784133974208266
0.27813680560437815
0.27786209586769284
0.27758925849910876
0.2773182838071949
0.27704916212106656
0.27678188379069246
0.2765164391871978
0.27625281870316165
0.2759910127529076
0.2757310117727919
0.2754728062214845
0.27521638658024583
0.2749617433531951
0.2747088670675776
0.274457748274028
0.27420837754682015
0.2739607454841241
0.27371484270824775
0.2734706598658794
0.27322818762832213
0.2729874166917302
0.2727483377773293
0.2725109416316437
0.27227521902670715
0.2720411607602857
0.2718087576560767
0.2715780005639158
0.2713488803599803
0.27112138794697527
0.270895514254336
0.27067125023840377
0.27044858688261264
0.27022751519766997
0.2700080262217255
0.2697901110205455
0.2695737606876739
0.2693589663445981
0.2691457191409041
0.2689340102544331
0.2687238308914289
0.2685151722866874
0.2683080257036935
0.26810238243476636
0.2678982338011907
0.2676955711533471
0.2674943858708453
0.26729466936264057
0.2670964130671628
0.26689960845242444
0.26670424701614526
0.2665103202858531
0.26631781981899716
0.2661267372030479
0.2659370640555977
0.26574879202446366
0.2655619127877754
0.265376418054068
0.26519229956236867
0.26500954908228425
0.2648281584140837
0.2646481193887702
0.2644694238681632
0.26429206374496916
0.26411603094285274
0.26394131741649984
0.26376791515168907
0.26359581616534367
0.26342501250559913
0.2632554962518542
0.26308725951482614
0.2629202944366017
0.2627545931906813
0.2625901479820315
0.2624269510471202
0.26226499465396536
0.2621042711021663
0.2619447727229427
0.2617864918791657
0.26162942096539066
0.2614735524078856
0.26131887866465575
0.26116539222546853
0.26101308561187375
0.2608619513772258
0.2607119821067001
0.26056317041730426
0.2604155089578969
0.2602689904091945
0.26012360748378105
0.25997935292611574
0.25983621951253755
0.2596942000512644
0.25955328738240147
0.2594134743779316
0.2592747539417187
0.25913711900949865
0.25900056254887394
0.25886507755930754
0.2587306570721055
0.2585972941504151
0.258464981889201
0.2583337134152366
0.25820348188707987
0.2580742804950634
0.25794610246126304
0.257818941039488
0.257692789515243
0.2575676412057172
0.2574434894597438
0.2573203276577821
0.2571981492118788
0.25707694756564636
0.2569567161942188
0.2568374486042271
0.25671913833375737
0.2566017789523144
0.2564853640607859
0.2563698872914003
0.2562553423076873
0.25614172280442915
0.25602902250762793
0.2559172351744482
0.25580635459318035
0.25569637458318717
0.25558728899485805
0.2554790917095576
0.2553717766395738
0.2552653377280677
0.2551597689490176
0.25505506430716685
0.2549512178379687
0.25484822360752235
0.2547460757125264
0.25464476828021165
0.2545442954682846
0.2544446514648645
0.25434583048842685
0.25424782678773206
0.2541506346417671
0.2540542483596825
0.2539586622807205
0.25386387077415773
0.253769868239225
0.25367664910504983
0.25358420783058566
0.25349253890453605
0.2534016368452887
0.2533114962008439
0.2532221115487401
0.2531334774959805
0.25304558867896254
0.25295843976339827
0.25287202544424237
0.25278634044561477
0.2527013795207257
0.25261713745179026
0.2525336090499636
0.2524507891552509
0.25236867263643026
0.2522872543909761
0.2522065293449738
0.2521264924530394
0.25204713869824236
0.25196846309201393
0.2518904606740723
0.25181312651233334
0.2517364557028289
0.25166044336961946
0.2515850846647131
0.25151037476797133
0.25143630888703683
0.25136288225722925
0.25129009014146986
0.2512179278301899
0.251146390641242
0.25107547391981166
0.25100517303832703
0.25093548339637106
0.2508664004205886
0.2507979195646014
0.25073003630891
0.25066274616080675
0.25059604465428365
0.2505299273499415
0.2504643898348925
0.2503994277226732
0.25033503665314927
0.25027121229242066
0.25020795033273213
0.2501452464923717
0.2500830965155839
0.25002149617247216
0.24996044125890426
0.24989992759641433
0.2498399510321122
0.24978050743858393
0.24972159271380023
0.24966320278101062
0.24960533358866466
0.24954798111029242
0.24949114134442996
0.2494348103145052
0.2493789840687506
0.24932365868010076
0.2492688302460988
0.24921449488879643
0.24916064875465427
0.24910728801444648
0.2490544088631621
0.2490020075199051
0.24895008022779896
0.24889862325388368
0.24884763288901868
0.24879710544778988
0.24874703726839875
0.2486974247125736
0.24864826416546648
0.24859955203555228
0.2485512847545338
0.24850345877723834
0.24845607058151886
0.24840911666815513
0.24836259356075752
0.24831649780565923
0.24827082597182493
0.24822557465074668
0.24818074045634353
0.24813632002486508
0.2480923100147887
0.24804870710672056
0.24800550800329857
0.2479627094290877
0.2479203081304827
0.2478783008756098
0.24783668445422313
0.24779545567760797
0.2477546113784831
0.24771414841089412
0.24767406365011935
0.24763435399257017
0.24759501635568792
0.24755604767784778
0.2475174449182581
0.2474792050568606
0.247441325094233
0.2474038020514836
0.24736663297016348
0.24732981491215467
0.24729334495958122
0.24725722021470276
0.24722143779982264
0.2471859948571815
0.24715088854886602
0.2471161160567087
0.247081674582183
0.24704756134631467
0.247013773589575
0.24698030857178932
0.2469471635720365
0.24691433588854983
0.24688182283862314
0.24684962175850866
0.24681773000332108
0.24678614494694384
0.24675486398192914
0.24672388451939875
0.24669320398895378
0.2466628198385702
0.2466327295345102
0.2466029305612184
0.24657342042123143
0.24654419663508065
0.2465152567411958
0.2464865982958092
0.24645821887286068
0.24643011606390297
0.2464022874780044
0.24637473074166039
0.24634744349868976
0.2463204234101486
0.24629366815423148
0.24626717542617882
0.24624094293818255
0.24621496841929302
0.2461892496153263
0.24616378428876973
0.24613857021869112
0.2461136052006423
0.24608888704657217
0.24606441358472975
0.24604018265957428
0.2460161921316818
0.24599243987765862
0.24596892379004076
0.24594564177721434
0.24592259176331543
0.24589977168814325
0.245877179507072
0.24585481319095626
0.24583267072604587
0.2458107501138893
0.24578904937125456
0.2457675665300335
0.24574629963714978
0.2457252467544807
0.24570440595875942
0.24568377534149244
0.24566335300886877
0.24564313708167418
0.24562312569520495
0.2456033169991777
0.2455837091576457
0.24556430034891308
0.24554508876544345
0.24552607261378212
0.24550725011446317
0.24548861950193002
0.24547017902444523
0.24545192694401174
0.24543386153628177
0.24541598109047935
0.24539828390930962
0.24538076830888433
0.24536343261862992
0.24534627518120689
0.24532929435243256
0.24531248850119158
0.245295856009358
0.24527939527170928
0.24526310469585455
0.24524698270213996
0.24523102772358063
0.24521523820576807
0.24519961260680212
0.24518414939720312
0.24516884705983155
0.24515370408981452
0.24513871899446282
0.24512389029319237
0.245109216517446
0.2450946962106192
0.24508032792797618
0.24506611023657332
0.24505204171518935
0.2450381209542386
0.24502434655569993
0.2450107171330419
0.24499723131114182
0.24498388772621416
0.24497068502573338
0.24495762186836034
0.244944696923867
0.2449319088730615
0.2449192564077144
0.24490673823048592
0.24489435305485296
0.24488209960503282
0.24486997661591536
0.2448579828329862
0.24484611701225756
0.2448343779201929
0.24482276433364047
0.2448112750397594
0.24479990883594882
0.24478866452977677
0.2447775409389129
0.2447665368910562
0.2447556512238641
0.24474488278488638
0.24473423043149667
0.2447236930308202
0.2447132694596693
0.2447029586044729
0.2446927593612106
0.24468267063534466
0.24467269134175262
0.2446628204046618
0.24465305675758298
0.24464339934324386
0.24463384711352276
0.24462439902938338
0.2446150540608132
0.24460581118675295
0.24459666939503888
0.24458762768233078
0.24457868505405778
0.24456984052434516
0.24456109311595775
0.24455244186023817
0.24454388579703756
0.2445354239746601
0.24452705544979814
0.24451877928747223
0.2445105945609657
0.24450250035177
0.2444944957495241
0.24448657985194544
0.24447875176477984
0.24447101060173793
0.24446335548443765
0.24445578554233915
0.24444829991269756
0.24444089774049393
0.24443357817838152
0.24442634038663158
0.2444191835330668
0.2444121067930164
0.24440510934924864
0.24439819039192023
0.24439134911852045
0.24438458473380953
0.2443778964497727
0.2443712834855548
0.24436474506741546
0.24435828042866425
0.24435188880961645
0.2443455694575306
0.24433932162656247
0.24433314457770494
0.24432703757873842
0.24432099990417921
0.24431503083522488
0.2443091296597043
0.24430329567202158
0.24429752817311057
0.24429182647038028
0.24428618987766393
0.24428061771516674
0.24427510930942298
0.24426966399323702
0.24426428110563803
0.24425895999183167
0.2442537000031465
0.2442485004969922
0.2442433608368043
0.24423828039199913
0.24423325853792655
0.2442282946558194
0.24422338813275102
0.2442185383615828
0.2442137447409216
0.24420900667507084
0.24420432357398703
0.2441996948532298
0.24419511993391818
0.24419059824269007
0.2441861292116485
0.2441817122783233
0.24417734688562576
0.24417303248180067
0.2441687685203887
0.2441645544601766
0.2441603897651583
0.24415627390448857
0.2441522063524446
0.2441481865883781
0.24414421409667897
0.24414028836672663
0.2441364088928556
0.24413257517430642
0.244128786715195
0.24412504302445803
0.2441213436158267
0.24411768800777311
0.24411407572348243
0.24411050629080366
0.24410697924221603
0.24410349411478716
0.2441000504501324
0.24409664779438056
0.24409328569813438
0.24408996371642733
0.24408668140869316
0.24408343833872237
0.24408023407462742
0.2440770681888056
0.2440739402579034
0.2440708498627734
0.24406779658844913
0.24406478002409504
0.24406179976298448
0.24405885540245587
