0.9870373905541399
0.9873267241193788
0.9864063262724879
0.9854036098099068
0.9843015727073309
0.9831007880323163
0.981813746989026
0.9804389834501828
0.9789814048564747
0.9774458520566461
0.9758019341461559
0.9740832591175148
0.9722619963597481
0.9703226426057211
0.9682414071671359
0.9660283992341153
0.9637115507784786
0.9612425912738621
0.9585820834697151
0.9558440505908153
0.9529923277746076
0.9500466956136367
0.9470155717017537
0.9438566073144216
0.9406022337129585
0.9372776865527531
0.9337428315636179
0.9299526988293417
0.9260285085717074
0.9219071217421142
0.9175740407356856
0.9130364149368162
0.9083724960746238
0.9034500626600778
0.8983876051724631
0.8931286573070831
0.887725967888188
0.8820772511700736
0.8762264323314716
0.8702154605966961
0.8639082007859351
0.857535002845328
0.8508528333630576
0.8438761665813318
0.8367781026646751
0.8290843309527375
0.8213270980057465
0.8133519763864854
0.8051847142866426
0.7968374043580989
0.7883743317366105
0.7798586392411845
0.7709716682847586
0.7620050452235054
0.7529160901595521
0.7437715349922726
0.7345701086623644
0.7253813522576307
0.7157992043058894
0.7063253654883596
0.6968367277103436
0.6875085395561069
0.6785375869277587
0.669115659207936
0.6599494549025569
0.649822204328502
0.6396974413690237
0.6298239480501382
0.619308577460195
0.6090062941635894
0.5988432108896731
0.5887954364357425
0.5790071070763276
0.5691674235741098
0.5596624894068283
0.5500697252455213
0.5406556486278298
0.5312462400058287
0.5219689815549569
0.5130474451952436
0.5047033093343313
0.49612566208735875
0.48756900385098856
0.47939518761626565
0.47151168599781845
0.4637573020329402
0.4555035504524595
0.44759132142449465
0.4400237250488559
0.4331217076640923
0.4265982201352164
0.42008342609719074
0.4141629165894948
0.4085747662081346
0.4032910113753594
0.3981239269758404
0.3932779100385415
0.38922135963756865
0.38517230995998997
0.3813392350090913
0.3774467739688221
0.3741642558591337
0.37109428628749364
0.36857381626427166
0.36623093431730613
0.3639256544034448
0.3617086089603082
0.3587883511368619
0.35620398975307976
0.35415114330515907
0.3528704564854175
0.3518478226621542
0.35095522399419443
0.34982632008727366
0.3483096102881591
0.34699914100579177
0.34576717634425946
0.3452510240905662
0.3451421845419411
0.3448815197581001
0.3450262039584604
0.34532487508760756
0.3459087742957505
0.3460542739678444
0.34489880387536165
0.344398459253338
0.3438081168726903
0.3427892624634521
0.341877108730712
0.3420123948812448
0.34201177349305334
0.3420128318924317
0.34266083638019307
0.34266771057256684
0.34319634279731326
0.34342625349021727
0.3433400796317465
0.3433699640391993
0.34380178650446325
0.34457540780523255
0.3437514456031694
0.3435010473911132
0.3430569292483552
0.3431474811272752
0.34329783890799503
0.3433306066423235
0.3440033381186576
0.34481835089723845
0.34589315951494126
0.34590305792678466
0.3462076017005189
0.34686586762698446
0.34748079996976866
0.3481736969095972
0.3487067821042399
0.3487125134455624
0.3478711934722257
0.3472859256778238
0.3469396488885029
0.3473154841653072
0.34753842957826586
0.3481713555510785
0.3490380784918964
0.3496906856944816
0.35033796895044145
0.3511181583697188
0.35119317140255424
0.35172489572378773
0.3524762648076265
0.35385153586235263
0.35535411839123066
0.3555706667563322
0.3552570225711138
0.355000344805926
0.35501083371073916
0.3555490328146823
0.35670404236508413
0.3567519977540037
0.35764307085323943
0.3579921248453666
0.357865009137718
0.35706231960535917
0.3566256939211908
0.3568547862399776
0.35778302199770395
0.3572291428968143
0.3573976218960271
0.3575571996558138
0.3575840055287698
0.35844828429401043
0.3597758084956876
0.3591796001902894
0.35916797343142637
0.3591660670818674
0.3588248543452054
0.35913629389992985
0.36015384811435347
0.36076548406509257
0.36041778058910834
0.36024704720158807
