0.999885222659273
0.9998604172235325
0.9998299694148842
0.9997925280664659
0.9997464802396595
0.9996898213194745
0.9996203788422188
0.9995358259047786
0.999433488810714
0.9993104516507403
0.9991636544557123
0.9989897302856506
0.9987856021834806
0.9985474186210488
0.9982716703051701
0.9979542986767231
0.9975910407946722
0.9971775229963927
0.9967084706079019
0.9961791099422036
0.9955815938803433
0.9949091365210609
0.9941527321998481
0.9933027783342417
0.992346653471712
0.9912733704847349
0.9900662851518518
0.9887067656800812
0.9871811146857026
0.985466654066035
0.9835442290436452
0.9813889206334787
0.9789760677327581
0.9762799074629495
0.973267863842552
0.9699164437163562
0.9662005868562694
0.9620877671549213
0.9575448623460923
0.9525519311296179
0.9470783160871343
0.9410988516813064
0.9345955506382158
0.9275314929740257
0.9198762290138923
0.9116074021236807
0.9027168992777426
0.8931664410085423
0.8829421848636841
0.8720503726349463
0.8604696264963285
0.8481956821358995
0.8352354633271697
0.8215810012221252
0.807265959629457
0.7922765072964052
0.7766411594534534
0.7603643114700548
0.7434906705384681
0.7260493700963244
0.7080316892950864
0.6895254750885831
0.6705841105177505
0.6512362997753813
0.6315404020972857
0.6115420332777577
0.5912905333285592
0.5708408159857328
0.5502441036003278
0.52960566794485
0.509018981143558
0.4884763128381695
0.46802202825069206
0.44778963685526785
0.42787022278151465
0.4082612427444139
0.38907044553890013
0.37027673190811317
0.3519766655464732
0.33417716500723627
0.31694698774562713
0.30031650340153593
0.28432629928249764
0.2690100700627629
0.2543805554216877
0.24035343265196185
0.22704370612951208
0.2143805668991835
0.20239924449279556
0.19112872879908183
0.18053379330275243
0.170607015387494
0.16130096639592817
0.1526420897584566
0.14460501554882765
0.13722155500808297
0.13046597213414823
0.12424920323253319
0.11856407500158472
0.1133332284674411
0.10858675872756507
0.10430779642026411
0.10045646977465583
0.09704148076484698
0.09395049237612385
0.09116173942204386
0.0886549291945733
0.08640165965160274
0.08444109214914564
0.08264235681479082
0.08099974406230015
0.0794886447807377
0.07808002426468885
0.07676440912511462
0.07549847412978528
0.07426284014852202
0.07302543893225133
0.07178099649335223
0.07053332803365664
0.06926643282371647
0.06794946624336728
0.06659032416458133
0.0651702005964454
0.06365209369447355
0.06204599024524127
0.06034346770359378
0.058544212663404704
0.05666167410065692
0.054710812727511327
0.05270422870586189
0.05062216125339414
0.048541158250526406
0.04639503255675659
0.04418875291965807
0.04189397111308546
0.039579317026266714
0.037263343907534385
0.03496710274481085
0.03271432663809304
0.03047560793747961
0.028370174905862466
0.026377573983529023
0.0245081461882114
0.022712220098815128
0.021070736584999694
0.019568917456070478
0.018186551136697537
0.01687367495936376
0.015738528110875283
0.014702070025239378
0.013781959968206747
0.013039097674542255
0.012418301145382782
0.011893713441082476
0.011416659669435392
0.011043122882191225
0.010736361736120026
0.010479906650981308
0.010298602382232791
0.010178467450868478
0.010112789712618309
0.010055032548089038
0.010033219485360068
0.01001397422917416
0.010003366425652138
0.00999541429704276
0.010028578190606208
0.010115259872148119
0.010197656496525265
0.010322219059388349
0.010435539590452958
0.010499892418174617
0.010500351333678104
0.010521823464651692
0.010580055888640194
0.010633212215862775
0.010712296745019834
0.01084504499655825
0.010953297935822337
0.011030295036600135
0.011070255050827482
0.011115617953564971
0.011136166359467237
0.011192427359354107
0.011241079336323567
0.011248233065605295
0.011304873368794821
0.011375650189450304
0.01148194076786535
0.011584953539524934
0.011703777798330761
0.011806678844405671
0.011928150568844997
0.012042429375868968
0.012227895262944433
0.012310871814311897
0.012360676594989406
0.012447337135137904
0.012547363468425887
0.012564068615806279
