0.7729643452640312
0.7630662982668036
0.7506159046642262
0.7377108195517572
0.724374740699024
0.7106299697085252
0.6964939398305581
0.6819819565466476
0.6671088982804882
0.6518901704285713
0.6363422635179428
0.6204830963156334
0.604332232340131
0.5879110138977315
0.5712426362686931
0.5543521739236292
0.5372665651610746
0.52001455876167
0.5026266249107201
0.48513483211761665
0.4675726918197812
0.44997497260800046
0.432377486431302
0.41481684965396737
0.3973302223871267
0.3799550300567699
0.3627286716609227
0.3456882195787482
0.328870116096454
0.31230987198768434
0.29604177251431807
0.2800985960890233
0.26451135056240815
0.24930903167194385
0.2345184076308514
0.22016383316371047
0.2062670955379815
0.19284729432755032
0.17992075580883016
0.16750098206509545
0.15559863409257568
0.14422154749040172
0.13337477869929926
0.12306067924769193
0.11327899507890393
0.10402698777239838
0.09529957433189085
0.0870894821843925
0.07938741610276712
0.07218223391303391
0.06546112805770765
0.0592098103387223
0.0534126974400414
0.04805309511494826
0.043113379203095215
0.03857517190766735
0.03441951200679094
0.030627017892024155
0.02717804251925149
0.02405281952498095
0.02123159990642265
0.0186947787906645
0.01642301193056117
0.014397321666814178
0.012599192190328456
0.011010654029199984
0.009614357772527726
0.008393637129412324
0.0073325615065903404
0.006415978371259179
0.00562954574610508
0.004959755259658305
0.004393946245606961
0.003920311447875302
0.0035278949428567685
0.003206582934925706
0.0029470881154948225
0.0027409282989202532
0.002580400060471888
0.0024585481024123057
0.002369131064871133
0.0023065844790445267
0.0022659815327888966
0.0022429922836386673
0.002233841913219514
0.0022352685710865794
0.002244481306592161
0.002259118535404059
0.002277207434406292
0.0022971246053787864
0.002317558295375277
0.0023374724108684575
0.0023560725138492833
0.0023727739421981475
0.0023871721537022106
0.00239901535378928
0.002408179431339974
0.0024146451950164405
0.0024184778745093283
0.002419808826852776
0.0024188193672868286
0.0024157266273258093
0.0024107713288894494
0.002404207353088439
0.0023962929746409456
0.002387283628198289
0.0023774260704528816
0.00236695380178531
0.0023560836128426743
0.0023450131249659334
0.002333919198052037
0.002322957085427624
0.0023122602221929967
0.002301940541032721
0.0022920892176049312
0.002282777756004273
0.002274059333397749
0.0022659703314822366
0.0022585319908765555
0.002251752132843343
0.002245626900553077
0.00224014247969484
0.002235276765234828
0.002231000947656714
0.0022272809980097286
0.0022240790365105623
0.002221354574291734
0.002219065622158567
0.0022171696639582406
0.002215624495311097
0.0022143889311214693
0.0022134233874790965
0.0022126903452471813
0.002212154703947866
0.0022117840354938245
0.0022115487478994167
0.002211422169359323
0.0022113805631903682
0.002211403083865915
0.002211471684071653
0.002211570982166844
0.0022116880988057863
0.002211812470793606
0.0022119356494382236
0.002212051089908962
0.0022121539372589316
0.0022122408139871874
0.002212309613236374
0.0022123593009274467
0.002212389729524311
0.0022124014653540636
0.0022123956309041404
0.0022123737629615725
0.0022123376869513933
0.0022122894075179422
0.0022122310149410573
0.0022121646067828626
0.0022120922239169394
0.002212015799871403
0.0022119371223771056
0.002211857805861306
0.0022117792736313646
0.0022117027484632734
0.0022116292503452373
0.002211559600167945
0.002211494428227323
0.002211434186461858
0.002211379163466476
0.0022113295014234424
0.0022112852141500383
0.0022112462056250726
0.002211212288420472
0.00221118320156799
0.0022111586274919937
0.0022111382077262265
0.0022111215571948284
0.0022111082769393775
0.002211097965192921
0.002211090226814094
0.0022110846810737828
0.002211080967882695
0.0022110787525387865
0.002211077729118993
0.0022110776226408335
0.0022110781901357734
0.0022110792207867824
0.002211080535272303
0.002211081984456076
0.002211083447569595
0.0022110848300055386
0.0022110860608468563
0.0022110870902297686
0.0022110878866382633
0.0022110884342071424
0.0022110887300968995
0.00221108878200571
0.0022110886058399615
0.002211088223593727
0.002211087661450062
0.0022110869481121176
0.0022110861133715076
0.0022110851869091563
0.0022110841973229656
0.002211083171368422
0.0022110821333883868
0.002211081104928403
0.002211080104498442
0.002211079147479089
0.0022110782461378653
0.002211077409733586
0.002211076644704768
0.0022110759549072156
0.00221107534188969
0.002211074805197999
0.002211074342684749
0.0022110739508206523
0.002211073625002835
0.002211073359828508
0.0022110731493699687
0.002211072987401419
0.0022110728676119074
0.0022110727837768573
0.002211072729912389
0.0022110727003807895
0.002211072689983884
0.002211072694026872
0.0022110727083548554
0.0022110727293639387
0.0022110727540084474
0.002211072779782053
0.002211072804682246
0.0022110728271860225
0.002211072846193929
0.002211072860985208
0.0022110728711665084
0.0022110728766224774
0.002211072877460918
0.002211072873968156
0.0022110728665624135
0.0022110728557560577
0.0022110728421155246
0.0022110728262347834
0.002211072808704251
0.0022110727900933602
0.0022110727709335753
0.00221107275170096
0.002211072732815733
0.002211072714631279
0.002211072697436589
0.0022110726814531523
0.0022110726668395086
0.0022110726536962444
0.0022110726420723203
0.002211072631969402
0.002211072623347854
0.002211072616139398
0.0022110726102494427
0.002211072605562747
0.0022110726019549665
0.0022110725992923186
0.0022110725974395784
0.0022110725962640743
0.002211072595641572
0.0022110725954501698
0.0022110725955833965
0.0022110725959453292
0.002211072596451813
0.0022110725970323486
0.0022110725976278722
0.0022110725981928647
0.002211072598692354
0.0022110725991021374
0.0022110725994065605
0.002211072599598629
0.0022110725996755676
0.0022110725996439262
0.0022110725995120317
0.0022110725992913194
0.0022110725989940017
0.002211072598636732
0.002211072598234609
0.002211072597800512
0.002211072597348984
0.0022110725968930156
0.0022110725964448186
0.0022110725960121647
0.0022110725956024924
0.0022110725952245724
0.002211072594879848
0.0022110725945713172
0.002211072594301533
0.0022110725940697185
0.0022110725938744302
0.00221107259371367
0.0022110725935858833
0.0022110725934875175
0.002211072593414798
0.002211072593364505
0.0022110725933335296
0.002211072593316543
0.0022110725933131015
0.0022110725933169872
0.0022110725933280895
0.0022110725933428554
0.002211072593359731
0.002211072593376495
0.0022110725933915942
0.002211072593406027
0.0022110725934165743
0.0022110725934236797
0.0022110725934282316
0.002211072593430785
0.0022110725934284536
0.0022110725934241238
0.0022110725934169073
0.0022110725934076925
0.0022110725933965902
0.0022110725933838227
0.002211072593371277
0.0022110725933591757
0.0022110725933469633
0.002211072593334751
0.0022110725933225384
0.002211072593311436
0.002211072593301111
0.002211072593291896
0.0022110725932842357
0.002211072593276797
0.0022110725932723563
0.0022110725932676933
0.0022110725932633635
0.002211072593261143
0.0022110725932588116
0.0022110725932575903
0.002211072593257035
0.0022110725932577013
0.0022110725932571462
0.0022110725932580344
0.0022110725932580344
0.0022110725932588116
0.0022110725932598108
0.002211072593260144
0.002211072593260144
0.002211072593260588
0.00221107259326081
0.002211072593261032
0.002211072593260588
0.002211072593261254
0.002211072593260588
0.002211072593260588
0.002211072593260366
0.0022110725932598108
0.0022110725932594777
0.0022110725932590336
0.0022110725932577013
0.0022110725932584785
0.0022110725932574793
0.002211072593257035
0.002211072593256147
0.002211072593256147
0.002211072593255814
0.00221107259325537
0.002211072593255703
0.002211072593255259
0.002211072593255481
0.0022110725932545927
0.002211072593255481
0.00221107259325537
0.0022110725932548148
0.002211072593255703
0.0022110725932549258
0.002211072593255814
0.002211072593255481
0.002211072593255481
0.002211072593255703
0.00221107259325537
0.002211072593255703
0.002211072593255703
0.002211072593255814
0.002211072593255703
0.002211072593255037
0.002211072593255814
0.002211072593255703
0.002211072593255481
0.0022110725932545927
0.002211072593255481
0.002211072593255814
0.002211072593255259
0.002211072593255481
0.002211072593255259
0.0022110725932549258
0.002211072593255814
0.002211072593255481
0.002211072593255481
0.002211072593255481
0.002211072593255037
0.002211072593255037
0.002211072593255037
0.0022110725932549258
0.002211072593255925
0.002211072593255259
0.002211072593255703
0.0022110725932548148
0.0022110725932549258
0.002211072593255037
0.0022110725932548148
0.002211072593255481
0.002211072593255481
0.002211072593255259
0.00221107259325537
0.002211072593255703
0.002211072593255259
0.002211072593255481
0.002211072593256147
0.002211072593255703
0.002211072593255814
0.00221107259325537
0.002211072593255259
0.002211072593255259
0.00221107259325537
0.002211072593255037
0.002211072593255481
0.002211072593255259
0.002211072593255037
0.0022110725932549258
0.00221107259325537
0.002211072593255481
0.002211072593256147
0.00221107259325537
0.00221107259325537
0.002211072593255037
0.00221107259325537
0.002211072593255814
0.002211072593255259
0.002211072593255259
0.002211072593255925
0.0022110725932549258
0.00221107259325537
0.00221107259325537
0.002211072593255703
0.002211072593255703
0.002211072593255037
0.002211072593255037
0.0022110725932549258
0.00221107259325537
0.0022110725932545927
0.00221107259325537
0.002211072593255259
0.002211072593255814
0.002211072593255481
0.00221107259325537
0.00221107259325537
0.002211072593255814
0.002211072593255481
0.0022110725932544817
0.0022110725932549258
0.002211072593255481
0.002211072593255259
0.002211072593255481
0.002211072593255259
0.002211072593255037
0.0022110725932549258
0.0022110725932549258
0.002211072593255703
0.002211072593255259
0.00221107259325537
0.0022110725932544817
0.002211072593255037
0.002211072593255925
0.002211072593255481
0.002211072593255814
0.002211072593255037
0.002211072593255814
0.002211072593255925
0.0022110725932549258
0.002211072593255259
0.00221107259325537
0.002211072593255481
0.002211072593255481
0.002211072593255037
0.002211072593255259
0.00221107259325537
0.002211072593255814
0.002211072593255259
0.002211072593255703
0.002211072593255481
0.00221107259325537
0.002211072593255814
0.002211072593255703
0.00221107259325537
0.002211072593255703
0.002211072593255037
0.00221107259325537
0.002211072593255481
0.002211072593255259
0.002211072593255037
0.00221107259325537
0.002211072593255814
0.00221107259325537
0.002211072593255703
0.002211072593256147
0.002211072593255481
0.002211072593255481
0.002211072593255037
0.002211072593255037
0.00221107259325537
0.0022110725932549258
