0.973215343345875
0.9541943853103385
0.9521591012079713
0.949893796217065
0.947532443335259
0.9450712103883321
0.9423691754362669
0.9395952617270855
0.9368739779888744
0.9340882847830225
0.9312472151317095
0.9283592086258186
0.9252915915670338
0.9221463067141374
0.9189035047576182
0.9155599236286571
0.9119508812139825
0.9082168987287812
0.9044778769576438
0.900627814715721
0.8966850279427615
0.8925851126999103
0.8883723958534262
0.8834250746097507
0.8783222892328582
0.8730814937778657
0.8679652470415791
0.8627271790514414
0.8573729691088722
0.8519078454176767
0.8463372191926999
0.8406726118947323
0.8349342570960916
0.829138144801979
0.823316151618269
0.8174916798792963
0.8116842705163183
0.8059095408030907
0.8001800169437919
0.7945061257245203
0.7888974618295433
0.7833643695382256
0.7776751874609164
0.7721019333377545
0.7666613685550167
0.7613670964575046
0.7562292639610485
0.7512547898154647
0.7464471783942161
0.7418058102766474
0.7370788689324006
0.7325440793234296
0.7281525454327912
0.7240012179498392
0.7201056228401777
0.7164883234449955
0.7131613918482363
0.7099592247695206
0.7070227009603886
0.7042911794902083
0.7017130544189749
0.6993561683867899
0.6972773679744958
0.6954108478322281
0.6937821004196532
0.6922877640516197
0.6911108723170225
0.6896253121866707
0.6884031249278253
0.6874227115199301
0.6866616812270634
0.6861051967138857
0.6855128982881298
0.6851332436391171
0.6849776563121424
0.6850760062263765
0.6840857606590136
0.6833635722629727
0.6828935581953666
0.6826424132170562
0.6825895413583216
0.6825183412130947
0.682671699063836
0.6823449289037115
0.6823032646859449
0.6818552658621044
0.6816534191486336
0.68167089899227
0.6818850009139492
0.6822895928029886
0.682051924321617
0.6817357808589288
0.681678056006409
0.6818979118061221
0.6824554417023073
0.6817405492660904
0.6814992639931137
0.6808830303616615
0.6808796257766676
0.6813967617510672
0.6809876701608302
0.6809806603653443
0.681355650310739
0.6811556124871633
0.6813449293485422
0.6819254281433583
0.6811748460594147
0.6808167896061181
0.6804769001812253
0.680492227115579
0.6805155021422556
0.6809497607644637
0.6803589331392768
0.6799129755890021
0.6800029923935054
0.6801012054104523
0.6805334552389064
0.6810038360346277
0.6818482059116027
0.681723117979911
0.6816287025679169
0.6813583374390013
0.6812401637308951
0.6812889040625943
0.6815137648588813
0.6818929176281903
0.6824539692142264
0.6826957228349041
0.6829299405308189
0.6837507365946343
0.6827636772432821
0.68248454903087
0.6825920205155955
0.6830083115383782
0.6836808532982814
0.6837386723540554
0.6833373610651154
0.6831573224995047
0.6832364393720076
0.6836140549166536
0.6843194404523675
0.6838394327825659
0.6831024176077125
0.6826960629645604
0.6823655897853576
0.6823676277996887
0.6826621192082682
0.6829117718676766
0.6834451760338001
0.6842652591348721
0.6848146801580957
0.6843780915570146
0.6844848308875828
0.6853956900403454
0.684352240052627
0.6845344478439966
0.6851193452934565
0.6856706104963406
0.6863991165649584
0.6863028814116907
0.6864542905852882
0.6868449967490551
0.6874618994306696
0.6878438209503099
0.6884536913944646
0.6889936990010335
0.6890300693166808
0.6893525162268526
0.6899662875389396
0.6909640243140223
0.6907986647035091
0.6909493376949025
0.691383076456395
0.6908866048542388
0.6904111803800146
0.6902210663553623
0.6902874832084042
0.6905458292444069
0.6910299259197703
0.6903543700559531
0.6900407715239485
0.6900660998131308
0.6899834481463806
0.6902246438702611
0.6907379710512361
0.6907885423625253
0.6911274233232736
0.6917220261355408
0.691614172049233
0.691451807533818
0.6916350399997969
0.6917568212924472
0.6908793224306603
0.690465284139572
0.6904638638832037
0.690172291949053
0.6898817584356514
0.6899243389900778
0.6895615852334308
0.6895620700680933
