1.527037440947263
1.5142675033891757
1.5093620152377902
1.5036973712784885
1.4972585246867496
1.490238269430648
1.482582126898017
1.4742800080348193
1.465177395656955
1.4554250263911634
1.444887475436608
1.4335820886274124
1.4213742575507067
1.4084366332567575
1.394798444005463
1.3804221719953693
1.3654409515750559
1.3498240125105232
1.3335989014022032
1.3167887401553016
1.299380961532681
1.2814787076000476
1.2631751355004568
1.2434344354986289
1.2230980451086162
1.2022343148702201
1.1809327672826855
1.1588097938894677
1.1362442308501426
1.1131294207974956
1.0899437721358884
1.0664485208789645
1.0426572818254
1.018572901591284
0.9934216622239207
0.9678944742707816
0.9420240375832372
0.9158260716678891
0.8893792894596593
0.8627785428119765
0.8364218790245677
0.8100773929624011
0.7836695987335216
0.7571890418337247
0.7307427407790524
0.7045193465526846
0.677968145936149
0.6517200269242668
0.6258950591882952
0.5987982469604938
0.572125824805108
0.5457727734800805
0.5196328572257544
0.49376497288652554
0.46823513964008084
0.44314093863965176
0.4185545933875281
0.39458107157284344
0.3713232729352015
0.34889574481461105
0.3268211315631497
0.30446944744254656
0.28335416028739
0.262830034585153
0.2439908241472553
0.22677361299323195
0.21087344142968578
0.19648100295769946
0.18309074120960447
0.17095212479185137
0.15910869963809968
0.14892201844799485
0.14057304143833052
0.13379711881221132
0.12525845030808236
0.11832644489529852
0.11288778129926207
0.10747846254854494
0.10256200771417132
0.09821836641571524
0.0946238680826845
0.0917788107921082
0.08975295740168128
0.0869437345907764
0.08465398732351238
0.08238672565459614
0.08041248257204225
0.0792387447263688
0.07886492184170978
0.07919058832357094
0.07886966117583195
0.07722018518459045
0.07519646298309196
0.07355004486176984
0.07145039583862307
0.0703356907049812
0.07012944777705102
0.07081429516796667
0.07061267142046403
0.07108527513423397
0.07230534666663939
0.06971338120899934
0.06889524262827285
0.06924398455781204
0.06902783506969432
0.0697116546893293
0.07074819018654344
0.07086336437676789
0.07125670278505229
0.07189713908373487
0.06936749396467999
0.0690050215475861
0.06790892139557889
0.06755235645720056
0.06710650777575883
0.06688532942868287
0.06707623283497006
0.06770864724574534
0.06829493479125952
0.06839382662349505
0.068856026351979
0.06966533296661855
0.06922405455718372
0.06878598027692087
0.0684745293231282
0.06859992811993817
0.06774729050283529
0.06757286721626843
0.06807608128047132
0.06826571226678259
0.06876199145007311
0.06839546731626032
0.06838529368026683
0.06897704984561981
0.06989946915374319
0.07104509524080937
0.07150019256412188
0.07004995504160183
0.06936910543954995
0.06884455606155873
0.06905297746298415
0.06994909065963863
0.07167359208136395
0.07058371267756021
0.07202107611516105
0.07293520110665443
0.07369680805386618
0.07446586367263634
0.07531259116047342
0.07517416115359277
0.07471377231192106
0.07462158412517673
0.07454196248830913
0.07484778594561071
0.07507285476507031
0.07568824381494531
0.07668731377309568
0.07743311233347584
0.07864392293523012
0.07837186272488435
0.07815160299054394
0.07780967772333137
0.07807912390247797
0.07894071421051944
0.0799726971184424
0.0806787446565537
0.08104244688443392
0.08113207230825163
0.08166730006480535
0.08115445397675011
0.08116608589414193
0.08131067925048825
0.0816067128123663
0.0817342253299234
0.08186633639729232
0.08189503413003615
0.08246941622917248
0.08336725496382487
0.08335583724762698
0.08417129488476771
0.0861224024794394
0.08483191595818207
0.08464571320911136
0.08550177930667978
0.08802473740333011
0.0860687141028894
0.08540711458915436
0.0848939071900648
0.08538131127070324
0.08596376103689661
0.08619196138146845
0.08615476070572918
0.08643236407723216
0.08637582981175237
0.08654179887883287
0.08675099295820488
0.0869501668172405
0.08670722027875452
0.0866657289809438
0.08718013297649842
