0.7658610479192107
0.9919149221463524
0.991728169605528
0.9912578358963261
0.9906033812227639
0.9897799932241397
0.9887812611719985
0.9875959102422974
0.9862145280995978
0.9846297504443582
0.9828330112812173
0.980812112953125
0.9785507761234016
0.9760291637133404
0.9732245173435009
0.970111630671687
0.9666631594786145
0.9628498294573711
0.9586405954640207
0.9540027888409413
0.9489022763210988
0.9433036458016326
0.9371704293559273
0.9304653708223146
0.9231507432536263
0.9151887198998759
0.9065418009210411
0.897173296515939
0.8870478655120473
0.8761321066437323
0.8643951977400586
0.8518095758617448
0.8383516491064783
0.8240025284006759
0.8087487651923985
0.7925830786521056
0.775505053889845
0.7575217909374773
0.7386484829592759
0.7189089014824728
0.6983357665135208
0.6769709803428139
0.6548657057307337
0.632080272064186
0.6086838969802859
0.5847542158202617
0.5603766169856326
0.535643387636741
0.5106526809517729
0.4855073230450623
0.4603134842748243
0.435179245675413
0.41021309625098545
0.38552240051888786
0.3612118777053276
0.3373821341763582
0.31412828895212985
0.2915387285513491
0.2696940221316436
0.24866602124357529
0.22851716091966479
0.20929997076349494
0.19105679670215325
0.17381972661024514
0.15761070653014997
0.1424418290199968
0.12831577144676143
0.11522635985655816
0.10315923331591803
0.09209258413621602
0.0819979509015365
0.07284104341348208
0.06458258123967042
0.057179130232825615
0.0505839239572744
0.044747659270525264
0.039619257281658604
0.035146582531277226
0.031277114545703366
0.027958566979322086
0.025139450456418744
0.022769576038989325
0.02080049704706355
0.01918588778884167
0.01788185864046199
0.016847207847037082
0.01604361137605259
0.015435753107026273
0.014991398546414625
0.014681416073811016
0.014479750418816884
0.014363353611506091
0.014312079026785107
0.014308544349665886
0.01433796932954845
0.01438799408042446
0.014448483440054782
0.01451132254799814
0.01457020836455103
0.014620441355209679
0.014658721031221567
0.014682948486870018
0.0146920385260918
0.014685743439271426
0.014664489986884632
0.014629230678545269
0.014581310009583959
0.01452234593625834
0.014454126536734613
0.014378521518427223
0.014297407992188593
0.014212609738626925
0.014125849038926774
0.014038710029228851
0.013952612460650271
0.013868794702889709
0.01378830481471327
0.013711998515482104
0.013640542925101307
0.013574424991246392
0.013513963589399047
0.013459324359549107
0.013410536430229492
0.01336751027304306
0.013330056026131465
0.013297901720896732
0.013270710940430974
0.013248099528807789
0.013229651056071212
0.013214930823213789
0.013203498263818059
0.01319491766356673
0.013188767175252747
0.013184646155172453
0.013182180886617267
0.013181028788338711
0.013180881230311914
0.013181465096683276
0.013182543246952672
0.013183914031952404
0.013185410021738453
0.013186896098925538
0.013188267063843795
0.013189444888133672
0.013190375741435667
0.013191026902552694
0.013191383652192745
0.013191446229857795
0.013191226922943833
0.01319074734201131
0.013190035922910792
0.013189125684082259
0.013188052256187466
0.013186852191307108
0.0131855615503923
0.01318421476047238
0.013182843727249538
0.013181477184197377
0.013180140255921402
0.013178854211364999
0.013177636381191626
0.013176500213452513
0.01317545544199028
0.013174508343164693
0.01317366205805881
0.013172916959216963
0.013172271043275785
0.0131717203331293
0.013171259275829517
0.013170881124769718
0.013170578297154845
0.013170342699967086
0.013170166019698892
0.013170039973030234
0.013169956517245063
0.01316990802059781
0.013169887394026136
0.013169888186522094
0.013169904647212127
0.013169931757695541
0.013169965238493675
0.013170001533641784
0.013170037777421206
0.013170071747160783
0.013170101805760281
0.013170126837345641
0.013170146179094733
0.013170159551879501
0.013170166991999799
0.01317016878583288
0.013170165408888046
0.013170157470303145
0.0131701456635539
0.013170130723771045
0.01317011339182328
0.01317009438507577
0.013170074374555085
0.013170053968069806
0.013170033698770567
0.013170014018519915
