0.9640424629894225
0.9286126750368753
0.9246307414964043
0.9203083699273203
0.9155533031594214
0.9103697992108709
0.9049532569917526
0.8993327585616125
0.8935349484308059
0.8874256396170301
0.8811876957889799
0.8747593908968303
0.8679684599359312
0.8609681245392306
0.8534127436475413
0.8455494157115901
0.837748235350644
0.8296794043015234
0.8213743287055093
0.8128866074897565
0.8042848410733195
0.7943903452235233
0.7833548483308161
0.7721074107387125
0.7605734591464913
0.7492970701316821
0.7377360685406733
0.7258238963730633
0.713583191273809
0.7010654324014589
0.6883246506897029
0.6754081458352077
0.6623210339913052
0.6503463317803797
0.638522885833666
0.6266298697775861
0.6147497323338282
0.6029420380538295
0.5911156008007667
0.5794957972447545
0.5681314023757473
0.5562997456654574
0.5448073690099029
0.5338951375363755
0.520887929631398
0.5089455811168062
0.4973407817236639
0.48626283832623385
0.4757526169819065
0.4650077052972389
0.4548685323480167
0.44495383589396253
0.4358430538199408
0.4275341662004767
0.4197239648356119
0.41271027615739264
0.40637676125920863
0.40023730920212486
0.39455487663538136
0.38956172064274963
0.3851852149658973
0.3804610668468371
0.37605143177868117
0.3718625862072932
0.36827351760192784
0.36508541635704717
0.3624469974339021
0.36032491428448665
0.3584481660458897
0.35655987519127363
0.35513580180043136
0.35323869524349694
0.35170128168506165
0.3506303737529627
0.3499507847459644
0.3491944214468242
0.3486780931970953
0.3480880499842667
0.347716485044137
0.34667971510833706
0.34589856782106676
0.3453566999908467
0.34493902042871294
0.3447473261297459
0.3447594302555823
0.3449446180295147
0.34491497131275484
0.3442430073897521
0.34352245918258983
0.3430598659137176
0.3428315527014718
0.3428107794733044
0.34296864346794487
0.3432750802527026
0.343179841070245
0.3425324088420678
0.34210043026687575
0.34186652474980506
0.3418237799214524
0.34197106385428355
0.3415572977489397
0.3413592478366093
0.34136400179574855
0.3409442870398095
0.3407819362790404
0.34057264726222825
0.34061750161789817
0.3409035123775399
0.34092964018152183
0.34075553469908537
0.34083792406321667
0.3406108368799089
0.3405648948927005
0.34082110215002837
0.34133971638978977
0.341660995535757
0.34152795330553976
0.34160818369092305
0.3413170832689838
0.34100435968519505
0.34094929498249715
0.3411375482014143
0.34156105263117076
0.3422151254254615
0.34240546445820974
0.3421489964482075
0.34161232463991464
0.34139177987681957
0.3414443146794177
0.341291351889092
0.34136666634072055
0.3416582927118169
0.3421552376997178
0.3428471000951544
0.3430429423990491
0.34353436434100515
0.3428217993077014
0.34246510489495774
0.3423998429649936
0.342564231916912
0.34290707395083264
0.3433937593560401
0.34333494275339804
0.3435365946475626
0.3432996037319511
0.34336974292840217
0.3432332363411519
0.3434239621290607
0.34387380078798724
0.3438237499827762
0.34402420759967856
0.34447856905869445
0.34518144171856924
0.3448904229594276
0.3448851825163699
0.3447195118682468
0.34424856042186025
0.34417063373890544
0.34446696386039755
0.3451681409701691
0.34569188199185574
0.34648331234013996
0.346005981616083
0.34546932005088693
0.34538466054140404
0.34574496996018045
0.34653033930138466
0.34720204152374357
0.34823160306460776
0.34968900568511996
0.34961402904939753
0.3480548429201711
0.3471146755431982
0.3463907717012904
0.34637488116458026
0.34708057676589577
0.3470876058322313
0.3483274317640985
0.3509279661986553
0.3533147140087374
0.35273392083799926
0.35195200510794766
0.3500562846562353
0.3494875261559509
0.34849374762664054
0.34816507837099075
0.3484606975598582
0.34885042369561203
0.34979701508245487
0.34996948929222005
0.35079869009496434
0.3505622065517061
0.35085464751756557
0.3510458232209075
0.34982546301566597
0.34910593285772173
0.34884298904727806
0.34899285472338704
0.34951508343145554
0.3503762119697994
