0.8064907450951636
0.7264383472345317
0.7254652913040875
0.7244897579473955
0.723512064275994
0.7225322956633128
0.7215504768476217
0.7205666101695458
0.7195806880192785
0.7185926978957071
0.7176026247976623
0.716610452488091
0.7156161642238794
0.7146197432084684
0.713621172889592
0.7126204371647813
0.7116175205287005
0.7106124081818124
0.709605086112047
0.7085955411567499
0.7075837610496285
0.7065697344558743
0.7055534509976847
0.704534901271805
0.7035140768603174
0.7024909703356492
0.7014655752605821
0.7004378861839368
0.6994078986324985
0.6983756090997
0.6973410150315102
0.6963041148099416
0.6952649077345521
0.694223394002278
0.6931795746859166
0.6921334517115374
0.6910850278350807
0.6900343066183825
0.6889812924048277
0.6879259902948283
0.6868684061212892
0.685808546425209
0.6847464184315453
0.6836820300254554
0.6826153897290057
0.6815465066784319
0.6804753906020085
0.6794020517985906
0.678326501116856
0.6772487499352917
0.6761688101429326
0.6750866941208764
0.6740024147245693
0.672915985266876
0.6718274195019067
0.6707367316096118
0.6696439361811131
0.6685490482047594
0.6674520830528858
0.666353056469249
0.6652519845571185
0.6641488837679912
0.6630437708909076
0.6619366630423402
0.6608275776566217
0.6597165324768937
0.6586035455465364
0.657488635201064
0.6563718200604505
0.6552531190218613
0.6541325512527694
0.6530101361844252
0.6518858935056597
0.6507598431570045
0.6496320053250895
0.6485024004373203
0.6473710491567943
0.6462379723774563
0.6451031912194585
0.6439667270247187
0.6428286013526618
0.6416888359761206
0.6405474528773927
0.63940447424443
0.6382599224671628
0.6371138201339288
0.6359661900280142
0.6348170551242809
0.6336664385858854
0.6325143637610688
0.6313608541800206
0.6302059335517962
0.6290496257612914
0.6278919548662685
0.6267329450944159
0.62557262084045
0.6244110066632496
0.6232481272830088
0.6220840075784224
0.620918672583882
0.6197521474866929
0.6185844576243
0.6174156284815215
0.6162456856877951
0.615074655014417
0.6139025623717962
0.6127294338066953
0.6115552954994821
0.610380173761363
0.6092040950316255
0.6080270858748633
0.6068491729782033
0.6056703831485137
0.604490743309611
0.6033102804994546
0.6021290218673279
0.6009469946710124
0.5997642262739449
0.5985807441423678
0.5973965758424655
0.5962117490374834
0.5950262914848437
0.5938402310332362
0.5926535956197101
0.5914664132667402
0.5902787120792892
0.5890905202418542
0.5879018660155009
0.5867127777348857
0.5855232838052673
0.5843334126995048
0.5831431929550464
0.5819526531709074
0.580761822004636
0.579570728169271
0.57837940043029
0.5771878676025461
0.5759961585471993
0.5748043021686393
0.5736123274113978
0.5724202632570576
0.5712281387211542
0.5700359828500716
0.5688438247179302
0.5676516934234745
0.5664596180869552
0.5652676278470055
0.5640757518575175
0.5628840192845177
0.5616924593030361
0.5605011010939795
0.5593099738410001
0.5581191067273696
0.5569285289328503
0.5557382696305708
0.5545483579839017
0.553358823143336
0.5521696942433754
0.5509810003994153
0.5497927707046417
0.5486050342269282
0.5474178200057451
0.5462311570490703
0.5450450743303137
0.5438596007852432
0.5426747653089266
0.5414905967526835
0.5403071239210389
0.5391243755686981
0.537942380397531
0.5367611670535648
0.5355807641239945
0.5344012001342051
0.5332225035448108
0.5320447027487056
0.5308678260681323
0.5296919017517685
0.5285169579718256
0.5273430228211726
0.5261701243104724
0.5249982903653372
0.5238275488235067
0.5226579274320462
0.5214894538445587
0.5203221556184303
0.5191560602120846
0.5179911949822704
0.5168275871813623
0.5156652639546966
0.5145042523379173
0.5133445792543603
0.512186271512453
0.5110293558031425
0.5098738586973512
0.5087198066434588
0.5075672259648094
0.5064161428572462
0.505266583386679
0.50411857348667
0.5029721389560611
0.5018273054566198
0.5006840985107219
0.4995425434990589
0.49840266565837876
0.4972644900792602
0.49612804170391167
0.49499334532400685
0.49386042557855103
0.4927293069517781
0.4916000137710841
0.4904725702049869
0.4893470002611281
0.4882233277842981
0.48710157645450736
0.48598176978507623
0.4848639311207762
0.4837480836359903
0.48263425033291807
0.48152245403981364
0.48041271740925395
0.4793050629164517
0.4781995128575931
0.4770960893482198
0.4759948143216435
0.47489570952739435
0.47379879652971235
0.4727040967060664
0.4716116312457167
0.47052142114830875
0.469433487222508
0.46834785008466906
0.46726453015754144
0.4661835476690128
0.46510492265088965
0.46402867493771394
0.46295482416561595
0.4618833897712046
0.46081439099049726
0.45974784685788384
0.45868377620512424
0.4576221976603926
0.4565631296473468
0.4555065903842439
0.4544525978830878
0.4534011699488105
0.4523523241785017
0.45130607796065625
0.4502624484744784
0.449221452689205
0.4481831073634769
0.44714742904473637
0.4461144340686698
0.44508413855868045
0.4440565584253947
0.44303170936621306
0.4420096068648802
0.4409902661911108
0.43997370240023104
0.4389599303328644
0.4379489646146505
0.43694081965599907
0.4359355096518708
0.43493304858160575
0.43393345020876584
0.4329367280810309
0.43194289553011156
0.4309519656717027
0.42996395140546995
0.4289788654150617
0.4279967201681606
0.42701752791656045
0.426041300696279
0.4250680503276961
0.42409778841572965
0.42313052635003434
0.42216627530523787
0.42120504624119703
0.420246849903293
0.41929169682275136
0.41833959731698955
0.4173905614899921
0.4164445992327177
0.41550172022353216
0.41456193392866536
0.41362524960269775
0.41269167628907655
0.4117612228206491
0.4108338978202354
0.4099097097012101
0.4089886666681207
0.4080707767173307
0.40715604763767665
0.4062444870111619
0.4053361022136647
0.40443090041567376
0.4035288885830445
0.40263007347777824
0.40173446165882476
0.40084205948290486
0.3999528731053513
0.39906690848097737
0.39818417136496176
0.39730466731374703
0.3964284016859744
0.39555537964341914
0.39468560615195614
0.3938190859825407
0.39295582371220605
0.3920958237250801
0.39123909021342107
0.3903856271786639
0.38953543843248817
0.3886885275979034
0.38784489811034073
0.387004553218775
0.3861674959868445
0.385333729293999
0.38450325583665446
0.38367607812936233
0.38285219850599406
0.38203161912093686
0.3812143419503037
0.38040036879315353
0.3795897012727202
0.37878234083766615
0.37797828876332284
0.37717754615296983
0.3763801139391053
0.3755859928847254
0.3747951835846325
0.3740076864667269
0.37322350179332875
0.3724426296624912
0.37166507000933835
0.3708908226073955
0.3701198870699388
0.3693522628513426
0.36858794924843963
0.3678269454018884
0.36706925029753645
0.36631486276780456
0.3655637814930627
0.3648160050030195
0.36407153167811257
0.36333035975090466
0.3625924873074836
0.36185791228886277
0.3611266324923945
0.36039864557317247
0.35967394904545136
0.358952540284058
0.35823441652581034
0.357519574870938
0.35680801228450265
0.3560997255978233
0.3553947115098959
0.3546929665888211
0.35399448727322935
0.3532992698737075
0.3526073105742211
0.3519186054335447
0.3512331503866858
0.3505509412463039
0.349871973704143
0.34919624333244925
0.34852374558538834
0.3478544758004736
0.3471884291999773
0.34652560089234674
0.34586598587361717
0.345209579028826
0.3445563751334174
0.343906368854646
0.343259554752982
0.34261592728350854
0.3419754807973153
0.34133820954289085
0.34070410766750914
0.3400731692186133
0.3394453881451952
0.33882075829916947
0.3381992734367395
0.3375809272197694
0.336965713217138
0.33635362490609955
0.33574465567362577
0.33513879881775865
0.33453604754894073
0.3339363949913551
0.33333983418424884
0.33274635808325526
0.3321559595617085
0.33156863141195225
0.3309843663466435
0.3304031570000442
0.329824995929317
0.329249875615802
0.3286777884662956
0.3281087268143188
0.32754268292137834
0.32697964897822007
0.32641961710607836
0.32586257935791696
0.3253085277196561
0.3247574541114028
0.32420935038866616
0.32366420834356846
0.3231220197060426
0.32258277614503195
0.32204646926967284
0.32151309063047284
0.3209826317204816
0.3204550839764555
0.3199304387800024
0.31940868745873774
0.31888982128741794
0.3183738314890635
0.3178607092360882
0.31735044565140813
0.31684303180954176
0.3163384587377083
0.31583671741691377
0.3153377987830285
0.314841693727855
0.31434839310019136
0.31385788770688106
0.3133701683138549
0.31288522564717003
0.31240305039402927
0.31192363320380156
0.31144696468903155
0.31097303542643473
0.31050183595788894
0.31003335679141975
0.309567588402167
0.3091045212333533
0.30864414569723475
0.30818645217605345
0.30773143102296807
0.30727907256298403
0.30682936709387576
0.30638230488709317
0.3059378761886683
0.30549607122010103
0.30505688017925225
0.30462029324121087
0.30418630055916374
0.30375489226525454
0.30332605847143157
0.3028997892702846
0.30247607473588023
0.3020549049245864
0.3016362698758773
0.30122015961314785
0.3008065641445058
0.3003954734635603
0.2999868775502005
0.29958076637137043
0.29917712988182155
0.2987759580248778
0.2983772407331716
0.297980967929389
0.29758712952698874
0.2971957154309278
0.296806715538371
0.2964201197393965
0.29603591791768835
0.29565409995122083
0.2952746557129434
0.294897575071445
0.29452284789161765
0.2941504640353152
0.2937804133619881
0.293412685729336
0.29304727099392514
0.2926841590118152
0.2923233396391782
0.2919648027328964
0.29160853815116605
0.29125453575408855
0.29090278540424974
0.2905532769672994
0.29020600031251764
0.28986094531337436
0.28951810184808624
0.2891774598001534
0.28883900905890825
0.2885027395200388
0.28816864108611595
0.2878367036671038
0.2875069171808775
0.2871792715537178
0.2868537567208107
0.2865303626267296
0.2862090792259212
0.28588989648317653
0.28557280437409904
0.28525779288556186
0.28494485201616726
0.28463397177668703
0.28432514219050187
0.284018353294042
0.28371359513720595
0.28341085778378294
0.28311013131187124
0.2828114058142801
0.2825146713989294
0.2822199181892494
0.28192713632456734
0.28163631596048766
0.2813474472692721
0.28106052044020347
0.2807755256799548
0.28049245321294647
0.28021129328169636
0.2799320361471671
0.27965467208910777
0.279379191406385
0.2791055844173146
0.2788338414599866
0.27856395289257607
0.27829590909366264
0.2780297004625337
0.2777653174194826
0.2775027504061137
0.27724198988561854
0.27698302634307614
0.27672585028572094
0.27647045224322486
0.2762168227679608
0.27596495243527397
0.2757148318437367
0.27546645161540173
0.27521980239605615
0.27497487485546257
0.27473165968760027
0.2744901476109013
0.27425032936847515
0.274012195728344
0.27377573748365547
0.2735409454529002
0.2733078104801292
0.2730763234351544
0.2728464752137535
0.27261825673787454
0.27239165895581985
0.2721666728424409
0.27194328939932955
0.27172149965498826
0.2715012946650148
0.271282665512277
0.2710656033070741
0.2708500991873084
0.2706361443186438
0.27042372989466656
0.270212847137031
0.27000348729561796
0.269795641648671
0.269589301502949
0.2693844581938566
0.2691811030855801
0.26897922757121995
0.26877882307291756
0.2685798810419806
0.26838239295899935
0.2681863503339682
0.2679917447063952
0.2677985676454151
0.2676068107498947
0.2674164656485365
0.2672275239999796
0.2670399774928951
0.26685381784608
0.2666690368085537
0.26648562615963434
0.2663035777090347
0.26612288329693634
0.2659435347940725
0.2657655241017989
0.26558884315217357
0.26541348390801867
0.2652394383629938
0.2650666985416571
0.26489525649952717
0.2647251043231432
0.2645562341301173
0.26438863806919144
0.26422230832028937
0.26405723709456064
0.26389341663442567
0.2637308392136245
0.26356949713725397
0.26340938274180425
0.26325048839519816
0.2630928064968189
0.2629363294775491
0.2627810497997932
0.26262695995750274
0.2624740524762096
0.262322319913034
0.26217175485671584
0.2620223499276294
0.2618740977777937
0.2617269910908874
0.2615810225822667
0.2614361849989657
0.26129247111970644
0.26114987375490717
0.2610083857466797
0.26086799996883414
0.26072870932687586
0.2605905067580069
0.2604533852311167
0.26031733774677435
0.26018235733722983
0.260048437066391
0.25991557002982313
0.2597837493547268
0.25965296819992645
0.25952321975585757
0.2593944972445388
0.25926679391955776
0.2591401030660476
0.25901441800066716
0.25888973207157007
0.25876603865837844
0.25864333117216287
0.2585216030554003
0.2584008477819567
0.25828105885704267
0.25816222981718495
0.25804435423019434
0.2579274256951195
0.2578114378422177
0.25769638433291453
0.2575822588597555
0.25746905514637064
0.25735676694743226
0.2572453880486072
0.2571349122665073
0.2570253334486532
0.2569166454734132
0.2568088422499645
0.25670191771823403
0.25659586584885563
0.2564906806431061
0.256386356132862
0.25628288638053875
0.25618026547903483
0.25607848755167517
0.25597754675215245
0.2558774372644689
0.25577815330287645
0.2556796891118118
0.2555820389658403
0.25548519716958573
0.25538915805767226
0.255293915994654
0.25519946537495575
0.25510580062279864
0.2550129161921372
0.25492080656659166
0.2548294662593743
0.2547388898132231
0.25464907180032703
0.2545600068222579
0.25447168950989607
0.2543841145233584
0.25429727655191936
0.25421117031394314
0.25412579055680506
0.25404113205681156
0.2539571896191303
0.25387395807770563
0.25379143229518597
0.25370960716284296
0.2536284776004888
0.2535480385564003
0.25346828500723395
0.25338921195795006
0.25331081444172376
0.2532330875198717
0.2531560262817574
0.2530796258447151
0.25300388135396545
0.25292878798252627
0.2528543409311328
0.2527805354281476
0.25270736672947536
0.252634830118477
0.2525629209058827
0.25249163442970124
0.2524209660551352
0.25235091117449004
0.25228146520709027
0.25221262359918073
0.25214438182384213
0.25207673538090436
0.2520096797968493
0.25194321062472114
0.25187732344403946
0.25181201386070384
0.2517472775068986
0.2516831100410114
0.2516195071475238
0.25155646453693603
0.25149397794566075
0.25143204313593415
0.25137065589572216
0.2513098120386278
0.2512495074037894
0.25118973785579657
0.25113049928458564
0.2510717876053522
0.25101359875844675
0.25095592870928796
0.2508987734482623
0.25084212899062486
0.2507859913764098
0.2507303566703305
0.2506752209616806
0.25062058036423884
0.25056643101617515
0.2505127690799488
0.25045959074220925
0.2504068922137087
0.2503546697291902
0.25030291954730355
0.25025163795049676
0.2502008212449236
0.2501504657603443
0.2501005678500242
0.25005112389063966
0.2500021302821782
0.24995358344783913
0.24990547983393385
0.2498578159097895
0.24981058816764845
0.24976379312256825
0.24971742731232816
0.2496714872973228
0.2496259696604679
0.2495808710071007
0.2495361879648761
0.24949191718367736
0.24944805533550551
0.2494045991143904
0.24936154523628173
0.24931889043895972
0.24927663148192625
0.24923476514631615
0.24919328823478704
0.2491521975714296
0.24911149000166144
0.2490711623921339
0.24903121163062736
0.24899163462595675
0.2489524283078698
0.24891358962695131
0.24887511555451913
0.2488370030825302
0.24879924922348007
0.24876185101030357
0.2487248054962775
0.24868810975492106
0.24865176087989782
0.24861575598491825
0.24858009220363986
0.24854476668956904
0.2485097766159673
0.2484751191757466
0.24844079158137633
0.2484067910647828
0.248373114877256
0.24833976028934612
0.24830672459076852
0.2482740050903125
0.2482415991157333
0.24820950401366415
0.24817771714951575
0.24814623590737872
0.24811505768992947
0.24808417991833231
0.24805360003214627
0.24802331548922252
0.247993323765615
0.24796362235548342
0.24793420877099448
0.24790508054222904
0.24787623521708868
0.24784767036119726
0.2478193835578062
0.24779137240770321
0.24776363452911399
0.24773616755761196
0.2477089691460227
0.24768203696432478
0.2476553686995665
0.24762896205576235
0.24760281475380774
0.2475769245313808
0.2475512891428503
0.2475259063591856
0.24750077396786363
0.2474758897727728
0.24745125159412573
0.24742685726836733
0.24740270464807834
0.2473787916018919
0.24735511601439575
0.24733167578604354
0.24730846883306645
0.24728549308737946
0.24726274649649582
0.24724022702343051
0.2472179326466195
0.24719586135982008
0.24717401117203242
0.2471523801074028
0.24713096620513675
0.2471097675194155
0.2470887821193034
0.24706800808865792
0.24704744352604813
0.24702708654466576
0.24700693527223383
0.24698698785092577
0.2469672424372754
0.2469476972020913
0.24692835033037352
0.24690920002122263
0.24689024448776087
0.2468714819570419
0.2468529106699674
0.24683452888120383
0.24681633485909948
0.24679832688559544
0.2467805032561463
0.24676286227963484
0.24674540227829223
0.24672812158760793
0.2467110185562561
0.2466940915460074
0.24667733893164856
0.2466607591009028
0.24664435045434452
0.24662811140532082
0.2466120403798736
0.2465961358166514
0.24658039616683658
0.24656481989406276
0.24654940547433568
0.24653415139595192
0.2465190561594216
0.24650411827739216
0.24648933627456604
0.24647470868762456
0.24646023406515027
0.24644591096754975
0.24643173796697437
0.24641771364724774
0.24640383660378562
0.24639010544351958
0.24637651878482458
0.24636307525743995
0.24634977350239762
0.24633661217194314
0.24632358992946257
0.2463107054494117
0.24629795741723626
0.24628534452930284
0.24627286549282423
0.24626051902578394
0.2462483038568677
0.24623621872539003
0.24622426238121742
0.24621243358470457
0.2462007311066149
0.24618915372805728
0.24617770024040853
0.24616636944524795
0.24615516015428118
0.24614407118927728
0.24613310138199518
0.24612224957411744
0.2461115146171755
0.24610089537248692
0.24609039071108807
0.24607999951365755
0.2460697206704595
0.24605955308126648
0.2460494956553041
0.24603954731116973
0.24602970697678017
0.24601997358929728
0.24601034609506434
0.24600082344954
0.24599140461723834
0.2459820885716537
0.2459728742952102
0.24596376077918236
0.24595474702364617
0.24594583203740428
0.24593701483792818
0.24592829445129494
0.24591966991212466
0.24591114026351413
0.24590270455698693
0.24589436185241664
0.2458861112179752
0.24587795173007088
0.24586988247328245
0.24586190254030937
0.24585401103189986
0.24584620705680027
0.2458384897316911
0.2458308581811286
0.24582331153748893
0.24581584894090724
0.24580846953921798
0.24580117248790267
0.2457939569500267
0.24578682209618619
0.24577976710445004
0.24577279116030182
0.24576589345658595
0.24575907319345036
0.2457523295782904
0.24574566182569868
0.2457390691574025
0.2457325508022148
0.24572610599597489
0.2457197339815025
0.24571343400853607
0.24570720533368207
0.2457010472203649
0.24569495893876792
0.24568893976578854
0.24568298898497964
0.24567710588650005
0.2456712897670652
0.24566553992989204
0.24565985568464976
0.24565423634741224
0.2456486812405997
0.24564318969293897
0.24563776103940194
0.24563239462117104
0.2456270897855749
0.24562184588604963
0.24561666228208257
0.24561153833917526
0.24560647342878206
0.24560146692827267
0.24559651822087936
0.24559162669565004
0.24558679174740616
0.24558201277669056
0.2455772891897251
0.24557262039836159
0.24556800582003702
0.24556344487772963
0.24555893699991682
0.2455544816205193
0.24555007817886898
0.24554572611965708
0.2455414248928952
0.24553717395386443
0.24553297276308117
0.24552882078624794
0.24552471749420945
0.24552066236291648
0.2455166548733757
0.24551269451161462
0.24550878076863436
0.24550491314037315
0.24550109112766005
0.2454973142361765
0.24549358197641835
0.24548989386365017
0.24548624941786745
0.2454826481637591
0.24547908963066334
0.24547557335253323
0.2454720988678929
0.24546866571980042
0.24546527345581326
0.24546192162794134
0.2454586097926197
0.24545533751066018
0.24545210434722264
0.24544890987177148
0.24544575365804222
0.245442635284003
0.24543955433181897
0.24543651038781578
0.24543350304244316
0.245430531890241
0.2454275965298015
