0.8062087603802012
0.7314776771477571
0.7304844048763437
0.7294879676732855
0.7284888323425813
0.7274872049934802
0.7264831851994435
0.7254768223797459
0.7244681396208839
0.7234571450699567
0.7224438379369509
0.7214282119079856
0.7204102572102455
0.7193899619268624
0.7183673128709327
0.717342296187911
0.7163148977835898
0.7152851036358834
0.714252900026546
0.7132182737160011
0.7121812120765778
0.7111417031945266
0.7100997359480443
0.7090553000664657
0.708008386174394
0.7069589858235961
0.705907091514836
0.7048526967113498
0.7037957958453259
0.7027363843185161
0.7016744584979009
0.7006100157072066
0.6995430542149426
0.6984735732195515
0.6974015728321747
0.6963270540574881
0.6952500187729953
0.6941704697071331
0.6930884104164892
0.6920038452624
0.690916779387173
0.6898272186901275
0.6887351698036426
0.6876406400693602
0.6865436375146774
0.685444170829637
0.6843422493443139
0.6832378830067654
0.6821310823616147
0.6810218585293117
0.6799102231861058
0.6787961885447618
0.6776797673360262
0.676560972790863
0.67543981862345
0.674316319014939
0.6731904885979623
0.6720623424418785
0.6709318960387367
0.6697991652899355
0.6686641664935589
0.6675269163323596
0.6663874318623679
0.665245730502096
0.66410183002231
0.6629557485363442
0.6618075044909246
0.6606571166574833
0.659504604123923
0.6583499862868161
0.6571932828440108
0.6560345137876076
0.6548736993973012
0.6537108602340438
0.6525460171340209
0.6513791912029157
0.6502104038104333
0.6490396765850786
0.6478670314091532
0.6466924904139719
0.6455160759752618
0.6443378107087483
0.6431577174658989
0.6419758193298155
0.6407921396112639
0.6396067018448266
0.6384195297851691
0.6372306474034015
0.6360400788835407
0.634847848619047
0.6336539812094368
0.6324585014569641
0.6312614343633542
0.6300628051265933
0.6288626391377599
0.6276609619778994
0.6264577994149265
0.6252531774005603
0.6240471220672823
0.6228396597253152
0.6216308168596154
0.6204206201268796
0.6192090963525607
0.6179962725278878
0.6167821758068934
0.6155668335034383
0.6143502730882371
0.6131325221858805
0.6119136085718517
0.6106935601695382
0.6094724050472347
0.6082501714151358
0.6070268876223206
0.6058025821537241
0.6045772836270986
0.6033510207899602
0.6021238225165222
0.6008957178046179
0.599666735772602
0.5984369056562477
0.5972062568056156
0.5959748186819214
0.5947426208543778
0.5935096929970283
0.592276064885559
0.5910417663941034
0.5898068274920272
0.5885712782406962
0.587335148790237
0.586098469376277
0.5848612703166749
0.5836235820082329
0.582385434923403
0.5811468596069731
0.5799078866727445
0.5786685468002004
0.5774288707311577
0.57618888926641
0.5749486332623646
0.5737081336276655
0.5724674213198058
0.5712265273417394
0.5699854827384774
0.5687443185936811
0.5675030660262499
0.5662617561868986
0.5650204202547358
0.5637790894338337
0.5625377949497947
0.56129656804632
0.5600554399817681
0.5588144420257173
0.5575736054555269
0.5563329615528994
0.5550925416004386
0.5538523768782144
0.5526124986603289
0.5513729382114834
0.5501337267835511
0.5488948956121555
0.5476564759132507
0.5464184988797096
0.5451809956779217
0.5439439974443934
0.5427075352823596
0.541471640258407
0.5402363433991
0.5390016756876244
0.537767668060442
0.5365343514039482
0.5353017565511582
0.5340699142783907
0.5328388553019792
0.5316086102749895
0.5303792097839564
0.529150684345638
0.5279230644037856
0.5266963803259315
0.5254706624001957
0.524245940832115
0.523022245741485
0.5217996071592321
0.5205780550242991
0.5193576191805556
0.5181383293737332
0.516920215248382
0.5157033063448511
0.5144876320962917
0.5132732218256939
0.5120601047429358
0.510848309941873
0.5096378663974432
0.5084288029628097
0.5072211483665214
0.5060149312097117
0.5048101799633227
0.5036069229653537
0.5024051884181522
0.5012050043857255
0.5000063987910861
0.4988093994136321
0.4976140338865579
0.4964203296942956
0.4952283141699928
0.49403801449302365
0.4928494576865311
0.49166267061500857
0.49047767998191305
0.48929451232731
0.48811319402556597
0.48693375128306404
0.4857562101359614
0.48458059644798523
0.4834069359082628
0.4822352540291899
0.481065576144338
0.47989792740639603
0.4787323327851539
0.47756881706552556
0.4764074048456014
0.47524812053475574
0.4740909883517782
0.47293603232305015
0.471783276280766
0.47063274386118403
0.46948445850292664
0.4683384434453115
0.4671947217267335
0.46605331618307566
0.4649142494461703
0.46377754394229165
0.46264322189069873
0.4615113053022114
0.4603818159778299
0.459254775507392
0.4581302052682795
0.4570081264241558
0.45588855992374666
0.4547715264996679
0.45365704666728524
0.45254514072362195
0.45143582874630195
0.45032913059253477
0.44922506589814715
0.4481236540766407
0.4470249143183115
0.4459288655893888
0.4448355266312243
0.44374491595952226
0.4426570518636074
0.44157195240573077
0.4404896354204174
0.43941011851385425
0.4383334190633158
0.4372595542166301
0.43618854089168113
0.43512039577595074
0.43405513532610396
0.43299277576760586
0.4319333330943792
0.4308768230684995
0.42982326121993075
0.4287726628462908
0.4277250430126631
0.42668041655143807
0.42563879806219407
0.4246002019116153
0.42356464223344126
0.4225321329284566
0.42150268766451515
0.42047631987659595
0.41945304276689577
0.4184328693049588
0.4174158122278332
0.41640188404027123
0.41539109701494936
0.4143834631927332
0.4133789943829721
0.41237770216381786
0.4113795978825874
0.4103846926561464
0.40939299737133317
0.4084045226854002
0.4074192790265022
0.40643727659419915
0.4054585253599995
0.40448303506792593
0.40351081523511145
0.4025418751524227
0.4015762238851138
0.40061387027350703
0.39965482293369614
0.39869909025827865
0.39774668041712047
0.3967976013581306
0.3958518608080802
0.39490946627342927
0.3939704250411924
0.39303474417981354
0.3921024305400763
0.391173490756033
0.3902479312459529
0.3893257582132996
0.3884069776477208
0.38749159532607
0.38657961681344055
0.38567104746422276
0.38476589242318204
0.3838641566265565
0.38296584480316964
0.38207096147556896
0.3811795109611723
0.3802914973734449
0.3794069246230807
0.37852579641921014
0.37764811627061845
0.37677388748698426
0.37590311318012926
0.3750357962652858
0.37417193946237925
0.3733115452973237
0.3724546161033303
0.3716011540222329
0.37075116100582084
0.36990463881718905
0.3690615890321004
0.3682220130403525
0.36738591204716786
0.36655328707458434
0.36572413896286193
0.36489846837189344
0.36407627578263757
0.3632575614985428
0.3624423256469993
0.3616305681807853
0.36082228887952505
0.36001748735116057
0.3592161630334235
0.358418315195316
0.35762394293860156
0.3568330451992966
0.35604562074917034
0.3552616681972539
0.35448118599134815
0.3537041724195388
0.3529306256117203
0.35216054354111537
0.3513939240258064
0.35063076473026544
0.34987106316688876
0.3491148166975355
0.34836202253506243
0.34761267774487625
0.3468667792464628
0.3461243238149456
0.34538530808262535
0.34464972854052855
0.34391758153995466
0.3431888632940274
0.3424635698792383
0.3417416972370003
0.341023241175188
0.34030819736969387
0.3395965613659645
0.3388883285805514
0.3381834943026508
0.33748205369564377
0.3367840017986399
0.33608933352800563
0.335398043678905
0.3347101269268281
0.3340255778291191
0.33334439082649947
0.3326665602445932
0.33199208029543825
0.3313209450790068
0.33065314858470884
0.3299886846929002
0.3293275471763816
0.32866972970189623
0.3280152258316168
0.3273640290246359
0.32671613263844324
0.32607152993039945
0.32543021405920847
0.32479217808637795
0.32415741497767814
0.32352591760459326
0.32289767874576114
0.32227269108842294
0.32165094722984255
0.32103243967873707
0.3204171608566958
0.31980510309958954
0.31919625865897305
0.31859061970348224
0.3179881783202294
0.3173889265161697
0.31679285621949305
0.3161999592809758
0.3156102274753455
0.31502365250263187
0.31444022598950416
0.3138599394906084
0.31328278448989055
0.3127087524019152
0.31213783457317623
0.31157002228339137
0.31100530674679705
0.3104436791134294
0.30988513047040345
0.30932965184316974
0.3087772341967754
0.30822786843710925
0.30768154541214365
0.3071382559131579
0.3065979906759616
0.3060607403821032
0.3055264956600713
0.30499524708648895
0.304466985187294
0.30394170043891
0.30341938326941487
0.3029000240596925
0.3023836131445746
0.3018701408139811
0.3013595973140425
0.3008519728482145
0.3003472575783892
0.2998454416259858
0.29934651507304333
0.2988504679632923
0.29835729030322655
0.2978669720631615
0.297379503178279
0.2968948735496687
0.2964130730453528
0.29593409150131456
0.2954579187224956
0.2949845444838052
0.2945139585311072
0.29404615058219585
0.2935811103277747
0.29311882743241224
0.29265929153549475
0.29220249225216544
0.2917484191742613
0.29129706187123405
0.29084840989105787
0.2904024527611392
0.28995917998920806
0.28951858106420125
0.2890806454571394
0.2886453626219886
0.2882127219965199
0.2877827130031507
0.28735532504978856
0.28693054753065494
0.2865083698270997
0.2860887813084174
0.28567177133264376
0.28525732924734226
0.28484544439039183
0.2844361060907561
0.28402930366924595
0.2836250264392728
0.28322326370759787
0.28282400477506087
0.28242723893731403
0.28203295548553753
0.2816411437071493
0.2812517928865018
0.2808648923055793
0.2804804312446797
0.28009839898308453
0.27971878479973145
0.27934157797386605
0.27896676778569407
0.2785943435170187
0.278224294451875
0.27785660987715366
0.27749127908321236
0.27712829136448847
0.27676763602009335
0.276409302354406
0.2760532796776515
0.2756995573064801
0.27534812456453583
0.27499897078300506
0.2746520853011791
0.2743074574669878
0.273965076637543
0.2736249321796608
0.2732870134703823
0.2729513098974877
0.2726178108600017
0.2722865057686855
0.27195738404653635
0.27163043512926055
0.2713056484657562
0.27098301351857856
0.2706625197643989
0.2703441566944642
0.27002791381503843
0.26971378064784357
0.2694017467304993
0.2690918016169407
0.2687839348778369
0.26847813610101434
0.26817439489185535
0.2678727008736942
0.26757304368821433
0.26727541299584046
0.26697979847610476
0.2666861898280305
0.26639457677049805
0.2661049490426032
0.26581729640400986
0.2655316086353062
0.26524787553833684
0.26496608693654944
0.26468623267531777
0.26440830262226767
0.26413228666759647
0.2638581747243878
0.26358595672891594
0.26331562264094577
0.26304716244403237
0.2627805661458096
0.2625158237782722
0.26225292539805733
0.2619918610867217
0.2617326209510006
0.2614751951230808
0.2612195737608527
0.260965747048164
0.26071370519506953
0.2604634384380683
0.26021493704034837
0.259968191292011
0.25972319151030865
0.25947992803985587
0.2592383912528543
0.2589985715493057
0.2587604593572177
0.25852404513280736
0.258289319360706
0.25805627255414476
0.25782489525514996
0.257595178034732
0.25736711149305813
0.2571406862596365
0.25691589299348394
0.2566927223832991
0.2564711651476226
0.2562512120349991
0.2560328538241322
0.2558160813240341
0.2556008853741799
0.2553872568446446
0.2551751866362476
0.2549646656806859
0.25475568494066747
0.2545482354100418
0.2543423081139181
0.2541378941087967
0.2539349844826746
0.2537335703551703
0.25353364287762503
0.2533351932332176
0.25313821263706215
0.25294269233630706
0.2527486236102363
0.2525559977703624
0.2523648061605077
0.2521750401569033
0.25198669116826544
0.2517997506358748
0.25161421003365725
0.25143006086825503
0.2512472946791009
0.2510659030384822
0.2508858775516071
0.25070720985666883
0.2505298916249036
0.25035391456064415
0.25017927040137655
0.25000595091779054
0.24983394791382596
0.249663253226717
0.2494938587270391
0.24932575631874376
0.2491589379391993
0.24899339555922329
0.2488291211831174
0.24866610684869228
0.24850434462730053
0.24834382662386012
0.24818454497686737
0.2480264918584365
0.24786965947429607
0.24771404006381825
0.24755962590002678
0.24740640928960944
0.24725438257292287
0.24710353812400487
0.24695386835057398
0.24680536569403444
0.24665802262947512
0.24651183166566648
0.24636678534505707
0.2462228762437726
0.2460800969715985
0.2459384401719773
0.24579789852199374
0.24565846473236386
0.2455201315474146
0.24538289174507122
0.2452467381368364
0.24511166356776615
0.244977660916453
0.24484472309499827
0.244712843048983
0.24458201375744737
0.24445222823285429
0.2443234795210616
0.2441957607012909
0.24406906488608804
0.24394338522129255
0.24381871488599816
0.24369504709251277
0.24357237508632223
0.2434506921460433
0.2433299915833812
0.24321026674309165
0.24309151100292892
0.24297371777359444
0.24285688049869814
0.2427409926547015
0.2426260477508695
0.24251203932921372
0.24239896096444513
0.2422868062639124
0.24217556886754832
0.24206524244781502
0.24195582070964117
0.24184729739036148
0.24173966625965904
0.2416329211195034
0.24152705580408673
0.24142206417975454
0.24131794014494823
0.24121467763013138
0.24111227059773155
0.2410107130420599
0.2409099989892517
0.2408101224971929
0.2407110776554443
0.2406128585851789
0.2405154594390967
0.24041887440136211
0.24032309768752302
0.2402281235444298
0.24013394625017315
0.24004056011399133
0.2399479594762023
0.23985613870811762
0.23976509221196884
0.23967481442081973
0.23958529979848897
0.23949654283947064
0.23940853806884432
0.23932128004219833
0.23923476334553795
0.239148982595207
0.23906393243779978
0.23897960755007397
0.23889600263886257
0.23881311244099113
0.23873093172318105
0.23864945528197135
0.2385686779436188
0.23848859456401383
0.23840920002858912
0.238330489252228
0.23825245717917198
0.23817509878292953
0.23809840906618163
0.23802238306069246
0.2379470158272078
0.23787230245537216
0.23779823806362366
0.2377248177991037
0.23765203683755987
0.2375798903832541
0.23750837366885869
0.23743748195536496
0.23736721053198606
0.23729755471605352
0.2372285098529302
0.2371600713158989
0.23709223450607098
0.23702499485228923
0.23695834781102
0.23689228886626434
0.23682681352944857
0.23676191733932705
0.2366975958618851
0.23663384469023374
0.23657065944450595
0.2365080357717647
0.23644596934588835
0.23638445586748247
0.23632349106376427
0.23626307068847063
0.23620319052174776
0.2361438463700547
0.23608503406605508
0.2360267494685141
0.2359689884621986
0.23591174695777273
0.23585502089168797
0.23579880622608662
0.23574309894869305
0.23568789507271382
0.2356331906367256
0.23557898170457958
0.2355252643652882
0.23547203473292655
0.23541928894652253
0.23536702316995817
0.23531523359185647
0.2352639164254834
0.2352130679086365
0.23516268430354292
0.2351127618967528
0.23506329699903628
0.23501428594527207
0.2349657250943462
0.2349176108290475
0.23486993955595736
0.23482270770534674
0.23477591173106882
0.23472954811045765
0.2346836133442154
0.23463810395630913
0.23459301649386977
0.23454834752708031
0.23450409364906966
0.23446025147581262
0.23441681764601985
0.23437378882103166
0.23433116168471335
0.23428893294335218
0.23424709932554644
0.23420565758210465
0.234164604485937
0.23412393683195398
0.23408365143695464
0.2340437451395232
0.2340042147999336
0.23396505730002737
0.23392626954312312
0.2338878484539021
0.2338497909783106
0.23381209408344938
0.2337747547574739
0.23373777000948148
0.23370113686942295
0.23366485238797796
0.2336289136364681
0.23359331770674252
0.23355806171107918
0.23352314278207575
0.23348855807255386
0.23345430475545204
0.23342038002371535
0.2333867810902054
0.2333535051875889
0.2333205495682339
0.23328791150411188
0.23325558828669413
0.23322357722684706
0.2331918756547321
0.23316048091970265
0.23312939039020464
0.23309860145367056
0.23306811151642248
0.233037918003569
0.2330080183589045
0.23297841004480835
0.23294909054214263
0.2329200573501553
0.2328913079863787
0.2328628399865269
0.2328346509044006
0.2328067383117821
0.23277909979834455
0.2327517329715415
0.23272463545651745
0.23269780489600633
0.23267123895023145
0.23264493529680863
0.23261889163065164
0.2325931056638667
0.23256757512566495
0.23254229776225588
0.2325172713367576
0.23249249362909863
0.2324679624359155
0.23244367557046675
0.23241963086253092
0.232395826158311
0.23237225932034022
0.23234892822738884
0.23232583077436508
0.23230296487222557
0.23228032844787838
0.23225791944408736
0.2322357358193855
0.23221377554797085
0.23219203661962373
0.232170517039607
0.23214921482857775
0.23212812802249394
0.23210725467252014
0.2320865928449395
0.2320661406210588
0.23204589609711979
0.23202585738421122
0.23200602260817116
0.23198638990950327
0.23196695744328322
0.23194772337907066
0.23192868590082083
0.23190984320679453
0.23189119350946852
0.23187273503545114
0.23185446602538706
0.23183638473387813
0.2318184894293901
0.23180077839416935
0.23178324992415134
0.23176590232887884
0.23174873393141582
0.23173174306825783
0.23171492808924976
0.2316982873574983
0.2316818192492901
0.23166552215400416
0.23164939447403254
0.231633434624691
0.2316176410341365
0.23160201214328868
0.23158654640574083
0.23157124228768
0.23155609826780887
0.23154111283725454
0.2315262844994983
0.231511611770284
0.2314970931775432
0.23148272726131547
0.2314685125736632
0.23145444767859658
0.23144053115199092
0.231426761581509
0.23141313756652293
0.23139965771803206
0.23138632065859233
0.23137312502222684
0.2313600694543615
0.2313471526117371
0.23133437316233818
0.23132172978531462
0.2313092211709099
0.2312968460203737
0.23128460304590182
0.23127249097055225
0.2312605085281666
0.231248654463308
0.23123692753117409
0.23122532649753147
0.23121385013863927
0.23120249724117892
0.23119126660217393
0.23118015702892836
0.2311691673389472
0.2311582963598665
0.23114754292938022
0.2311369058951751
0.23112638411485442
0.2311159764558689
0.231105681795448
0.23109549902052884
0.23108542702768953
0.23107546472307627
0.23106561102233725
0.23105586485055463
0.23104622514217688
0.23103669084094625
0.23102726089984138
0.23101793428100093
0.23100870995566147
0.23099958690408895
0.2309905641155181
0.23098164058808057
0.2309728153287428
0.23096408735324025
0.23095545568601572
0.23094691936015044
0.2309384774173031
0.2309301289076453
0.23092187288980348
0.23091370843078185
0.2309056346059224
0.23089765049881927
0.23088975520127375
0.23088194781322358
0.23087422744268793
0.23086659320570124
0.23085904422625514
0.2308515796362397
0.23084419857538185
0.2308369001911862
0.23082968363887346
0.23082254808132996
0.23081549268903656
0.23080851664002322
0.23080161911980068
0.23079479932131053
0.23078805644486433
0.23078138969808526
0.23077479829585457
0.23076828146025985
0.2307618384205249
0.23075546841297134
0.23074917068094958
0.23074294447479327
0.23073678905175976
0.23073070367597426
0.23072468761838705
0.23071874015670024
0.2307128605753347
0.23070704816536514
0.23070130222446827
0.23069562205687832
0.23069000697332365
0.23068445629098422
0.23067896933343401
0.23067354543059615
0.2306681839186856
0.23066288414016423
0.23065764544368506
0.23065246718404742
0.23064734872214787
0.23064228942492304
0.23063728866531008
0.23063234582219394
0.23062746028035752
0.23062263143043893
0.2306178586688753
0.2306131413978666
0.23060847902531367
0.2306038709647905
0.23059931663547806
0.2305948154621339
0.23059036687503542
0.23058597030993988
0.23058162520803938
0.23057733101591094
0.23057308718547553
0.23056889317395513
0.23056474844382502
0.23056065246277202
0.23055660470364814
0.2305526046444314
0.23054865176818007
0.23054474556299098
0.23054088552195795
0.23053707114312483
0.23053330192945054
0.23052957738876412
0.23052589703372084
0.2305222603817655
0.23051866695508993
0.2305151162805933
0.2305116078898406
0.23050814131902264
0.23050471610891632
0.230501331804847
0.23049798795664955
0.23049468411862695
0.23049141984951305
0.2304881947124343
0.2304850082748704
0.23048186010862015
0.2304787497897598
