0.9707924584854157
0.9471902708120901
0.9446153243879948
0.9417071362745025
0.9386050270050211
0.9353624441147104
0.9320034220187675
0.9285882187430756
0.9249478956770092
0.9212371333098385
0.9174544065666848
0.9135911772841708
0.9094767933892763
0.9050254731435253
0.9005970124758689
0.8960026759535292
0.8912502739531197
0.8863456144654048
0.8814478210584611
0.8764255063767137
0.8713156253032824
0.8653949663041871
0.8590142742109301
0.852391974980758
0.8455496385204871
0.8384909730631497
0.8312244971718871
0.8241037152872004
0.8168153448813826
0.8093880827863268
0.8018558521111281
0.7942558351107194
0.7866256286992203
0.7789462813283539
0.7712842073961574
0.7636637189133375
0.75610648472804
0.7486310812175085
0.7412519892882282
0.7339797200125695
0.7268222216976723
0.719786886219884
0.7128825640198415
0.7057386834115245
0.6987687966685936
0.6919886744247767
0.6854149810019234
0.67907051295918
0.6729954330340413
0.667272827513824
0.661695542683459
0.6561401716898831
0.6502269910862513
0.6448369839937058
0.6398398366713327
0.6354116051333787
0.6315322292624989
0.6281887535256931
0.6247571521109417
0.6218479635987331
0.61916111980507
0.6164705324886071
0.6139721210196012
0.6115525417948656
0.6095035844284984
0.607820811186188
0.6062084400673196
0.6048961530427175
0.6035653025538362
0.6024196089049796
0.6015881951629942
0.6008407103569653
0.6002711092515725
0.5998157560242541
0.5995703619506856
0.599349600069258
0.5993645895077107
0.599666062496387
0.5997841716850525
0.601320249604786
0.6011281873141745
0.6010282759671157
0.6007419353881146
0.6006582982716299
0.6008345900752812
0.6002796600913358
0.5994412390762556
0.5989237196131902
0.5987175864164962
0.5987934327438036
0.5988867929524048
0.5992260831274614
0.5997851390479021
0.6002999942465791
0.5996415141628725
0.5993061861553857
0.5992910189903984
0.5996074841156034
0.6002488373412429
0.6005047995624035
0.6009976260220613
0.6018494011006119
0.60309137362962
0.6036682208372426
0.604812516349673
0.6027508665570158
0.600695590113117
0.599445350684795
0.5990793310983171
0.5991650844441145
0.5994993188541581
0.6002485139605265
0.6003892389409748
0.6005361951505177
0.6008470119765943
0.601665930797995
0.6005184879426412
0.5999469172133525
0.5999334471888949
0.6000860844106104
0.5999810666284215
0.6000722485848053
0.6007227261914556
0.6024362901872511
0.6017874447200329
0.6016537098993198
0.600484464256387
0.599862278970572
0.5993615064153452
0.598603196630338
0.5983042110548669
0.5983815182953024
0.5982933690738612
0.598400278122061
0.5986675532115565
0.5990262122332495
0.5995302711751389
0.5988516062477511
0.5984888971753454
0.5977734255067534
0.597059068495416
0.5966890806302414
0.5966408196594546
0.5968807855549663
0.5971281248127073
0.5976190444285283
0.5983119783523785
0.5991706362612166
0.5997991856639966
0.5987390077351581
0.5979474094141269
0.5974126727663074
0.5971196539880614
0.5969050933616589
0.5968914516399056
0.5970549682464728
0.5969764129141859
0.5970940403565106
0.5971917371352156
0.5974615146209865
0.5972999370437789
0.5973495579299936
0.597588977714282
0.5979976290406241
0.597166984234585
0.5966376530962345
0.5963826645108226
0.5963713205886607
0.5965707394500617
0.5969479305383242
0.5969547449605058
0.5969408905105574
0.5971227558550325
0.5974738730753008
0.5974492070398028
0.5975869565689358
0.5978747565721388
0.5983016335004954
0.5974287071158637
0.5968439770904865
0.5965283898912912
0.5964577329349796
0.5966040583838277
0.5969377025076408
0.597429501139418
0.5970023013272512
0.596519172446476
0.5962390001146898
0.5961418462460333
0.5962086167905687
0.5964217279761546
0.5967656186488189
0.5968507259303191
0.5967068681174973
0.5964881803323727
0.5964825262485591
0.5961094314172555
0.5959860679568056
0.5960758358057565
0.5963436038784651
