0.999849998211807
0.9998116913001969
0.9997639042805421
0.9997048153172301
0.9996328884859911
0.9995463276025932
0.9994432619887814
0.9993212792113014
0.9991787472403432
0.9990138388862452
0.9988236203594587
0.998604899659822
0.9983541948392779
0.9980687672043435
0.9977451150252598
0.9973803132283491
0.9969715090437603
0.9965135263962126
0.9960043164725975
0.9954379098138416
0.9948086926058871
0.9941120906592689
0.99334468213047
0.9924983108260869
0.9915699870238972
0.9905502582191286
0.9894306645394285
0.9882144804422971
0.9868912693116892
0.9854521811655563
0.9838908221393089
0.9821973429241241
0.9803528130117439
0.9783729225419053
0.9762380223784365
0.9739349146106079
0.9714625076731478
0.9688022858581409
0.9659582509328675
0.9629095362390897
0.9596480421029904
0.9561644334567155
0.9524490512841398
0.9485012828662885
0.9443139560291838
0.9398843190904358
0.9352007729470047
0.9303002001526857
0.9251581425896686
0.9197957307010036
0.9141797027824629
0.9083348377360592
0.9022339459679494
0.8959018018935212
0.8893085685929808
0.8825276170579057
0.8755278052951286
0.8683415443854864
0.8609219217704079
0.8533090238435731
0.8455004360483427
0.8374693498646859
0.8292569135470416
0.820864228036812
0.8123215653637502
0.8036529119636724
0.7947607949050011
0.7857847688475501
0.7767291129124376
0.7676581254594046
0.7585362148537043
0.749361273794174
0.7401513165664253
0.7308511317256192
0.721584680494153
0.7123296958123836
0.7031123352796967
0.6939041350007453
0.6847086793361767
0.675640368877304
0.6666168924586482
0.6576680573216527
0.6488655859804813
0.640297882769747
0.6318560742608008
0.6235019818759338
0.6152726151305925
0.6072131120687422
0.5994148320805689
0.5917725692045911
0.5843373367055972
0.5772290556065369
0.5702653042764394
0.5633984143675665
0.5567111534609154
0.5503070809084978
0.5439189004064346
0.5378055667106517
0.5319792614289698
0.5262789569326141
0.5206376988530226
0.5150227219417793
0.5096690748406403
0.5045504207709475
0.49968179555057657
0.49506110915625134
0.49046036956186356
0.4861424390612308
0.4818723914612254
0.4778113164388773
0.47380806334536407
0.46990282756007995
0.466240363958489
0.4628154365667576
0.45937718469410327
0.45607243371041795
0.4529296597033402
0.44996713708114067
0.4472659741518408
0.44469215513805527
0.44217299433358104
0.4395352873503182
0.4370255316667411
0.4346637983406576
0.43238546799248934
0.43021126333496507
0.4281275144400237
0.42606362144447674
0.42413647059791026
0.422310895195679
0.4204000918469323
0.41863079181265894
0.4170570182202572
0.4156277903479616
0.4142443664506291
0.4130428795058535
0.4118857715896166
0.4107668484719601
0.40968421400388233
0.4086297573510891
0.4074444710194761
0.40624189824453294
0.40523444709816336
0.4041786843299118
0.4032401658413344
0.4021794270920158
0.40130539705604273
0.4006693851549933
0.40018808923665117
0.39968991533649334
0.3991388358088974
0.3987467723784345
0.39817517581688056
0.3977445221320629
0.39757694437432145
0.3973897668223817
0.39723476139461433
0.3971627073114683
0.39697787267453855
0.396952755900696
0.39680831751898327
0.3967109067245891
0.3963562966761325
0.3963158090230705
0.39652611517498304
0.3963060012692562
0.396155370315309
0.39593894495375015
0.39582409544118713
0.39577591442400284
0.39574976258537875
0.395796094629869
0.3957543001821834
0.3956444027669751
0.3957778653274917
0.39581875428624025
0.3956019828665278
0.3955288893466944
0.39557420313019886
0.39553865595477555
0.3954898158014085
0.3955282019701898
0.3956799250444798
0.395865079675074
0.3961410837350483
0.39618545962660623
0.39624297845610545
0.3963337742169961
0.396490246969056
0.3965070462820858
0.39669466131082876
0.39681429719668093
0.39689511250001996
0.39691985301163324
0.39690334622935686
0.3967762345112039
0.3968389687429833
0.39690160923385787
0.3967905963071413
0.3967738718142574
