0.8060955080081533
0.7326523457317822
0.7316542693877146
0.7306528593571717
0.729648621990509
0.7286417931956719
0.7276324906619891
0.7266207750904708
0.7256066768755554
0.7245902090564085
0.7235713741965312
0.7225501683149893
0.7215265832713269
0.7205006082862219
0.7194722309525796
0.7184414379320734
0.717408215449561
0.7163725496528617
0.7153344268798812
0.7142938338600473
0.713250757867858
0.7122051868406418
0.7111571094689282
0.7101065152654276
0.7090533946169981
0.7079977388228584
0.7069395401215501
0.7058787917085929
0.7048154877463886
0.703749623367633
0.7026811946732856
0.7016101987259702
0.7005366335395529
0.6994604980655457
0.6983817921768829
0.6973005166495658
0.6962166731425977
0.6951302641765791
0.694041293111298
0.6929497641226003
0.6918556821787889
0.6907590530167768
0.6896598831181787
0.6885581796855134
0.687453950618645
0.6863472044915939
0.6852379505298094
0.6841261985879878
0.6830119591285031
0.681895243200499
0.6807760624196859
0.6796544289488713
0.6785303554792347
0.6774038552123727
0.6762749418430976
0.6751436295430076
0.6740099329447993
0.6728738671273262
0.6717354476013768
0.6705946902961522
0.6694516115464262
0.6683062280803611
0.6671585570079475
0.6660086158100518
0.664856422328034
0.6637019947539153
0.6625453516210591
0.6613865117953508
0.6602254944668311
0.6590623191417733
0.6578970056351652
0.656729574063577
0.6555600448383914
0.6543884386593619
0.6532147765084937
0.6520390796442048
0.6508613695957672
0.6496816681579904
0.6484999973861394
0.647316379591065
0.6461308373345325
0.6449433934247273
0.6437540709119269
0.6425628930843286
0.6413698834640056
0.6401750658029992
0.6389784640795195
0.6377801024942467
0.6365800054667314
0.6353781976318751
0.6341747038364847
0.6329695491358971
0.6317627587906576
0.6305543582632562
0.629344373214906
0.6281328295023596
0.626919753174767
0.6257051704705519
0.6244891078143227
0.623271591813795
0.6220526492567369
0.6208323071079218
0.6196105925060935
0.618387532760936
0.6171631553500478
0.6159374879159161
0.614710558262888
0.6134823943541452
0.6122530243086648
0.6110224763981777
0.6097907790441197
0.6085579608145726
0.6073240504211894
0.6060890767161182
0.6048530686889013
0.6036160554633712
0.602378066294528
0.6011391305654001
0.5998992777838978
0.598658537579642
0.5974169397007838
0.5961745140108077
0.5949312904853172
0.5936872992088049
0.5924425703714091
0.5911971342656519
0.589951021283162
0.5887042619113869
0.5874568867302812
0.5862089264089905
0.584960411702512
0.5837113734483452
0.582461842563132
0.581211850039274
0.5799614269415474
0.5787106044037009
0.5774594136250417
0.5762078858670094
0.5749560524497439
0.5737039447486372
0.5724515941908825
0.571199032252006
0.5699462904523995
0.5686934003538402
0.5674403935560042
0.5661873016929764
0.5649341564297514
0.5636809894587334
0.5624278324962286
0.5611747172789361
0.5599216755604415
0.5586687391076968
0.5574159396975089
0.5561633091130258
0.5549108791402233
0.5536586815643896
0.5524067481666184
0.5511551107202988
0.5499038009876116
0.5486528507160309
0.5474022916348287
0.5461521554515871
0.5449024738487167
0.5436532784799819
0.542404600967036
0.541156472895965
0.5399089258138374
0.5386619912252739
0.5374157005890177
0.536170085314525
0.5349251767585643
0.5336810062218296
0.5324376049455728
0.5311950041082418
0.5299532348221467
0.5287123281301309
0.52747231500227
0.5262332263325802
0.524995092935751
0.523757945543897
0.5225218148033264
0.5212867312713352
0.5200527254130198
0.5188198275981146
0.51758806809785
0.5163574770818338
0.5151280846149633
0.5138999206543517
0.5126730150462919
0.5114473975232374
0.510223097700812
0.5090001450748542
0.5077785690184777
0.5065583987791722
0.5053396634759246
0.5041223920963751
0.5029066134940026
0.5016923563853395
0.5004796493472219
0.4992685208140646
0.4980589990751745
0.4968511122721003
0.4956448883960023
0.494440355285071
0.4932375406219712
0.4920364719313228
0.4908371765772185
0.489639681760775
0.4884440145177221
0.48725020171602695
0.4860582700535542
0.4848682460557667
0.4836801560734597
0.48249402628053606
0.4813098826718173
0.4801277510608942
0.4789476570780161
0.47776962616802054
0.4765936835882991
0.4754198544068039
0.4742481635000978
0.47307863555143725
0.4719112950489027
0.47074616628356514
0.46958327334769134
0.4684226401329975
0.46726429032893757
0.46610824742103085
0.4649545346892393
0.4638031752063754
0.462654191836564
0.4615076072337293
0.4603634438401414
0.45922172388499105
0.45808246938301134
0.4569457021331419
0.4558114437172315
0.4546797154987855
0.4535505386217552
0.452423934009364
0.45129992236298133
0.4501785241610382
0.4490597596579746
0.4479436488832428
0.44683021164034165
0.44571946750589553
0.4446114358287748
0.44350613572925845
0.4424035860982357
0.44130380559644766
0.44020681265377326
0.43911262546855356
0.4380212620069547
0.4369327400023776
0.435847076954898
0.43476429013075424
0.43368439656186986
0.4326074130454224
0.43153335614344146
0.43046224218245255
0.42939408725315875
0.4283289072101608
0.42726671767171087
0.42620753401951117
0.425151371398547
0.4240982447169537
0.42304816864592965
0.42200115761967316
0.4209572258353681
0.4199163872531998
0.41887865559640536
0.41784404435135936
0.41681256676770406
0.41578423585849766
0.4147590644004123
0.41373706493395657
0.41271824976373794
0.4117026309587498
0.4106902203527031
0.4096810295443797
0.40867506989802604
0.40767235254376966
0.4066728883780798
0.40567668806424284
0.4046837620328839
0.4036941204825043
0.4027077733800627
0.4017247304615742
0.4007450012327419
0.3997685949696199
0.39879552071930136
0.397825787300632
0.3968594033049553
0.3958963770968834
0.3949367168150878
0.3939804303731289
0.3930275254602942
0.39207800954247785
0.3911318898630717
0.39018917344388715
0.38924986708610043
0.38831397737121776
0.38738151066206383
0.3864524731037956
0.38552687062493574
0.38460470893842535
0.3836859935426984
0.38277072972278214
0.3818589225514103
0.38095057689015466
0.38004569739058436
0.37914428849543735
0.3782463544398095
0.377351899252365
0.3764609267565583
0.3755734405718837
0.37468944411512506
0.37380894060163705
0.37293193304663397
0.3720584242664916
0.37118841688007054
0.3703219133100478
0.3694589157842645
0.368599426337087
0.3677434468107784
0.3668909788568876
0.3660420239376442
0.3651965833273706
0.3643546581138972
0.36351624920000203
0.3626813573048425
0.36184998296541504
0.3610221265380099
0.3601977881996863
0.35937696794974616
0.3585596656112253
0.3577458808323847
0.35693561308821553
0.35612886168194535
0.3553256257465601
0.354525904246321
0.3537296959782935
0.3529369995738857
0.35214781350038626
0.35136213606250455
0.3505799654039258
0.34980129950885985
0.349026136203601
0.34825447315808555
0.34748630788745893
0.3467216377536385
0.34596045996688674
0.3452027715873788
0.34444856952677594
0.3436978505498046
0.34295061127582593
0.3422068481804147
0.34146655759694045
0.3407297357181397
0.33999637859769594
0.3392664821518181
0.3385400421608177
0.3378170542706792
0.3370975139946456
0.3363814167147815
0.33566875768354987
0.33495953202538453
0.33425373473825204
0.33355136069522195
0.3328524046460286
0.33215686121862864
0.3314647249207606
0.3307759901414996
0.330090651152802
0.32940870211105644
0.3287301370586223
0.32805494992537165
0.32738313453021817
0.32671468458264685
0.32604959368424025
0.3253878553301943
0.3247294629108334
0.3240744097131182
0.3234226889221463
0.32277429362265087
0.3221292168004908
0.3214874513441358
0.32084899004614054
0.3202138256046223
0.31958195062472294
0.31895335762006594
0.3183280390142085
0.31770598714208964
0.31708719425146115
0.31647165250432063
0.31585935397833464
0.3152502906682493
0.3146444544873038
0.31404183726862145
0.31344243076660583
0.31284622665832496
0.3122532165448805
0.31166339195278236
0.31107674433529564
0.31049326507380026
0.30991294547913073
0.30933577679290203
0.30876175018884144
0.3081908567740951
0.30762308759054224
0.30705843361608787
0.3064968857659468
0.30593843489393124
0.30538307179371327
0.3048307872000864
0.30428157179021953
0.30373541618489674
0.30319231094974397
0.3026522465964646
0.30211521358403715
0.3015812023199326
0.3010502031612976
0.300522206416146
0.2999972023445294
0.2994751811597033
0.29895613302928237
0.2984400480763888
0.29792691638078017
0.29741672797998164
0.29690947287040215
0.2964051410084364
0.29590372231156303
0.2954052066594305
0.2949095838949365
0.2944168438252901
0.2939269762230703
0.29343997082727247
0.2929558173443455
0.2924745054492184
0.29199602478631803
0.291520364970574
0.291047515588418
0.290577466198772
0.29011020633402074
0.2896457255009849
0.28918401318187514
0.2887250588352436
0.2882688518969164
0.28781538178092614
0.28736463788043276
0.28691660956862375
0.28647128619962237
0.28602865710936987
0.28558871161651045
0.28515143902325946
0.28471682861626046
0.28428486966744204
0.2838555514348551
0.28342886316350313
0.2830047940861712
0.2825833334242308
0.2821644703884497
0.28174819417978225
0.281334493990154
0.28092335900324017
0.2805147783952292
0.2801087413355824
0.27970523698777694
0.27930425451004914
0.27890578305612423
0.2785098117759356
0.2781163298163344
0.2777253263217959
0.2773367904351116
0.27695071129807836
0.2765670780521643
0.2761858798391903
0.27580710580197776
0.275430745085005
0.27505678683504653
0.2746852202018091
0.2743160343385519
0.2739492184027069
0.2735847615564869
0.2732226529674824
0.27286288180925544
0.2725054372619248
0.2721503085127348
0.2717974847566301
0.27144695519681195
0.27109870904528677
0.2707527355234144
0.27040902386243915
0.2700675633040234
0.2697283431007591
0.26939135251669033
0.2690565808278086
0.2687240173225578
0.2683936513023212
0.26806547208190057
0.26773946898999734
0.2674156313696784
0.26709394857883406
0.26677440999063284
0.2664570049939693
0.26614172299390415
0.2658285534120918
0.26551748568720923
0.26520850927537787
0.26490161365056686
0.264596788305004
0.2642940227495755
0.2639933065142107
0.2636946291482757
0.2633979802209434
0.263103349321573
0.2628107260600717
0.26252010006725646
0.2622314609952041
0.26194479851760255
0.2616601023300872
0.2613773621505784
0.26109656771961276
0.26081770880065924
0.26054077518043994
0.2602657566692441
0.25999264310122816
0.2597214243347178
0.25945209025250004
0.2591846307621154
0.2589190357961382
0.258655295312451
0.25839339929452143
0.2581333377516647
0.25787510071930686
0.257618678259241
0.25736406045987514
0.25711123743647757
0.25686019933142357
0.25661093631442056
0.2563634385827481
0.2561176963614741
0.25587369990368325
0.2556314394906892
0.25539090543224263
0.25515208806674206
0.25491497776143357
0.25467956491260535
0.2544458399457823
0.25421379331591487
0.2539834155075589
0.2537546970350544
0.25352762844270726
0.2533022003049462
0.25307840322650355
0.2528562278425631
0.25263566481892896
0.2524167048521698
0.2521993386697764
0.25198355703029895
0.2517693507234946
0.2515567105704615
0.2513456274237714
0.25113609216760446
0.2509280957178691
0.2507216290223284
0.25051668306071384
0.25031324884484496
0.25011131741874026
0.2499108798587205
0.249711927273515
0.2495144508043653
0.2493184416251174
0.24912389094231935
0.2489307899953076
0.24873913005630077
0.24854890243047667
0.24836009845605655
0.2481727095043812
0.2479867269799868
0.24780214232067488
0.2476189469975817
0.2474371325152417
0.24725669041164944
0.24707761225832547
0.2468998896603608
0.24672351425648076
0.24654847771909028
0.24637477175432476
0.24620238810209172
0.24603131853611826
0.24586155486398475
0.24569308892716746
0.24552591260106826
0.24536001779505057
0.24519539645246746
0.24503204055068684
0.24486994210111745
0.24470909314923117
0.24454948577458124
0.2443911120908212
0.24423396424571753
0.2440780344211655
0.24392331483319607
0.24376979773198393
0.2436174754018574
0.24346634016129887
0.24331638436294734
0.24316760039359508
0.2430199806741914
0.24287351765983078
0.24272820383975013
0.24258403173732024
0.2424409939100337
0.2422990829494921
0.24215829148139256
0.24201861216551046
0.24188003769568212
0.24174256079978562
0.24160617423971376
0.2414708708113572
0.2413366433445746
0.24120348470316644
0.24107138778484793
0.2409403455212168
0.24081035087772162
0.24068139685362533
0.24055347648197822
0.24042658282957008
0.24030070899689937
0.24017584811813109
0.24005199336105454
0.23992913792704018
0.23980727505099797
0.23968639800132896
0.239566500079878
0.23944757462188704
0.23932961499594396
0.23921261460393017
0.23909656688097114
0.23898146529537845
0.23886730334860007
0.23875407457515696
0.23864177254259145
0.23853039085140615
0.2384199231350035
0.23831036305962383
0.23820170432428522
0.23809394066072054
0.23798706583330764
0.23788107363900968
0.23777595790730477
0.23767171250012142
0.2375683313117657
0.23746580826885266
0.2373641373302381
0.23726331248694377
0.23716332776208604
0.2370641772108013
0.23696585492017086
0.2368683550091467
0.236771671628476
0.2366757989606204
0.23658073121967904
0.236486462651312
0.23639298753265814
0.23630030017225223
0.23620839490994783
0.23611726611683626
0.2360269081951537
0.23593731557820974
0.23584848273029413
0.23576040414659627
0.23567307435311735
0.23558648790658188
0.23550063939435573
0.23541552343435346
0.23533113467494837
0.23524746779489014
0.23516451750320921
0.23508227853912722
0.23500074567196527
0.23491991370105636
0.23483977745564788
0.23476033179481226
0.23468157160735215
0.23460349181170603
0.23452608735585623
0.23444935321723126
0.23437328440261262
0.23429787594803664
0.23422312291870007
0.23414902040886332
0.2340755635417513
0.23400274746945637
0.2339305673728439
0.23385901846144685
0.2337880959733737
0.2337177951752042
0.23364811136189256
0.2335790398566644
0.23351057601092184
0.23344271520413618
0.23337545284375105
0.2333087843650813
0.23324270523120572
0.23317721093287147
0.23311229698839142
0.23304795894353447
0.2329841923714321
0.2329209928724677
0.23285835607417615
0.23279627763114197
0.23273475322489035
0.23267377856379
0.23261334938294176
0.2325534614440773
0.23249411053545532
0.2324352924717541
0.23237700309396825
0.23231923826930234
0.23226199389106428
0.2322052658785646
0.23214905017700105
0.23209334275736548
0.23203813961632302
0.23198343677611943
0.23192923028446655
0.23187551621443614
0.23182229066435944
0.2317695497577107
0.23171728964300897
0.2316655064937082
0.23161419650808668
0.23156335590914867
0.2315129809445048
0.23146306788627824
0.2314136130309884
0.2313646126994443
0.231316063236643
0.23126796101165825
0.23122030241753055
0.23117308387116398
0.2311263018132198
0.2310799527080024
0.2310340330433598
0.23098853933057006
0.2309434681042385
0.23089881592218708
0.23085457936534992
0.23081075503766035
0.23076733956595008
0.23072432959984257
0.23068172181163582
0.23063951289620543
0.23059769957089804
0.23055627857541416
0.23051524667171108
0.2304746006438908
0.2304343372980956
0.23039445346239962
0.23035494598670458
0.2303158117426305
0.23027704762341228
0.23023865054379067
0.23020061743990405
0.23016294526919
0.2301256310102735
0.23008867166285907
0.23005206424763125
0.23001580580614656
0.22997989340072278
0.22994432411434307
0.2299090950505418
0.22987420333330688
0.2298396461069694
0.2298054205361032
0.22977152380541443
0.2297379531196445
0.2297047057034599
0.22967177880135248
0.22963916967753073
0.22960687561582083
0.2295748939195611
0.22954322191149856
0.22951185693368314
0.22948079634737228
0.22945003753292104
0.22941957788967982
0.2293894148358988
0.2293595458086165
0.22932996826356378
0.2293006796750645
0.2292716775359246
0.22924295935734051
0.22921452266879172
0.22918636501794432
0.2291584839705476
0.22913087711033508
0.22910354203892325
0.22907647637571227
0.22904967775778784
0.2290231438398176
0.22899687229395882
0.2289708608097517
0.22894510709402605
0.2289196088708022
0.22889436388118956
0.22886936988329376
0.2288446246521154
0.22882012597945522
0.2287958716738111
0.22877185956029322
0.22874808748051245
0.2287245532924982
0.2287012548705908
0.22867819010535484
0.22865535690347805
0.22863275318767773
0.22861037689660824
0.22858822598476392
0.2285662984223834
0.2285445921953574
0.22852310530513942
0.22850183576864458
0.228480781618161
0.22845994090125377
0.228439311680681
0.2284188920342899
0.22839868005493014
0.2283786738503687
0.22835887154318424
0.2283392712706903
0.228319871184837
0.22830066945212224
0.22828166425350105
0.22826285378429778
0.22824423625411594
0.22822580988674857
0.22820757292008687
0.22818952360603806
0.22817166021043367
0.22815398101293916
0.22813648430697198
0.2281191683996101
0.2281020316115051
0.22808507227680097
0.22806828874304153
0.2280516793710864
0.22803524253503094
0.22801897662210902
0.2280028800326237
0.22798695117984735
0.2279711884899518
0.2279555904019106
0.22794015536742673
0.22792488185084292
0.22790976832906218
0.22789481329146355
0.22788001523982115
0.22786537268821982
0.22785088416297716
0.2278365482025584
0.22782236335750206
0.22780832819033014
0.2277944412754772
0.22778070119920457
0.22776710655952215
0.22775365596611286
0.227740348040248
0.22772718141471315
0.2277141547337297
0.22770126665287416
0.22768851583900618
0.22767590097018509
0.2276634207355963
0.2276510738354801
0.22763885898104208
0.2276267748943943
0.2276148203084687
0.2276029939669436
0.22759129462417127
0.2275797210451066
0.22756827200522511
0.22755694629045609
0.2275457426971078
0.22753466003179312
0.22752369711135678
0.22751285276280886
0.22750212582324547
0.2274915151397806
0.22748101956947375
0.22747063797926304
0.22746036924589053
0.22745021225583073
0.2274401659052302
0.2274302290998259
0.22742040075488423
0.2274106797951303
0.22740106515467884
0.22739155577696646
0.22738215061468392
0.22737284862971074
0.2273636487930455
0.22735455008473948
0.2273455514938334
0.22733665201828945
0.22732785066492267
0.22731914644934115
0.22731053839587856
0.22730202553752965
0.22729360691588507
0.22728528158106887
0.22727704859167763
0.22726890701471003
0.22726085592550893
0.22725289440770258
0.2272450215531322
0.22723723646180094
0.22722953824180492
0.22722192600927382
0.22721439888831396
0.22720695601094398
0.2271995965170338
0.22719231955424846
0.2271851242779862
0.22717800985131908
0.22717097544493725
0.22716402023708493
0.22715714341351045
0.22715034416739766
0.22714362169931945
0.22713697521717346
0.22713040393612927
0.2271239070785659
0.22711748387402364
0.22711113355914414
0.22710485537761393
0.2270986485801113
0.2270925124242522
0.22708644617453022
0.2270804491022701
0.22707452048556842
0.22706865960924227
0.22706286576477774
0.22705713825026985
0.2270514763703808
0.2270458794362774
0.2270403467655856
0.22703487768233632
0.2270294715169151
0.22702412760601165
0.22701884529256466
0.22701362392571978
0.2270084628607706
0.22700336145911404
0.226998319088204
0.22699333512149045
0.226988408938385
0.22698353992420162
0.22697872747011616
0.22697397097311145
0.22696926983593224
0.2269646234670445
0.22696003128057685
0.22695549269627924
0.22695100713948302
0.22694657404104224
0.22694219283729744
0.2269378629700296
0.22693358388640572
0.22692935503894585
0.226925175885473
0.22692104588906492
0.22691696451802124
0.22691293124580525
0.22690894555101204
0.22690500691732207
0.22690111483345465
0.22689726879312955
0.22689346829502322
0.22688971284272563
0.22688600194470332
0.2268823351142496
0.2268787118694534
0.22687513173314622
0.22687159423287706
0.22686809890085347
0.2268646452739217
0.22686123289350935
0.22685786130559726
0.2268545300606738
0.22685123871369928
0.2268479868240666
0.22684477395556313
