0.9979714565527267
0.9943186428852125
0.9913966946646859
0.9881987919661631
0.9848505168355934
0.9813892193177725
0.9778426218643115
0.9742775909185218
0.9705323914644902
0.9667087307868284
0.9627971446686389
0.9587951058845176
0.954698680727357
0.9505023473828028
0.9462059338383226
0.9418241390939847
0.9373061830040308
0.9323432808028848
0.9272875517046173
0.922149382862203
0.9168603770880189
0.9113837040217538
0.9058314928733955
0.9002176195631867
0.8945526897403424
0.8888586195856154
0.8827565681551307
0.8765122068280542
0.8701760266895199
0.863700802159742
0.8579914791465834
0.8520747141826734
0.8460848085810828
0.8400372427734341
0.8338530558491045
0.8276152673288778
0.8213264345696418
0.8149837495040768
0.8085707442496052
0.8019789039914217
0.7952756091303144
0.7884774824552581
0.7815346170134921
0.7745258615384363
0.767523766841152
0.7605182613592137
0.7535991328950732
0.7467723682739908
0.7401230841524387
0.7319040983008942
0.7239442908902793
0.7161370189818569
0.7084576536327064
0.7008552980756027
0.6933626789648002
0.6859404256212968
0.6787136829926135
0.6717188363477008
0.6639232758678429
0.656493306340617
0.6484376980510901
0.6408717892815344
0.6337713776483734
0.6274213713996075
0.6214334384056648
0.6153787207321947
0.6098525314107652
0.6046268429892876
0.6000126009021225
0.5951592494688933
0.590483687380448
0.5863455254113293
0.5822101332848715
0.578666557123717
0.5753690770546463
0.5718898605964948
0.5689921803614995
0.56640804070314
0.5643901447859424
0.5625527856264831
0.5610952316415132
0.559447409547812
0.5582087027656405
0.5573082602984493
0.5567424490789572
0.5561918388519819
0.5554893108945803
0.5550791136351013
0.5549654965390178
0.5541884656613989
0.553502267254824
0.5526307803309884
0.552090179608279
0.5519410214478976
0.5516121712373347
0.5513723729301455
0.5509201886645617
0.550776024025599
0.5509585526168035
0.5509755761007169
0.5514128243543848
0.5520694976263607
0.5512470222490438
0.5503663593398743
0.5500708041276751
0.550345603813935
0.5511626952737616
0.5515829802171412
0.550987306666759
0.5506383153557167
0.550872042706894
0.5511874348002844
0.5521489721971291
0.5538448824591762
0.5540912937979982
0.5553312998896144
0.5543181444922884
0.5536672081756292
0.5525028432095805
0.5516530601356396
0.551171757474739
0.5511836887419297
0.5514330363593452
0.5521108974865094
0.5530322268282138
0.5527928247618017
0.5527931529625904
0.551658876543327
0.5508103327495193
0.5501827952368064
0.5500636746097775
0.5503994067021712
0.5511442730553353
0.5519668543058321
0.5531773148089173
0.5528044339959179
0.5526627621494365
0.5522726314914356
0.5523687540948294
0.5529294515409067
0.5541009609349128
0.5553936860670693
0.5550121491439663
0.5545223740723504
0.5544370936383323
0.554544833009604
0.5533662892586606
0.5523658911076822
0.5517174752519934
0.551521779789176
0.5516652988366041
0.5517474122385827
0.552074845318364
0.5527609292434267
0.5536498823725113
0.5547878447789735
0.5559738604327608
0.5570694586806197
0.5574426598928409
0.5563278104584432
0.5551280288728471
0.5543418198795188
0.5539726349269576
0.5536088082188997
0.5535582900805335
0.5538519739538189
0.5540706085479377
0.5542957462608867
0.5545928906545501
0.5551897648156847
0.5545796319240033
0.5543035934360717
0.5543362576161807
0.5546548502518401
0.5549643355700853
0.5556041801756406
0.5565082353706537
0.5559922268763593
0.5557953880209497
0.5558908202408378
0.5556364582412032
0.5556979542988576
0.5551772876336831
0.5549786848396272
0.5550732813861691
0.5551878316834189
0.5551249444251072
0.5553441480092126
0.5554631125578118
0.5555477074199769
0.555587453308903
0.5558985165320655
0.5564523887611241
0.5565676815940849
0.5566036006741932
0.556892552011094
0.5562246074879327
0.555836843194172
0.5557245903146092
0.5556693427921227
