0.9943603698648554
0.14226922058825905
0.13363080521505855
0.12560679713061665
0.1180112194597055
0.11078822745956653
0.10391839835510419
0.09739332070252144
0.09120819943616958
0.08535924683128386
0.07984262442351124
0.07465397491541431
0.0697882084999884
0.06523941049059208
0.06100081174133563
0.057064793876549245
0.053422915027828644
0.050065948434805295
0.04698392977485086
0.04416621108029081
0.04160152030204079
0.0392780263145243
0.037183409578463424
0.03530493885441494
0.03362955432548597
0.03214395726814738
0.03083470603552931
0.02968831762880426
0.02869137358163663
0.02783062833091367
0.02709311775679858
0.026466265203687018
0.02593798208524045
0.025496760157616895
0.02513175272120143
0.024832842368686228
0.024590693405942558
0.024396787689893586
0.024243443306764156
0.02412381620627928
0.024031885568118614
0.02396242426873314
0.023910956310995105
0.02387370345713363
0.02384752355736626
0.023829843191184776
0.02381858724080908
0.02381210790757719
0.02380911547639773
0.02380861284772658
0.02380983550919009
0.023812198229076098
0.023815249340852
0.0238186330708987
0.023822059959479308
0.02382528505517717
0.02382809324141776
0.023830290793420982
0.02383170207475439
0.023832170170190018
0.023831560216799743
0.023829764234410005
0.023826706361470152
0.023822347561066815
0.023816689059484576
0.02380977400006076
0.023801687021610386
0.02379255168794811
0.023782525889694747
0.0237717955012305
0.023760566697368684
0.023749057412621215
0.02373748846072639
0.023726074826298602
0.023715017599275117
0.023704496953239396
0.023694666478634354
0.023685649079644894
0.023677534537176536
0.023670378737222733
0.023664204470239838
0.023659003627868172
0.023654740561882253
0.023651356328582035
0.023648773520460093
0.023646901385069877
0.023645640946681066
0.02364488987671176
0.023644546900678895
0.02364451557875345
0.023644707350133548
0.023645043784736017
0.023645458035914297
0.023645895532358473
0.02364631398401758
0.023646682804508764
0.023646982070468617
0.023647201146787828
0.02364733710632121
0.023647393064695862
0.023647376536722168
0.023647297902414873
0.023647169049493103
0.02364700223719879
0.02364680920488657
0.023646600529397387
0.023646385218719368
0.02364617051651707
0.023645961883089758
0.023645763113199738
0.02364557654972692
0.023645403353769162
0.02364524379597613
0.02364509753986835
0.023644963894901977
0.023644842024398077
0.0236447311005456
0.023644630405009432
0.023644539378877893
0.023644457629539584
0.02364438490453855
0.023644321043543942
0.023644265919457997
0.0236442193785905
0.02364418118801369
0.02364415099597497
0.02364412830883873
0.02364411248571507
0.023644102749886584
0.023644098214518943
0.023644097919006554
0.02364410087168931
0.023644106094557384
0.023644112665864622
0.023644119757218043
0.023644126662578813
0.023644132817598057
0.023644137808709356
0.023644141372314464
0.023644143385169732
0.02364414384765186
0.02364414286193406
0.02364414060724088
0.02364413731428602
0.02364413324076892
0.02364412864945922
0.023644123789970814
0.02364411888488301
0.02364411412042437
0.02364410964155943
0.02364410555099967
0.023644101911445725
0.023644098750241257
0.023644096065577724
0.023644093833435974
0.02364409201454858
0.023644090560812795
0.023644089420748114
0.02364408854376568
0.023644087883167353
0.023644087397931373
0.023644087053437204
0.023644086821351565
0.023644086678924522
0.02364408660794734
0.023644086593596774
0.023644086623347497
0.023644086686081766
0.023644086771469796
0.02364408686964163
0.023644086971129144
0.023644087067023405
0.02364408714927432
0.023644087211051545
0.023644087247091956
0.023644087253969683
0.023644087230244266
0.023644087176463796
0.02364408709502006
0.02364408698987226
0.023644086866167865
0.023644086729801134
0.0236440865869507
0.02364408644363712
0.023644086305336504
0.023644086176675756
0.023644086061226408
0.023644085961401523
0.023644085878452303
0.023644085812550623
0.02364408576293958
0.023644085728129535
0.023644085706117004
0.023644085694605115
0.023644085691207354
0.023644085693620625
0.023644085699759246
0.023644085707846152
0.02364408571646119
0.023644085724551924
