0.9999718358868745
0.9999620159305679
0.9999486081650708
0.9999309861467052
0.9999081986760776
0.9998840789986958
0.9998495327643337
0.9998067034942487
0.9997542663797098
0.9996908570309769
0.9996149620609323
0.9995251116519965
0.9994195300095616
0.9992968234407522
0.9991855129803311
0.9990312106253385
0.9988556293495966
0.9986582307359579
0.9984379266193593
0.9981938340216845
0.9979256639889317
0.9976344418953116
0.9973198171284536
0.996980881213135
0.9966185800964565
0.9962319067131761
0.9958205559796716
0.9953836055930115
0.994920330304469
0.9944298355163935
0.993910469039535
0.9933600562015165
0.9927771872231611
0.9921608666118347
0.9915090500506367
0.9908170303167577
0.9900827293007571
0.9893045486036006
0.9886182396777763
0.9877638763020654
0.9868445696087168
0.9858622867767328
0.9848110131638481
0.9836911128615302
0.9825018759656104
0.9812414928278314
0.9799085984543063
0.978503764140127
0.9770242719509871
0.9754617319972928
0.9738178492859154
0.9720940755943511
0.9702932105075639
0.9684114305755648
0.9664451415068664
0.9643919413720652
0.9622478611317493
0.9600310511931853
0.9577342776453263
0.955373669544885
0.9529514407511493
0.9504620570420715
0.9479172070965428
0.9453175279363503
0.9426751503784387
0.939999191235357
0.9372693584995894
0.934494286925448
0.9316852851244527
0.9288556016363707
0.9259727261927101
0.9230839118828341
0.920191638848839
0.9172835633798875
0.9143796854192755
0.911454450240549
0.9085527482553396
0.9056656091299402
0.902797516054346
0.8999631283462789
0.8971570078124915
0.8943693914006247
0.8916306164230828
0.8889525850849823
0.886320658240959
0.8837324913966531
0.8812078589180345
0.8787538982257836
0.8763307019914298
0.8739649654171877
0.8716537219399956
0.8694293390711613
0.867275168717452
0.8651879275325275
0.8631908847964099
0.8612445071058623
0.859350524741259
0.8574916366235866
0.855704018015571
0.8539721220453222
0.8522882361246631
0.8506485825281871
0.8490674267167129
0.8475185499315268
0.846036190153455
0.8445981735131864
0.8432159656878259
0.8418644479049464
0.8405731694433314
0.8393326709138517
0.8381320824485491
0.8369804060364577
0.8358793413061748
0.8347680159933075
0.8391601518645726
0.838139243642006
0.837158671687546
0.8362082880761278
0.835297269963028
0.8344152647903795
0.8335246353196518
0.8326640634771213
0.8318568391039696
0.8310656421467341
0.8303122849060671
0.8295608846978051
0.8288111937024968
0.8245705668154139
0.8241000539143837
0.8236049662920806
0.8230709803484748
0.8224950786765842
0.8219376588289761
0.8214081260684426
0.8209122530739936
0.8204480511810456
0.8200333306190234
0.8196650763881026
0.8192994267565831
0.8189245301960114
0.818589251259985
0.8182479713276618
0.8179704354517457
0.8177303633953216
0.817540776012715
0.8174229924691776
0.8172984954601552
0.8171988039082476
0.8170906129288852
0.8170253491166688
0.8169901645715455
0.8169528557796337
0.8169285235934315
0.8168828402302637
0.816864665185091
0.8168523224440323
0.816854989338272
0.8168805970160715
0.8168977768351356
0.8169042507692506
0.8169362379842007
0.8170068001440722
0.8170818383073466
0.817170422588954
0.817286652435311
0.8174276139690388
0.817598349509697
0.8177629508814166
0.817952751368393
0.8181350651204176
0.8183523737891586
0.8185446153979062
0.8187567658098232
0.8189776948372997
0.8191937170727465
0.8194315453212969
0.819662247366651
0.8199129269911988
0.820160023886732
0.8204053490949335
0.8206309190080526
0.820866716268623
0.8211064136588742
0.8213636243587141
0.8216425789546782
0.8219582038227982
0.8222805910728095
0.8226146989774146
0.8229563357333174
0.8233097377029194
0.8236838795461845
0.8240478155671299
0.8244071359587204
0.8247456280823064
0.8250817219742405
0.8254365833211962
0.8258067117871831
0.8261604320686452
0.8265215991741075
0.8268995421231973
