0.9999961259433386
0.999996078889829
0.999996031532482
0.9999959831034069
0.9999959335904816
0.9999958829613362
0.9999958311777938
0.9999957781945501
0.9999957239627644
0.9999956794890433
0.999995619327081
0.99999556286829
0.9999955046723285
0.9999954447185004
0.9999953829712903
0.9999953193810306
0.9999952861559771
0.9999952216321071
0.9999951549273676
0.9999950859935355
0.9999950147676688
0.9999949411708146
0.9999948651166017
0.9999947865078566
0.9999947052340774
0.9999946211779024
0.9999945342054426
0.9999944627734535
0.999994370858217
0.9999942755388452
0.9999941766499484
0.9999940740055681
0.9999939674043491
0.9999938566296738
0.9999937414472684
0.9999936272566795
0.999993506161868
0.9999933796014667
0.9999932472883071
0.9999931089100519
0.9999929641237396
0.9999928125400224
0.999992653750335
0.9999924873081427
0.9999923127020309
0.9999921293987524
0.9999919368077556
0.9999917342791936
0.9999915211175097
0.9999912965590567
0.9999910597580127
0.9999908097946213
0.9999905456811347
0.9999902663309291
0.9999899705636026
0.9999896570586271
0.9999893244096875
0.999988971069248
0.9999885953494997
0.9999881953880791
0.9999877692017342
0.9999873145941239
0.9999868291635641
0.9999863103488844
0.9999857553233192
0.9999851610029439
0.9999848669358414
0.9999842076545169
0.9999834999341487
0.9999827397542537
0.9999819229029754
0.9999810447752882
0.9999801329459558
0.9999791316887882
0.9999780535945996
0.999976893403702
0.9999756451617937
0.9999743033087427
0.9999728616178062
0.9999713140087578
0.9999696548161472
0.9999678781798177
0.9999659781931085
0.9999639492996978
0.9999617857352399
0.9999594822948373
0.9999570333431411
0.9999544344320902
0.9999516817176024
0.9999487710876289
0.9999456989340233
0.9999424624831913
0.9999390596963441
0.9999354896198089
0.9999317507647357
0.9999278430118841
0.9999237653805989
0.9999195194867345
0.9999151065978605
0.999910528034397
0.9999057871014638
0.999900885277532
0.9998958273237073
0.9998906143139533
0.9998852478688954
0.9998797316129006
0.9998740688048066
0.999868261784916
0.9998623106348458
0.9998562228277866
0.999850002308649
0.9998436516242974
0.9998371749998197
0.9998305728704264
0.9998238531630775
0.9998170190537627
0.9998100805966892
0.999803045743776
0.9997959261353107
0.999788727074358
0.9997814541814678
0.9997777506251071
0.9997704446802872
0.999763054328364
0.9997518960051017
0.999744426328365
0.9997369322510075
0.9997294158971881
0.9997218874181903
0.9997143646287854
0.9997068635560553
0.9996993891436782
0.9996919441573335
0.9996845400082275
0.9996771846626604
0.9996698877426704
0.9996626577489374
0.9996555097313935
0.9996484351888737
0.999641441591712
0.9996345441597728
0.9996277677331692
0.9996211033588669
0.9996145542699263
0.999608124944668
0.9996018087252116
0.999595627635307
0.9995895611340384
0.9995836063919198
0.9995777759576332
0.9995720764104902
0.9995664880949284
0.9995610163006987
0.999555656795799
0.9995504236061923
0.9995453067791912
0.9995403122216905
0.9995354307534449
0.999530679296402
0.9995260317944953
0.9995214984416991
0.9995170805288427
0.9995127727053029
0.9995085811190474
0.999504485298479
0.9995004805581787
0.9994965621027995
0.9994927201259413
0.9994889471698305
0.9994852764876276
0.9994817109031774
0.9994782308028721
0.9994748210302631
0.9994714904744685
0.9994682498784846
0.9994651083691322
0.9994620504333779
0.9994669759152414
0.9994639918405515
0.9994610192273196
0.9994580407461845
0.9994550755641219
0.9994521458184968
0.9994492568321112
0.9994463968593097
0.999443587358632
0.9994364106658978
0.9994343069981602
0.9994321484227928
0.9994299242762003
0.9994311087103099
0.9994288576675386
0.9994266220163646
0.9994243973663468
0.9994221906194054
0.9994200020998198
0.9994178493586915
0.9994157213901861
0.9994136356640723
0.9994115995408769
