0.9978068267117965
0.9976056628484938
0.9973802229474974
0.9971278060159363
0.9968454059394627
0.9965298558087895
0.9961774571530776
0.9957841010719424
0.9953454720026347
0.9948575570924878
0.9943158743355461
0.9937167394012858
0.9930561494420667
0.9923298837865769
0.9915271358018474
0.9906401076178533
0.9896648730764273
0.988590952431736
0.987414321903205
0.9861207868462
0.9847073444227261
0.9831536425387868
0.9814537675433626
0.979593620589837
0.977567905419447
0.9753618748364536
0.9729602135592587
0.9703425127665418
0.9674908623713153
0.9644111689879213
0.9610584956783882
0.9574382653516951
0.9535611676568061
0.9493952082593835
0.9449028282645335
0.9400806466670409
0.934858456988952
0.9293143624223916
0.9233560929689273
0.9170004784355285
0.9102348249306431
0.9030305957568179
0.8953480661403153
0.8871731679407472
0.8785704296297041
0.8694981082713845
0.8599062943781924
0.8497633571623945
0.8391240103948316
0.8279538784156857
0.8163000690609679
0.8041177954547416
0.7914582475472633
0.7784152518204117
0.7649336394556218
0.7510050988924581
0.7365676138805988
0.7218170704406907
0.7066859652275477
0.6912233999163977
0.6754611860869618
0.6594061584161738
0.6431235404511944
0.6264875652080852
0.609518133669741
0.5924582416000714
0.5753790104844587
0.5583404275869548
0.5413094952872943
0.5242344661925836
0.5070363741363234
0.48991172021867746
0.472759557362211
0.4556053128054377
0.4385620491198531
0.42151666519719466
0.4044240001633288
0.38731446214583987
0.37007851811699466
0.3529559043764585
0.33589917648723666
0.3187324161331194
0.30160474480682875
0.2846115516350487
0.2677184780398203
0.25112752857533704
0.2348988212930042
0.2189679733365122
0.2034603689017428
0.1882438464489945
0.17356081261014622
0.1594291325235545
0.14593470082992988
0.13310867613444233
0.12087123271306166
0.10942378787130025
0.09875960047005838
0.08885237667466706
0.07966288255893605
0.07113573911830551
0.06336069980902348
0.05627034776589235
0.04996571449206988
0.04428940647541979
0.03937476705171128
0.03499652084033167
0.031160341459553487
0.027789336744787674
0.02484967757362999
0.022269560901591046
0.01996332630985065
0.0180929855296309
0.01642965176199196
0.015059217143570613
0.0138773767106658
0.012918738986750777
0.01201631002937098
0.011259095522102136
0.01065214556838412
0.010186515634860505
0.009878930854706258
0.00968337581576717
0.009514844011663137
0.009339991225658317
0.009181243399226768
0.009001842257809534
0.00889335060500196
0.00881031367760654
0.008736412295517026
0.008728647974771797
0.008795799751962097
0.008838103935817965
0.008917850888998102
0.00912200402883312
0.009123337347819338
0.009172932643104481
0.009208997399831276
0.00928593434542091
0.009396383389644547
0.009234504853211645
0.008997621680389867
0.008791389381744397
0.008657939683284988
0.008612318777906025
0.008646260287431429
0.00854054827753925
0.008538669358995277
0.008604313710991351
0.008684197744464273
0.008730678586060026
0.008399526942998281
0.008018634135827374
0.007755212420294533
0.0076263914473845285
0.007475308888571064
0.007439491091353778
0.0075165964454638745
0.00751291625642414
0.007639616551051942
0.007774333002935951
0.00796200546579151
0.008106619575534602
0.008035125913703256
0.007889406819386102
0.007869058421314912
0.007942024249009694
0.00799745525308515
0.008045486220442655
0.008088160706702041
0.008171389551549835
0.008367864070115472
0.008567830802074683
0.008651566578438463
0.00874664975714945
0.008745090063766892
0.008885121783035466
0.008713994498639521
0.008684025199388046
0.008847463560049507
0.008934492506505354
0.008879967916187281
0.008861870797808535
0.00878773957616541
0.00879625038216536
0.008806969852878321
0.008925177957635477
0.00886801568181228
0.008449717575737203
0.008268484342899285
0.008327521320616205
0.008407458691272685
0.00851293312550494
0.008722452604297493
0.009033194549301626
0.009142189120026178
0.00905206539831005
0.008822798754367644
0.008763338482186689
0.008893356578800415
0.009158449737643903
