0.7823382168936853
0.7629422015042552
0.75438582489115
0.7455995737352363
0.7365977444353162
0.7273919834347988
0.7179900942588061
0.7083978554438262
0.6986200908862885
0.6886612558029255
0.6785257738241159
0.6682182438773487
0.657743575092884
0.6471070792937745
0.63631453671151
0.6253722435173901
0.6142870460321608
0.6030663644303076
0.5917182075981546
0.5802511801375392
0.5686744821201941
0.556997901978094
0.5452318027976744
0.5333871022334007
0.5214752462458814
0.5095081768872276
0.4974982943921705
0.485458413881086
0.47340171703565936
0.46134169916582735
0.4492921121449026
0.4372669037457929
0.4252801539629628
0.41334600895031814
0.40147861324287526
0.38969204095869037
0.37800022669588895
0.36641689684700196
0.3549555020487343
0.3436291514694877
0.33245054960969045
0.3214319362515762
0.31058503014634165
0.2999209769685819
0.2894503020018018
0.2791828679462012
0.269127838162328
0.25929364558348444
0.2496879674476119
0.24031770591771673
0.23118897458023746
0.22230709073496202
0.21367657331935896
0.2053011462459703
0.19718374687461304
0.18932653929242527
0.18173093203479385
0.1743975998489341
0.16732650907959778
0.16051694624255541
0.15396754934587642
0.14767634152078568
0.14164076653238344
0.13585772575488475
0.13032361621518607
0.12503436933180956
0.11998549000243808
0.11517209572154241
0.110588955439194
0.1062305279022131
0.10209099924878728
0.09816431965690209
0.09444423887505982
0.09092434049035658
0.08759807481383974
0.08445879028603509
0.08149976332649655
0.0787142265702192
0.07609539545076005
0.07363649310505538
0.07133077358837348
0.0691715433995328
0.06715218132692591
0.06526615663483593
0.06350704561736775
0.06186854655413965
0.060344493107785446
0.058928866208380004
0.05761580447438874
0.05639961322350728
0.055274772130012306
0.05423594158805478
0.05327796784261529
0.05239588695172748
0.05158492764513001
0.05084051314557181
0.050158262019757704
0.04953398812636545
0.04896369972850534
0.04844359783780927
0.047970073856630435
0.04753970658389528
0.047149258648955694
0.046795672436167446
0.04647606556119177
0.046187725957922976
0.04592810663268809
0.04569482013991255
0.045485632830768785
0.04529845892360951
0.04513135444204608
0.04498251106359985
0.044850249918798824
0.04473301537755647
0.04462936885659452
0.04453798267865272
0.044457634011194735
0.04438719890943077
0.04432564648557913
0.0442720332235792
0.04422549745578375
0.044185254015640996
0.04415058907803082
0.044120855196588704
0.04409546654532415
0.04407389436982034
0.04405566265151162
0.04404034398691348
0.04402755568208194
0.04401695606130385
0.044008240987730374
0.044001140592631605
0.04399541620895764
0.04399085750408016
0.04398727980589856
0.043984521615886174
0.04398244230216164
0.04398091996531894
0.04397984946939604
0.043979140630223346
0.04397871655320118
0.043978512112521906
0.043978472563843685
0.04397855228249581
0.04397871361934269
0.04397892586668706
0.04397916432664806
0.04397940947478762
0.0439796462119193
0.0439798631973326
0.043980052256962554
0.04398020786029111
0.04398032666010687
0.04398040708954909
0.043980449011171374
0.04398045341308754
0.04398042214755071
0.04398035770766484
0.04398026303818303
0.04398014137668793
0.04397999612167647
0.04397983072441469
0.04397964860163173
0.04397945306640594
0.04397924727483182
0.04397903418626348
0.04397881653517555
0.04397859681285121
0.04397837725730824
0.04397815985005771
0.04397794631843255
0.043977738142382705
0.04397753656477177
0.04397734260433983
0.04397715707058081
0.043976980579958025
0.043976813572879414
0.04397665633102743
0.04397650899465422
0.04397637157955525
0.04397624399347866
0.04397612605177692
0.04397601749216984
0.04397591798851108
0.043975827163500014
0.043975744600282085
0.043975669852959975
0.0439756024559812
0.043975541932458895
0.04397548780145499
0.043975439584265086
0.04397539680976992
0.043975359018922355
0.04397532576841312
0.043975296633611216
0.043975271210828004
0.043975249118981874
0.043975230000723786
0.04397521352309186
0.043975199377764285
0.043975187280946515
0.04397517697297049
0.04397516821764669
0.04397516080140562
0.04397515453228973
0.04397514923881729
0.04397514476876241
0.043975140987876915
0.04397513777856965
0.043975135038598734
0.043975132679749174
0.04397513062655756
0.04397512881506005
0.04397512719159924
0.043975125711694485
0.043975124338959115
0.04397512304410911
0.043975121804027406
0.04397512060091113
0.043975119421483466
0.04397511825628719
0.04397511709904167
0.04397511594607384
0.04397511479580507
0.04397511364831097
0.04397511250492603
0.04397511136791454
0.043975110240180526
0.04397510912502456
0.043975108025948284
0.04397510694648343
0.04397510589006848
0.0439751048599436
0.043975103859067555
0.04397510289007156
0.0439751019552177
0.043975101056383026
0.04397510019504791
0.04397509937230237
0.04397509858886328
0.04397509784508502
0.04397509714099235
0.043975096476305264
0.04397509585046999
0.04397509526269383
0.04397509471197336
0.04397509419713197
0.04397509371684538
0.043975093269677856
0.04397509285410217
0.043975092468535926
0.04397509211135375
0.04397509178091974
0.04397509147559597
0.04397509119376508
0.04397509093384222
0.04397509069428984
0.04397509047362158
0.04397509027041513
0.04397509008331524
0.04397508991104171
0.04397508975238262
0.043975089606211104
0.04397508947147166
0.043975089347184304
0.04397508923244364
0.043975089126418676
0.043975089028344794
0.04397508893752411
0.043975088853322575
0.0439750887751601
0.043975088702516985
0.043975088634920056
0.04397508857194199
0.04397508851320053
0.04397508845835263
0.043975088407088414
0.04397508835912989
0.043975088314228916
0.04397508827216157
0.04397508823272733
0.04397508819574403
0.04397508816104956
0.0439750881284956
0.043975088097947146
0.0439750880692813
0.04397508804238759
0.043975088017159436
0.043975087993505024
0.04397508797133265
0.04397508795056171
0.04397508793111149
0.04397508791291116
0.04397508789589111
0.04397508787998594
0.04397508786513227
0.04397508785127113
0.04397508783834603
0.043975087826303993
0.043975087815092295
0.04397508780466186
0.04397508779496562
0.043975087785955824
0.0439750877775934
0.04397508776983494
0.04397508776264214
0.043975087755976694
0.04397508774980363
0.04397508774409031
0.043975087738805096
0.04397508773391712
0.04397508772939862
0.04397508772522318
0.04397508772136538
0.04397508771780234
0.04397508771451264
0.04397508771147385
0.04397508770866876
0.04397508770607972
0.04397508770368974
0.04397508770148306
0.04397508769944747
0.04397508769756742
0.04397508769583214
0.04397508769423031
0.04397508769275138
0.043975087691385695
0.04397508769012459
0.043975087688961634
0.04397508768788594
0.043975087686893954
0.04397508768597913
0.04397508768513314
0.04397508768435232
0.04397508768363245
0.043975087682968095
0.04397508768235425
0.04397508768178904
0.04397508768126779
0.04397508768078673
0.04397508768034386
0.04397508767993663
0.04397508767956049
0.04397508767921565
0.04397508767889813
0.04397508767860536
0.04397508767833769
0.04397508767809122
0.043975087677864955
0.04397508767765801
0.04397508767746838
0.043975087677294744
0.04397508767713498
0.04397508767698899
0.04397508767685698
0.0439750876767353
0.043975087676624836
0.04397508767652303
0.04397508767643188
0.043975087676347724
0.043975087676271674
0.04397508767620184
0.04397508767613878
0.043975087676081714
0.04397508767602931
0.043975087675982016
0.043975087675939495
0.043975087675900526
0.04397508767586544
0.04397508767583436
0.0439750876758046
0.04397508767577929
0.0439750876757562
0.04397508767573466
0.0439750876757149
0.04397508767569791
0.04397508767568148
0.04397508767566871
0.043975087675654834
0.04397508767564373
0.04397508767563385
0.0439750876756243
0.04397508767561564
0.04397508767560854
0.0439750876756011
0.04397508767559455
0.04397508767558922
0.043975087675584335
0.043975087675580116
0.04397508767557612
0.0439750876755719
0.04397508767556868
0.043975087675565905
0.04397508767556413
0.04397508767556113
0.04397508767556013
0.04397508767555758
0.04397508767555591
0.043975087675554025
0.04397508767555325
0.043975087675551916
0.04397508767555047
0.043975087675549474
0.043975087675549696
0.04397508767554836
0.04397508767554814
0.04397508767554725
0.04397508767554614
0.04397508767554603
0.04397508767554559
0.043975087675545255
0.04397508767554548
0.0439750876755447
0.04397508767554503
0.04397508767554459
0.043975087675544255
0.04397508767554481
0.04397508767554481
0.04397508767554337
0.043975087675544255
0.04397508767554348
0.043975087675543256
0.043975087675543034
0.04397508767554348
0.043975087675543034
0.04397508767554292
0.04397508767554348
0.043975087675543034
0.04397508767554381
0.04397508767554292
0.043975087675543256
0.04397508767554281
0.04397508767554348
0.04397508767554248
0.04397508767554281
0.043975087675543034
0.04397508767554348
0.04397508767554381
0.04397508767554292
0.04397508767554381
0.04397508767554292
0.04397508767554348
0.04397508767554381
0.04397508767554337
0.043975087675543034
0.043975087675543256
0.0439750876755437
0.04397508767554337
0.043975087675543256
0.04397508767554348
0.04397508767554348
0.043975087675543256
0.04397508767554348
0.04397508767554337
0.04397508767554337
0.04397508767554381
0.0439750876755437
0.04397508767554381
0.04397508767554381
0.04397508767554348
0.04397508767554348
0.04397508767554292
0.04397508767554281
0.04397508767554381
0.04397508767554281
0.04397508767554381
0.043975087675543034
0.04397508767554281
0.04397508767554392
0.04397508767554348
0.04397508767554381
0.04397508767554381
0.04397508767554348
0.043975087675544144
0.04397508767554292
0.04397508767554292
0.04397508767554348
0.0439750876755437
0.04397508767554337
0.04397508767554381
0.04397508767554381
0.043975087675543034
0.04397508767554381
0.043975087675543256
0.04397508767554337
0.043975087675543034
0.04397508767554337
0.04397508767554381
0.04397508767554337
0.043975087675543256
0.043975087675543034
0.04397508767554337
0.043975087675543034
0.043975087675543256
0.04397508767554337
0.04397508767554292
0.04397508767554348
0.043975087675543256
0.04397508767554381
0.04397508767554337
0.04397508767554259
0.04397508767554259
0.043975087675543256
0.043975087675543256
0.04397508767554248
0.04397508767554348
0.04397508767554281
0.04397508767554337
0.0439750876755437
0.04397508767554392
0.04397508767554292
0.04397508767554337
0.043975087675543256
0.04397508767554348
0.0439750876755437
0.04397508767554381
0.043975087675543034
0.04397508767554281
0.04397508767554337
0.04397508767554281
0.043975087675543034
0.04397508767554337
0.04397508767554259
0.04397508767554259
0.0439750876755437
0.04397508767554348
0.04397508767554392
0.04397508767554392
0.04397508767554348
0.04397508767554348
0.04397508767554259
0.04397508767554281
0.04397508767554337
0.04397508767554292
0.04397508767554337
0.0439750876755437
0.04397508767554259
0.04397508767554337
0.043975087675543256
0.043975087675543256
0.043975087675543256
0.043975087675543034
0.0439750876755437
0.04397508767554392
0.043975087675543034
0.04397508767554281
0.043975087675544144
0.04397508767554348
0.04397508767554337
0.04397508767554348
0.0439750876755437
0.04397508767554337
0.043975087675543034
0.04397508767554281
0.043975087675543256
0.04397508767554292
0.04397508767554348
0.04397508767554348
0.043975087675543256
0.0439750876755437
0.0439750876755437
0.043975087675543034
0.04397508767554292
0.04397508767554337
0.043975087675543256
0.043975087675542146
0.04397508767554348
0.04397508767554337
0.04397508767554292
0.04397508767554337
0.04397508767554337
0.04397508767554381
0.04397508767554348
0.0439750876755437
0.04397508767554381
0.0439750876755437
0.0439750876755437
0.04397508767554348
0.043975087675543256
0.04397508767554348
0.04397508767554337
0.043975087675543256
0.04397508767554381
0.0439750876755437
0.04397508767554348
0.04397508767554348
0.04397508767554337
0.043975087675543034
0.04397508767554348
0.0439750876755437
0.04397508767554381
0.04397508767554337
0.04397508767554348
0.04397508767554348
0.043975087675543034
0.04397508767554392
0.04397508767554348
0.04397508767554348
0.04397508767554348
0.04397508767554348
0.04397508767554337
0.043975087675543034
0.043975087675543034
0.04397508767554337
0.04397508767554348
0.043975087675543256
0.04397508767554348
0.043975087675543256
0.04397508767554337
0.04397508767554348
0.04397508767554337
0.04397508767554348
0.04397508767554348
0.04397508767554337
0.04397508767554381
0.04397508767554292
0.04397508767554348
0.04397508767554337
0.04397508767554348
0.04397508767554348
0.04397508767554292
0.04397508767554348
0.04397508767554348
0.04397508767554337
0.04397508767554381
0.04397508767554348
0.043975087675543034
0.04397508767554348
0.04397508767554337
0.043975087675543034
0.043975087675543256
0.043975087675543034
0.043975087675543256
0.04397508767554348
0.04397508767554337
0.043975087675543034
0.043975087675543256
0.043975087675543034
0.0439750876755437
0.0439750876755437
0.04397508767554348
0.04397508767554381
0.043975087675543256
0.04397508767554348
0.043975087675543256
0.043975087675543256
0.043975087675543034
0.043975087675543256
