0.9968224605007461
0.9964317408651238
0.9960434817174525
0.9956191843840122
0.9951538792004424
0.9946512684185134
0.9941103844354426
0.9935213953744713
0.9928867261470914
0.9921958937952425
0.9914521801794985
0.9906466944022085
0.9897753587381253
0.9888393597333764
0.987828298131812
0.9867268655323223
0.985543950871613
0.9842602614343611
0.982878049251854
0.9813845004068918
0.9797711960397837
0.9780142714797584
0.9761074257110262
0.9740295903723373
0.9717984865627532
0.9694233150643243
0.9668111275667473
0.9640396842674053
0.9611114087108793
0.9580304715575743
0.9547567091934954
0.9513496795107104
0.9476561547151228
0.9438290044744979
0.9398448580465343
0.9355982381901128
0.9310285255974594
0.9262989086067562
0.9213626015017101
0.9161416194195088
0.9106065630550915
0.9048941919224834
0.8990059454457597
0.8927917332478752
0.8862385959858885
0.8794613244303785
0.8725134503601182
0.8653171455058916
0.857628480105369
0.8497733057440002
0.8415787786335739
0.8332556926131545
0.8245834322287372
0.8157455795992923
0.8066493719283377
0.7977063265657898
0.7885262561704092
0.7791240926770051
0.7697601937919296
0.7604532653806413
0.7510097588519715
0.7413374068553311
0.7315890816284906
0.7216710486780846
0.7116133782014173
0.70155235078157
0.6915653107124724
0.6816038003201779
0.6718100392953246
0.6619413817381061
0.6520159713319105
0.6420210212960668
0.6317539945182541
0.6215832071494583
0.6115240367331237
0.6013946994013374
0.5911983863216939
0.5813867293514339
0.5716266085921172
0.5620393405780794
0.5526919077121983
0.5437942617604352
0.5351437974514508
0.5267940979465076
0.5185663644570417
0.5108467550785495
0.5034212025290237
0.49579164458294434
0.48848278589685434
0.48153630583193163
0.47462620108282216
0.4683045493625686
0.4625430663853194
0.4561153315213846
0.4499139413939047
0.44375106190224745
0.43746970798116736
0.43144009462497446
0.42565529015616443
0.4200603246392255
0.4145346344153784
0.4093382846814896
0.40410401614679625
0.39933599029533395
0.3947329020603495
0.3905111137954387
0.3871586262495095
0.38363767706995533
0.3799075055048766
0.3766451485664841
0.3736903217956735
0.3701899135639687
0.3666492902555677
0.3632997870464859
0.3604776461490574
0.35798107004607194
0.35581849461222825
0.3535159880869402
0.3515758236242513
0.3497558761635914
0.3481207664561434
0.3465685619113269
0.34556259516995147
0.34450073638764556
0.34399228017982586
0.34276255038381453
0.34185494599017086
0.34125863469046913
0.3403982995822419
0.3394196422708461
0.3388796977181955
0.3386250836829624
0.3380290333309355
0.33763966257358724
0.33717810408830884
0.3376741506961267
0.33772502464780507
0.3372088795286331
0.3367227349448917
0.3367846467851586
0.33697319349001353
0.33699283978830286
0.33741119094985306
0.33812837358833914
0.33829575002533474
0.33869854099275964
0.3410783621680946
0.34160828772484186
0.3420699872274
0.34177729216477637
0.34167578406825816
0.3418869702985805
0.3417484335185821
0.3410874033421789
0.34074131828211407
0.3405430101326913
0.34071938120758327
0.3402580016478428
0.3405213115722808
0.34089069029359864
0.3410079447659303
0.3402038438285012
0.3399682389353945
0.3406111683448422
0.34054700415919315
0.341098112663051
0.34179443714171565
0.34216709739985096
0.34244670905706287
0.342119563410887
0.34176537885356784
0.3413792810689813
0.34102456373592016
0.34090537912340024
0.34111701665436067
0.34158541240498586
0.3417937194538181
0.34227853998990954
0.3424329636135429
0.3422702739069158
0.3419703765355556
0.3423141972337892
0.3429149883079333
0.3440114163390885
0.34507655686542027
0.34505260742447386
0.3443579055901276
0.344097700587246
0.3435226330827934
0.343148175421374
0.3431329728947934
0.3425331890722588
0.3426895563910699
0.3430499990949959
0.34316387626460054
0.34320085235432973
0.34358125359561364
0.34418213673195075
0.34464877881899214
0.34504022245979904
