0.7908592357598137
0.7604157257218963
0.7551791164236059
0.7498484196678459
0.7444315110756452
0.7389340111591829
0.733359268129621
0.7277093836840052
0.7219857846648736
0.7161895281388357
0.7103214725412844
0.7043823796720545
0.698372979101725
0.692294011039829
0.6861462562330529
0.6799305576773726
0.6736478369237289
0.6672991066491918
0.6608854805300564
0.6544081810764004
0.6478685458576852
0.6412680324051483
0.6346082219849623
0.6278908223765864
0.6211176697516045
0.6142907297224924
0.6074120976135784
0.6004839979951964
0.5935087835147124
0.5864889330535379
0.579427049236632
0.5723258553196608
0.5651881914786769
0.5580170105274755
0.5508153730885978
0.5435864422450949
0.5363334777014543
0.5290598294836124
0.521768931209498
0.5144642929630729
0.507149493806412
0.4998281739657481
0.4925040267288078
0.48518079009196236
0.47786223819676776
0.47055217259637416
0.46325441339295936
0.4559727902878098
0.44871113358592607
0.44147326519701113
0.43426298967447385
0.4270840853335591
0.4199402954889492
0.41283531985118993
0.4057728061199867
0.3987563418109187
0.3917894463503694
0.384875563471473
0.37801805394171384
0.3712201886504438
0.36448514208202454
0.3578159861976523
0.35121568474609133
0.34468708802066705
0.3382329280769073
0.3318558144222168
0.3255582301859511
0.31934252877529
0.3132109310193213
0.3071655228008847
0.3012082531729333
0.2953409329534774
0.289565233790647
0.28388268768701475
0.2782946869701034
0.27280248469396773
0.26740719545488745
0.26210979660259726
0.2569111298270176
0.2518119030992395
0.24681269294453312
0.24191394702432023
0.23711598700346947
0.23241901167889523
0.2278231003452338
0.223328216373336
0.21893421097749488
0.21464082714763688
0.21044770372314137
0.20635437958555913
0.20236029794823285
0.19846481072156974
0.19466718293368934
0.19096659718709208
0.18736215813305457
0.1838528969465193
0.18043777578538078
0.17711569221918977
0.17388548361345102
0.17074593145683126
0.1676957656197292
0.16473366853378468
0.16185827928298757
0.15906819759809843
0.15636198774713916
0.1537381823156614
0.1511952858714588
0.1487317785092449
0.14634611927167684
0.14403674944388023
0.14180209571933033
0.13964057323566426
0.1375505884795717
0.13553054206052761
0.1335788313536067
0.13169385301211722
0.12987400535120353
0.12811769060396427
0.12642331705191034
0.1247893010319846
0.1232140688225094
0.12169605841074682
0.12023372114488307
0.11882552327343954
0.11746994737525396
0.11616549368324547
0.11491068130530435
0.11370404934569456
0.11254415793037709
0.11142958913976286
0.11035894785230316
0.10933086250246482
0.10834398575648141
0.10739699510938328
0.10648859340666095
0.1056175092939663
0.10478249759814906
0.10398233964290782
0.10321584350226498
0.10248184419499484
0.10177920382311256
0.1011068116574032
0.10046358417296375
0.0998484650375756
0.09926042505574584
0.09869846207108968
0.09816160082970027
0.09764889280705924
0.09715941600095235
0.09669227469279118
0.09624659917966072
0.09582154547929644
0.09541629501018789
0.09503005424883926
0.09466205436621367
0.09431155084527043
0.09397782308143032
0.09366017396773696
0.09335792946640842
0.09307043816838334
0.09279707084241184
0.09253721997516207
0.09229029930372834
0.09205574334188527
0.09183300690133844
0.09162156460917104
0.09142091042260836
0.09123055714218375
0.09105003592427707
0.09087889579400477
0.09071670315930846
0.09056304132710402
0.09041751002222764
0.09027972490992697
0.09014931712253171
0.09002593279093363
0.08990923258145456
0.08979889123857754
0.08969459713406558
0.08959605182286612
0.08950296960619075
0.08941507710212415
0.08933211282408793
0.08925382676739912
0.08917998000419036
0.08911034428688192
0.0890447016603998
0.08898284408325363
0.08892457305762413
0.08886969926853172
0.08881804223214873
0.08876942995331483
0.08872369859226481
0.08868069214055752
0.08864026210621445
0.08860226720799957
0.08856657307880678
0.08853305197807437
0.08850158251315943
0.08847204936954711
0.08844434304981263
0.08841835962120737
0.08839400047173562
0.08837117207459533
0.08834978576081876
0.0883297574999844
0.08831100768882794
0.08829346094758206
0.08827704592388697
0.08826169510410553
0.08824734463184802
0.08823393413353653
0.08822140655085031
0.08820970797982619
0.08819878751647536
0.08818859710870974
0.0881790914143964
0.0881702276653753
0.08816196553722777
0.08815426702465301
0.08814709632223972
0.08814041971048814
0.08813420544686734
0.08812842366178408
0.08812304625925582
0.0881180468221352
0.08811340052172545
0.0881090840316151
0.08810507544558888
0.08810135419944454
0.08809790099657411
0.08809469773717638
0.08809172745091276
0.08808897423292505
0.08808642318303006
0.0880840603479921
0.08808187266671741
0.08807984791827617
0.08807797467259737
0.08807624224374644
0.08807464064566217
0.0880731605502375
0.08807179324764036
0.08807053060879388
0.0880693650498684
0.08806828949874357
0.08806729736331864
0.08806638250157317
0.08806553919333648
0.0880647621136239
0.0880640463075184
0.08806338716647488
0.08806278040601734
0.08806222204471181
0.08806170838440375
0.08806123599159832
0.08806080167997044
0.08806040249391722
0.08806003569310672
0.08805969873797082
0.08805938927608581
0.0880591051294023
0.08805884428226118
0.08805860487016959
0.0880583851692801
0.08805818358654482
0.08805799865049868
0.08805782900263515
0.08805767338934845
0.08805753065439326
0.08805739973185334
0.08805727963956878
0.08805716947300779
0.08805706839954086
0.08805697565312254
0.08805689052931154
0.08805681238065033
0.08805674061236335
0.08805667467834455
0.08805661407743737
0.08805655834996917
0.08805650707453927
0.08805645986503041
0.08805641636784312
0.08805637625932006
0.08805633924336986
0.08805630504925921
0.08805627342957223
0.0880562441583147
0.08805621702917421
0.08805619185389535
0.08805616846079545
0.08805614669337558
0.08805612640905924
0.08805610747801274
0.08805608978206647
0.08805607321371867
0.0880560576752144
0.0880560430777102
0.08805602934048984
0.08805601639025751
0.08805600416047976
0.088055992590787
0.08805598162641948
0.08805597121772635
0.0880559613197004
0.0880559518915528
0.08805594289633056
0.08805593430055858
0.08805592607391821
0.08805591818894942
0.08805591062078488
0.08805590334690194
0.08805589634689992
0.08805588960229294
0.08805588309633494
0.08805587681383675
0.08805587074102406
0.08805586486539685
0.08805585917560055
0.08805585366131385
0.08805584831314361
0.08805584312253589
0.08805583808168727
0.08805583318347188
0.08805582842136861
0.08805582378940302
0.08805581928208939
0.08805581489438274
0.08805581062163093
0.08805580645953415
0.08805580240411015
0.08805579845166278
0.0880557945987489
0.08805579084215509
0.08805578717887297
0.08805578360607846
0.08805578012111548
0.08805577672147413
0.08805577340477955
0.08805577016878097
0.08805576701133344
0.08805576393039327
0.08805576092400624
0.08805575799029786
0.08805575512747144
0.08805575233379503
0.08805574960760121
0.08805574694727702
0.08805574435126473
0.08805574181805265
0.08805573934617905
0.08805573693421842
0.08805573458079008
0.08805573228454522
0.08805573004417477
0.08805572785839966
0.08805572572597242
0.08805572364567704
0.08805572161632436
0.0880557196367534
0.08805571770582832
0.08805571582244054
0.0880557139855046
0.08805571219396091
0.08805571044676697
0.0880557087429098
0.08805570708139399
0.08805570546124619
0.08805570388151451
0.08805570234126525
0.08805570083958791
0.08805569937558755
0.08805569794839097
0.08805569655714074
0.08805569520100098
0.08805569387915124
0.08805569259078727
0.08805569133512581
0.08805569011139891
0.08805568891885274
0.08805568775675221
0.08805568662437713
0.0880556855210225
0.08805568444600054
0.08805568339863534
0.088055682378267
0.0880556813842519
0.08805568041595857
0.0880556794727686
0.08805567855407848
0.08805567765929823
0.08805567678785142
0.08805567593917185
0.08805567511270718
0.08805567430791905
0.08805567352427934
0.0880556727612718
0.0880556720183917
0.08805567129514669
0.08805567059105357
0.08805566990564306
0.08805566923845287
0.08805566858903369
0.08805566795694564
0.08805566734175863
0.08805566674305221
0.08805566616041804
0.08805566559345201
0.08805566504176421
0.08805566450497071
0.08805566398269782
0.08805566347458049
0.08805566298026102
0.08805566249939012
0.08805566203162896
0.08805566157664346
0.08805566113410912
0.08805566070370807
0.08805566028513001
0.08805565987807384
0.08805565948224336
0.0880556590973488
0.08805565872310905
0.08805565835925
0.0880556580055013
0.08805565766160217
0.08805565732729637
0.08805565700233242
0.08805565668646953
0.08805565637946744
0.08805565608109511
0.08805565579112429
0.0880556555093358
0.08805565523551184
0.08805565496944301
0.08805565471092347
0.08805565445975383
0.08805565421573724
0.08805565397868287
0.08805565374840629
0.08805565352472333
0.08805565330745979
0.08805565309644237
0.08805565289150064
0.08805565269247373
0.08805565249919889
0.08805565231152157
0.08805565212928979
0.08805565195235487
0.08805565178057295
0.08805565161380091
0.08805565145190408
0.08805565129474713
0.08805565114219871
0.08805565099413448
0.08805565085042888
0.08805565071096122
0.08805565057561449
0.08805565044427333
0.0880556503168265
0.08805565019316619
0.0880556500731845
0.08805564995678061
0.08805564984385261
0.08805564973430346
0.08805564962803791
0.08805564952496125
0.08805564942498634
0.0880556493280219
0.08805564923398457
0.08805564914279118
0.08805564905435947
0.08805564896861118
0.08805564888546868
0.08805564880485817
0.08805564872670679
0.08805564865094206
0.08805564857749648
0.08805564850630299
0.08805564843729596
0.08805564837041213
0.08805564830558898
0.08805564824276779
0.0880556481818896
0.08805564812289612
0.08805564806573463
0.08805564801034926
0.08805564795668841
0.08805564790470066
0.0880556478543374
0.08805564780555131
0.08805564775829378
0.08805564771252017
0.08805564766818652
0.08805564762525053
0.08805564758366857
0.08805564754340223
0.0880556475044093
0.0880556474666555
0.08805564743009953
0.08805564739470795
0.0880556473604438
0.08805564732727511
0.08805564729516702
0.08805564726408666
0.08805564723400483
0.08805564720488945
0.08805564717671199
0.08805564714944325
0.08805564712305525
0.088055647097521
0.08805564707281366
0.08805564704891067
0.08805564702578239
0.08805564700340884
0.08805564698176571
0.08805564696082924
0.08805564694057821
0.08805564692099
0.08805564690204692
0.08805564688372558
0.08805564686600864
0.08805564684887601
0.08805564683230926
0.08805564681629174
0.0880556468008048
0.08805564678583222
0.08805564677135769
0.08805564675736555
0.08805564674384048
0.08805564673076782
0.08805564671813171
0.0880556467059207
0.08805564669411903
0.08805564668271504
0.08805564667169419
0.0880556466610466
0.08805564665075793
0.08805564664081811
0.08805564663121457
0.0880556466219381
0.08805564661297727
0.08805564660432064
0.08805564659596021
0.08805564658788612
0.08805564658008702
0.08805564657255693
0.08805564656528375
0.08805564655826181
0.08805564655148157
0.08805564654493503
0.0880556465386152
0.08805564653251363
0.08805564652662434
0.08805564652093789
0.08805564651545061
0.08805564651015396
0.08805564650504205
0.08805564650010878
0.08805564649534825
0.0880556464907537
0.08805564648632103
0.08805564648204467
0.08805564647791864
0.08805564647393815
0.08805564647009756
0.08805564646639308
0.08805564646281994
0.08805564645937292
0.08805564645604946
0.08805564645284347
0.0880556464497525
0.08805564644677111
0.08805564644389696
0.0880556464411254
0.0880556464384531
0.08805564643587693
0.08805564643339336
0.08805564643099961
0.08805564642869212
0.08805564642646724
0.0880556464243224
0.08805564642225727
0.08805564642026587
0.0880556464183474
0.08805564641649744
0.08805564641471653
0.08805564641299968
0.08805564641134633
0.08805564640975361
0.08805564640821828
0.0880556464067398
0.08805564640531649
0.08805564640394481
0.08805564640262398
0.08805564640135233
0.08805564640012731
0.08805564639894703
0.08805564639781072
0.08805564639671737
0.0880556463956651
0.08805564639465147
0.08805564639367514
0.08805564639273589
0.08805564639183228
0.0880556463909623
0.08805564639012464
0.08805564638931862
0.08805564638854302
0.08805564638779717
0.08805564638707863
0.08805564638638741
0.08805564638572305
0.08805564638508301
0.08805564638446761
0.08805564638387564
0.08805564638330743
0.08805564638275898
0.08805564638223251
0.08805564638172647
0.08805564638123953
0.08805564638077101
0.08805564638032048
0.08805564637988761
0.08805564637947105
0.0880556463790706
0.08805564637868624
0.08805564637831609
0.08805564637796115
0.08805564637761931
0.08805564637729091
0.0880556463769756
0.08805564637667196
0.08805564637638053
0.08805564637610008
0.08805564637583163
0.08805564637557362
0.08805564637532426
0.08805564637508623
0.08805564637485774
0.08805564637463703
0.08805564637442576
0.08805564637422292
0.08805564637402785
0.08805564637384089
0.08805564637366137
0.08805564637348817
0.08805564637332208
0.0880556463731631
0.08805564637300989
0.08805564637286345
0.08805564637272267
0.08805564637258756
0.08805564637245766
0.08805564637233276
0.08805564637221386
0.08805564637209962
0.08805564637198915
0.08805564637188368
0.08805564637178309
0.08805564637168606
0.08805564637159236
0.0880556463715032
0.08805564637141716
0.08805564637133456
0.08805564637125551
0.08805564637118002
0.08805564637110741
0.0880556463710378
0.08805564637097107
0.08805564637090757
0.08805564637084584
0.08805564637078689
0.08805564637073082
0.08805564637067675
0.08805564637062446
0.08805564637057517
0.08805564637052787
0.08805564637048191
0.08805564637043817
0.08805564637039687
0.08805564637035646
0.08805564637031793
0.08805564637028118
0.08805564637024599
0.08805564637021224
0.08805564637017982
0.08805564637014884
0.08805564637011842
0.08805564637009045
0.08805564637006313
0.08805564637003682
0.08805564637001206
0.08805564636998853
0.08805564636996521
0.0880556463699439
0.08805564636992236
0.08805564636990226
0.08805564636988328
0.08805564636986452
0.0880556463698472
0.08805564636983065
0.08805564636981389
0.08805564636979912
0.08805564636978358
0.08805564636977004
0.08805564636975605
0.08805564636974328
0.08805564636973096
0.08805564636971919
0.08805564636970731
0.08805564636969654
0.08805564636968644
0.08805564636967667
0.08805564636966723
0.08805564636965879
0.08805564636964969
0.08805564636964158
0.08805564636963403
0.08805564636962637
0.0880556463696186
0.08805564636961183
0.08805564636960517
0.08805564636959884
0.08805564636959229
0.08805564636958729
0.08805564636958152
0.08805564636957619
0.0880556463695713
0.08805564636956653
0.0880556463695622
0.08805564636955732
0.08805564636955332
0.08805564636954966
0.08805564636954522
0.088055646369542
0.08805564636953889
0.08805564636953511
0.08805564636953223
0.08805564636952834
0.08805564636952601
0.08805564636952334
0.0880556463695199
0.08805564636951735
0.08805564636951513
0.08805564636951335
0.08805564636951102
0.0880556463695088
0.08805564636950658
0.08805564636950514
0.08805564636950314
0.08805564636950114
0.08805564636949981
0.08805564636949825
0.08805564636949681
0.08805564636949537
0.08805564636949381
0.0880556463694927
0.08805564636949115
0.08805564636949015
0.08805564636948915
0.08805564636948793
0.08805564636948748
0.08805564636948626
0.08805564636948526
0.08805564636948449
0.0880556463694836
0.08805564636948249
0.0880556463694816
0.08805564636948127
0.08805564636948049
0.0880556463694796
0.08805564636947871
0.0880556463694786
