0.7380774195536023
0.20464575435270224
0.19619183261796982
0.18853114535323456
0.1813633062386817
0.1745884042953817
0.16816733728222003
0.16208120295648284
0.15631887421700716
0.1508724020932378
0.14573505337056722
0.14090038654899315
0.13636179064699858
0.13211225151485953
0.12814423914724304
0.1244496635677718
0.12101987158686485
0.11784566890523011
0.11491735843544726
0.1122247892898991
0.10975741299158748
0.10750434475965888
0.10545442853163146
0.10359630487940201
0.10191848124883561
0.10040940405879016
0.09905753217437509
0.09785141115519247
0.096779747505619
0.09583148195455211
0.09499586059931049
0.09426250259227659
0.09362146295353246
0.09306328907477912
0.09257906954732249
0.0921604740994225
0.09179978365791856
0.09148990984184487
0.09122440353373067
0.09099745253715834
0.0908038686960107
0.09063906520156251
0.09049902512998288
0.09038026251957111
0.09027977750239859
0.09019500714122923
0.09012377368615483
0.09006423195697938
0.09001481748146394
0.08997419688369068
0.08994122183089609
0.0899148876224497
0.08989429725305252
0.08987863151537763
0.08986712543630404
0.089859051075723
0.08985370646668854
0.08985041024852213
0.08984850134743937
0.08984734289842805
0.08984632948244635
0.08984489667819605
0.08984253189983643
0.08983878551126767
0.08983328127215727
0.08982572527666399
0.08981591268667659
0.0898037317292981
0.0897891646138787
0.08977228521685345
0.08975325357258677
0.08973230738546799
0.0897097509338974
0.08968594186350487
0.08966127645991419
0.08963617404784686
0.08961106118282697
0.08958635628580679
0.0895624553231365
0.08953971905934492
0.0895184623141307
0.08949894554430186
0.0894813689528182
0.08946586920701043
0.0894525187323939
0.0894413274423289
0.08943224667129106
0.08942517500380931
0.08941996563426517
0.08941643485574922
0.0894143712590952
0.08941354522523477
0.08941371831357732
0.08941465218400968
0.0894161167376744
0.08941789721890421
0.08941980008438184
0.08942165751251346
0.08942333049303203
0.08942471050106006
0.08942571981867953
0.08942631061834118
0.08942646296450929
0.08942618192167934
0.08942549397771131
0.08942444300128209
0.08942308595159502
0.08942148854823447
0.08941972109046305
0.0894178545899091
0.08941595735021542
0.08941409209367362
0.08941231369997822
0.08941066758775364
0.0894091887370179
0.08940790132159089
0.0894068188957055
0.08940594505949982
0.08940527451408993
0.08940479440868226
0.08940448587950274
0.08940432568277168
0.08940428783089126
0.08940434515163086
0.08940447070347124
0.08940463899544493
0.08940482697582358
0.08940501476994406
0.08940518616253927
0.08940532883345888
0.08940543436711444
0.08940549806500198
0.08940551859706032
0.08940549753137729
0.0894054387829804
0.08940534802138277
0.08940523207352134
0.08940509835413928
0.08940495434994572
0.0894048071774989
0.08940466322811724
0.0894045279066264
0.08940440546473309
0.08940429892454477
0.08940421008342397
0.08940413958809605
0.08940408706376446
0.08940405128290202
0.08940403035830595
0.08940402194580434
0.08940402344350894
0.08940403217656911
0.08940404555877902
0.08940406122496462
0.08940407713064373
0.08940409161787316
0.08940410344834308
0.08940411180657
0.08940411627741178
0.089404116803058
0.08940411362514461
0.08940410721772656
0.08940409821657003
0.08940408734966031
0.08940407537303473
0.08940406301512667
0.08940405093180818
0.0894040396733365
0.08940402966348054
0.08940402119029776
0.08940401440736469
0.08940400934377958
0.0894040059209345
0.08940400397391551
0.08940400327540786
0.08940400356013163
0.08940400454809401
0.08940400596527463
0.08940400756074217
0.08940400911958134
0.08940401047138878
0.08940401149442749
0.08940401211581532
0.08940401230833038
0.08940401208457067
0.08940401148926835
0.08940401059057525
0.0894040094710819
0.08940400821923915
0.089404006921726
0.08940400565715771
0.08940400449137685
0.08940400347442161
0.08940400263913456
0.08940400200125957
0.08940400156079566
0.08940400130431547
0.08940400120793433
0.08940400124061137
0.08940400136748934
