0.9984808595953091
0.9983702298623347
0.9982720558208678
0.9981654329949704
0.9980511763496195
0.9979269751087086
0.9977917742267264
0.9976470856988553
0.9974922387705462
0.9973248425392737
0.9971458664843094
0.9969544978025445
0.9967499747191281
0.9965296447910097
0.9962902178830031
0.9960311811543434
0.9957527411761447
0.9954568913245354
0.9951456939032707
0.9948165379426166
0.9944642161619828
0.9940944611050611
0.9936988472940994
0.9932755346957381
0.9928245307633813
0.9923397205671459
0.9918094608226862
0.9912553138459608
0.9906812594301913
0.9900745465311344
0.9894370870124602
0.9887668882519285
0.988053442827275
0.9873014298794113
0.9865141751352999
0.9856612819207415
0.9847747928876909
0.983841285897798
0.9828669824561533
0.9818258823988133
0.9807486048693186
0.9796140752348574
0.9784389844380018
0.9772454085999402
0.9760195883501684
0.974739047084063
0.9734100558428644
0.9720418406900747
0.9706292126773611
0.9692019747922209
0.9677700656973776
0.9663015996589632
0.964818128165314
0.9633391245833699
0.9618533629779602
0.960298467942478
0.9587274774664833
0.9571808482193299
0.9556470730746178
0.9540732435548449
0.9525014356640293
0.9509042309547286
0.9493226969789279
0.947744428647114
0.9461584282024595
0.9445488205954851
0.9428845657760003
0.9412328615875764
0.9395976271728005
0.9379953758843418
0.9364525957220382
0.9348854027819735
0.9332981023278963
0.9317144470380602
0.9301470705835322
0.92857548375203
0.9270647824819673
0.9256482033059801
0.9243048344457938
0.9229105667467156
0.9214565767395068
0.9200280463566259
0.9186636403835005
0.9173338974165971
0.9160633802623993
0.9148651671252035
0.9136730488010183
0.9125104702603049
0.9113977589061868
0.9102518943382336
0.9091487878715631
0.9080735494882348
0.9070892523290044
0.9061040659981148
0.9050739640845605
0.9040852895030304
0.9030920645007408
0.9021066336598262
0.9010897009487645
0.900134727130516
0.8992993226550006
0.8985065200202477
0.8976323328634099
0.896932754683505
0.8962854094838447
0.8955765391653658
0.8949078205209328
0.8942068910315373
0.8935732149739295
0.8929862547547956
0.8925880992652282
0.8922049593736359
0.8918611065558997
0.8914841128502904
0.8911952885867509
0.890798714935615
0.8905425743631769
0.8903615949170247
0.8903289375038924
0.8903358360452803
0.8903359219953259
0.8902778960653435
0.8900700529301669
0.8898829420964975
0.8897251908902656
0.8896505074631871
0.889524042131729
0.8895141480519843
0.8895608667494481
0.8896882275434936
0.8897396480714979
0.88973378522322
0.8896995094962832
0.8896422949298771
0.8897050894992424
0.8897354668777583
0.8897277155864567
0.8897610579014698
0.8898767157361773
0.8898896380486766
0.8898353999419254
0.8898414891574112
0.8898784562482587
0.8899945202403383
0.8900408990998457
0.8900245652503205
0.8900674945776261
0.8901996968777331
0.8901010776913837
0.8899321403420286
0.8898660018898712
0.8898800620015328
0.8900251621591646
0.8901509892062722
0.8903049109200131
0.8903568837253995
0.8902972246684365
0.890192795866302
0.8901572967290198
0.890171687908941
0.8902038277356867
0.890253328702396
0.8903414674535624
0.8903783831608236
0.8904391948919778
0.890494278260311
0.8905565609827796
0.8906693207379286
0.8907920753448514
0.8906090546769884
0.8906463965515984
0.8906513299213246
0.8907228260817983
0.8907762827339692
0.8907862696132149
0.8908140160901221
0.8908525605840996
0.8909838416271608
0.8910592457742599
0.8910912518725115
0.891206439305411
0.8913145163965257
0.8914295712859123
0.8914985135013789
0.8915242679530656
0.8915296879539399
0.8915146937881705
0.8914909712217685
0.8915505435513694
0.8915336148601214
0.891553305528581
0.8915160017943355
0.8915368127087567
0.8915986605175005
0.891708025613495
0.8917766929677569
0.8918517313059673
0.8918884111618838
0.8920120078758795
0.892026554516808
