0.9999961537614197
0.9999961249322377
0.999996095674506
0.9999960660389026
0.9999960360362113
0.9999960056647867
0.9999959749195073
0.9999959437936919
0.9999959122795539
0.9999958930965183
0.9999958624352213
0.9999958311481926
0.9999957992674525
0.9999957668152513
0.9999957338046034
0.9999957002434963
0.9999956661375103
0.9999956314870221
0.9999955962906671
0.9999955605453364
0.999995524245337
0.9999954873847475
0.9999954499555626
0.9999954119493417
0.9999953733556972
0.9999953341649366
0.9999952943659806
0.9999952539467034
0.9999953150213221
0.9999952779285147
0.9999952398985694
0.9999952009531923
0.9999951611107009
0.9999951203825467
0.9999950787788968
0.9999950462376079
0.9999950050514339
0.9999949628185649
0.9999949195569708
0.9999948752816294
0.9999948300024797
0.9999947837261354
0.99999473645456
0.9999946881896126
0.9999946389275233
0.9999945886645066
0.9999945503347861
0.9999945003990667
0.9999944492502589
0.9999943968952428
0.9999943433372024
0.9999942885773074
0.9999942326101119
0.9999941754297073
0.999994117026319
0.9999940573866021
0.9999939964970478
0.9999939343394273
0.9999938859634634
0.99999382175784
0.9999937707357178
0.999993704284496
0.9999936364043156
0.9999935670707574
0.9999935237835088
0.9999934534710472
0.9999933814811838
0.9999933077975182
0.9999932323980141
0.999993155257133
0.9999930763468152
0.9999929956332555
0.999992913081981
0.999992858974025
0.9999927740428549
0.9999926870793785
0.9999925980440918
0.9999925068945942
0.9999924135861801
0.9999923180654268
0.9999922202800848
0.9999921201737614
0.999992005941903
0.9999919013792026
0.9999917942464487
0.9999916844791035
0.9999915720014627
0.9999914567400197
0.9999913386143289
0.9999912175388734
0.9999910934191797
0.9999909661627774
0.9999908356715722
0.9999907018408863
0.9999905645619205
0.9999904967579006
0.9999903563217333
0.9999902119363685
0.9999900634917593
0.9999899108701734
0.9999897589797753
0.999989600089765
0.9999894364013109
0.9999892677892237
0.9999890941123623
0.9999889152171135
0.9999887309363257
0.9999885410987498
0.9999883455229838
0.9999881440076075
0.9999879363559019
0.999987722352946
0.9999875017728291
0.9999872743660528
0.9999870398844019
0.9999867980739567
0.9999865486586865
0.9999862913506739
0.9999860938355064
0.9999857387205644
0.9999854613042597
0.9999851744859855
0.9999848779734987
0.9999845714552655
0.9999842546358487
0.9999840021487382
0.9999836674223923
0.9999833214261208
0.9999829638903244
0.9999825945174015
0.9999822130690087
0.9999818192845196
0.9999814129711267
0.9999809939585225
0.9999805620911253
0.9999801172711045
0.999979659373361
0.9999791883297754
0.9999787040832165
0.9999782066284778
0.999977695897589
0.999977171859147
0.9999766343641692
0.999976083371915
0.9999755187335382
0.999974940289828
0.9999743478356831
0.9999737411609829
0.9999731199916018
0.9999724840239259
0.9999718329686668
0.9999711665196422
0.9999704843465478
0.9999697861860076
0.9999690717403771
0.9999683407230836
0.9999675928300948
0.9999668278264131
0.9999660455581574
0.9999652457654151
0.9999644283548937
0.9999635931048325
0.9999627398946546
0.9999618685019496
0.999960978874734
0.9999600709018631
0.9999591445550698
0.9999581998028688
0.9999572365665635
0.9999567256478824
0.9999557382124212
0.9999547308623791
0.9999537037125706
0.9999526568352918
0.9999515903977995
0.999950504634956
0.9999499581869319
0.999948847931298
0.9999477166087575
0.9999465646739478
0.9999453924412463
0.9999442002876953
0.9999429886571118
0.99994175804663
0.999940508903522
0.9999392417375165
0.9999379569812122
0.9999366550674375
0.9999353364776817
0.9999340014840205
0.9999326503619257
0.9999312836989473
0.9999299019955911
0.9999285057173759
0.9999270951678902
0.999925670751766
0.9999242328165378
0.9999235734054597
0.9999221276472492
0.9999206655653231
