0.7830793153792365
0.7628326045882848
0.7545737339362677
0.7460993446031603
0.7374231113249055
0.7285560449768607
0.719505437179077
0.7102766067704995
0.700873923477604
0.6913013670662491
0.6815628483022493
0.6716624054859912
0.6616043323765648
0.6513932658582198
0.6410342483721354
0.6305327733841237
0.6198948185871005
0.609126869573724
0.5982359356007345
0.587229558420548
0.5761158147771892
0.5649033129438992
0.5536011835572312
0.5422190649413374
0.5307670830948563
0.5192558265177971
0.5076963160782846
0.496099970152989
0.48447856531624833
0.4728441928980732
0.46120921177781415
0.44958619782626597
0.43798789045249065
0.42642713675119515
0.41491683378073774
0.4034698695296417
0.3920990631498752
0.38081710504748745
0.369636497424756
0.35856949586268916
0.34762805251836815
0.33682376148827975
0.3261678068570527
0.3156709139112811
0.30534330395128484
0.29519465308068005
0.2852340552955971
0.2754699901335922
0.26591029507798325
0.2565621428479131
0.24743202363920458
0.23852573231736163
0.2298483605030618
0.22140429343333112
0.21319721142917747
0.20523009575365503
0.19750523860370384
0.19002425694504022
0.18278810987217964
0.17579711915530272
0.16905099262201106
0.1625488500148934
0.15628925096452606
0.15027022472192053
0.1444893013034777
0.13894354371489015
0.1336295809371849
0.12854364137767416
0.12368158651020067
0.11903894445208729
0.11461094324906107
0.11039254366346885
0.10637847128503364
0.10256324780659243
0.09894122132960737
0.09550659558532637
0.09225345797723916
0.08917580636870548
0.08626757455631096
0.0835226563847079
0.08093492847223427
0.07849827152878686
0.07620659025817034
0.07405383184657055
0.07203400304715657
0.07014118587796547
0.0683695519565285
0.06671337550015088
0.06516704502536352
0.06372507378416137
0.06238210897803198
0.06113293979375456
0.05997250430739742
0.05889589530505879
0.05789836507058055
0.05697532919186399
0.056122369438482145
0.05533523576405808
0.0546098474873884
0.053942293706515376
0.05332883299993618
0.0527658924688722
0.05225006617401373
0.051778113019423144
0.051346954135320755
0.05095366981034033
0.050595496022473596
0.05026982061638685
0.04997417917314817
0.049706250616512015
0.04946385259796171
0.04924493670068142
0.04904758350039262
0.04886999751882615
0.048710502103273545
0.048567534263375234
0.04843963949395602
0.04832546661038739
0.04822376262069861
0.048133367656295056
0.04805320998103024
0.04798230109611046
0.047919730956302864
0.04786466331086636
0.047816331180693505
0.047774032481377016
0.047737125800143665
0.047705026332986455
0.047677201986854656
0.04765316965030042
0.04763249163472405
0.04761477228718236
0.047599654774605926
0.04758681803834708
0.04757597391706503
0.04756686443521729
0.04755925925372584
0.04755295327880138
0.04754776442441777
0.04754353152348212
0.047540112382418065
0.04753738197360491
0.0475352307598671
0.0475335631451036
0.0475322960450163
0.047531357571843125
0.047530685827032126
0.0475302277957832
0.04752993833748753
0.047529779266183514
0.04752971851528753
0.047529729380979435
0.047529789838850145
0.04752988192855356
0.04752999120142787
0.0475301062262804
0.04753021814870928
0.04753032029960591
0.04753040784866969
0.04753047749902306
0.04753052721922446
0.04753055600922773
0.047530563697010475
0.04753055076287227
0.047530518188586335
0.047530467328753545
0.04753039980199292
0.0475303173997208
0.04753022201046597
0.04753011555787756
0.04752999995069429
0.047529877043135826
0.04752974860431236
0.04752961629537944
0.047529481653297734
0.04752934608018344
0.04752921083732897
0.047529077043102164
0.047528945673984135
0.04752881756815597
0.04752869343105648
0.047528573842451904
0.047528459264599476
0.04752835005116962
0.047528246456621015
0.04752814864576782
0.047528056703371235
0.04752797064354308
0.047527890418863517
0.047527815929086614
0.04752774702936435
0.04752768353793024
0.047527625243209304
0.04752757191031931
0.047527523286973405
0.04752747910877364
0.04752743910391899
0.04752740299733038
0.04752737051424327
0.04752734138327763
0.04752731533902688
0.047527292124196596
0.047527271491343726
0.047527253204229125
0.04752723703884143
0.04752722278412136
0.04752721024241646
0.047527199229705386
0.047527189575620965
0.04752718112330312
0.047527173729108196
0.04752716726219841
0.047527161604034696
0.04752715664780427
0.04752715229777582
0.04752714846863404
0.047527145084773736
0.047527142079599405
0.04752713939480879
0.047527136979691686
0.04752713479044479
0.04752713278951515
0.04752713094496208
0.04752712922985458
0.047527127621706966
0.04752712610194598
0.04752712465542208
0.047527123269952565
0.047527121935907135
0.04752712064582998
0.04752711939409604
0.04752711817661093
0.04752711699053058
0.047527115834028244
0.0475271147060764
0.0475271136062686
0.0475271125346598
0.04752711149163158
0.047527110477778245
0.04752710949381811
0.04752710854051134
0.04752710761860024
0.04752710672876115
0.04752710587157116
0.047527105047479146
0.0475271042567903
0.04752710349965483
0.04752710277606642
0.04752710208586308
0.04752710142872696
0.04752710080420597
0.047527100211709694
0.047527099650530036
0.047527099119855865
0.04752709861878113
0.04752709814632616
0.047527097701445364
0.04752709728304827
0.04752709689000456
0.04752709652116216
0.04752709617535855
0.047527095851428114
0.04752709554821066
0.047527095264565666
0.047527094999372355
0.047527094751542154
0.04752709452001802
0.04752709430378166
0.04752709410185696
0.047527093913311114
0.047527093737257275
0.047527093572852785
0.04752709341930428
0.0475270932758628
0.047527093141828125
0.04752709301654223
0.04752709289939261
0.047527092789806935
0.04752709268725486
0.04752709259124366
0.04752709250131648
0.04752709241705155
0.04752709233805774
0.04752709226397711
0.04752709219447493
0.04752709212924666
0.04752709206800876
0.04752709201050054
0.04752709195648197
0.04752709190572979
0.047527091858041715
0.04752709181322545
0.04752709177110637
0.047527091731520144
0.047527091694317125
0.04752709165935565
0.04752709162650515
0.04752709159564128
0.047527091566651136
0.0475270915394258
0.047527091513865916
0.04752709148987411
0.047527091467363114
0.04752709144624756
0.047527091426449175
0.04752709140789069
0.0475270913905016
0.04752709137421485
0.04752709135896538
0.047527091344695016
0.04752709133134392
0.047527091318857795
0.04752709130718735
0.0475270912962803
0.04752709128609334
0.047527091276579725
0.047527091267700716
0.04752709125941468
0.04752709125168486
0.04752709124447663
0.04752709123775756
0.04752709123149401
0.04752709122565857
0.047527091220222584
0.04752709121516052
0.047527091210445516
0.04752709120605658
0.04752709120197263
0.04752709119817167
0.04752709119463605
0.04752709119134568
0.04752709118828635
0.04752709118544096
0.047527091182795744
0.04752709118033627
0.047527091178050096
0.04752709117592513
0.047527091173951486
0.04752709117211662
0.04752709117041298
0.04752709116882936
0.04752709116735987
0.04752709116599518
0.04752709116472886
0.0475270911635538
0.04752709116246212
0.047527091161450596
0.04752709116051135
0.04752709115964138
0.0475270911588348
0.047527091158086954
0.047527091157394286
0.047527091156753465
0.04752709115615861
0.04752709115560938
0.0475270911551009
0.04752709115463005
0.04752709115419529
0.04752709115379261
0.04752709115342102
0.047527091153078516
0.04752709115276066
0.04752709115246878
0.04752709115219844
0.04752709115194953
0.04752709115172038
0.047527091151509104
0.04752709115131404
0.047527091151135736
0.04752709115096987
0.04752709115081866
0.04752709115067899
0.04752709115055154
0.04752709115043319
0.04752709115032516
0.0475270911502258
0.047527091150134204
0.04752709115005116
0.047527091149973555
0.04752709114990328
0.04752709114983855
0.04752709114977993
0.0475270911497252
0.047527091149676015
0.04752709114963116
0.047527091149588974
0.047527091149552114
0.047527091149516365
0.047527091149484835
0.04752709114945641
0.04752709114942899
0.047527091149405454
0.04752709114938336
0.04752709114936382
0.04752709114934495
0.047527091149328515
0.04752709114931308
0.047527091149299316
0.04752709114928644
0.047527091149275
0.04752709114926412
0.047527091149254796
0.047527091149246026
0.04752709114923925
0.047527091149231926
0.04752709114922504
0.04752709114921938
0.04752709114921483
0.04752709114920883
0.04752709114920439
0.04752709114920062
0.04752709114919773
0.04752709114919329
0.0475270911491914
0.04752709114918863
0.04752709114918652
0.04752709114918463
0.04752709114918241
0.047527091149180745
0.04752709114917908
0.04752709114917675
0.04752709114917553
0.04752709114917486
0.04752709114917364
0.047527091149172196
0.04752709114917153
0.04752709114917064
0.04752709114917042
0.047527091149170086
0.04752709114916964
0.047527091149167866
0.047527091149168754
0.0475270911491682
0.0475270911491682
0.0475270911491682
0.04752709114916753
0.04752709114916709
0.04752709114916698
0.04752709114916709
0.04752709114916709
0.04752709114916642
0.04752709114916598
0.04752709114916576
0.04752709114916576
0.04752709114916531
0.047527091149165535
0.047527091149165646
0.0475270911491652
0.0475270911491652
0.0475270911491652
0.04752709114916487
0.04752709114916531
0.04752709114916509
0.047527091149165535
0.04752709114916487
0.047527091149165535
0.04752709114916476
0.0475270911491652
0.04752709114916509
0.0475270911491652
0.0475270911491652
0.04752709114916509
0.04752709114916509
0.047527091149165646
0.04752709114916509
0.04752709114916531
0.04752709114916487
0.0475270911491652
0.04752709114916487
0.04752709114916487
0.04752709114916531
0.04752709114916509
0.04752709114916531
0.0475270911491652
0.04752709114916531
0.0475270911491652
0.04752709114916509
0.0475270911491652
0.04752709114916487
0.04752709114916509
0.047527091149165535
0.0475270911491652
0.04752709114916531
0.04752709114916476
0.04752709114916531
0.0475270911491652
0.04752709114916487
0.0475270911491652
0.0475270911491652
0.04752709114916531
0.0475270911491652
0.0475270911491652
0.04752709114916531
0.04752709114916531
0.04752709114916531
0.0475270911491652
0.04752709114916509
0.0475270911491652
0.04752709114916509
0.04752709114916509
0.04752709114916476
0.0475270911491652
0.0475270911491652
0.0475270911491652
0.04752709114916509
0.0475270911491652
0.047527091149165535
0.047527091149165535
0.04752709114916531
0.04752709114916509
0.04752709114916509
0.04752709114916576
0.0475270911491652
0.04752709114916487
0.0475270911491652
0.047527091149165646
0.04752709114916531
0.04752709114916576
0.047527091149165646
0.047527091149165535
0.0475270911491652
0.04752709114916576
0.04752709114916576
0.047527091149165535
0.047527091149165646
0.04752709114916531
0.04752709114916531
0.04752709114916487
0.047527091149165646
0.04752709114916531
0.047527091149165535
0.047527091149165535
0.04752709114916487
0.0475270911491652
0.04752709114916509
0.04752709114916509
0.04752709114916576
0.0475270911491652
0.0475270911491662
0.04752709114916531
0.0475270911491652
0.047527091149165535
0.047527091149165646
0.0475270911491652
0.047527091149165535
0.04752709114916642
0.04752709114916576
0.04752709114916531
0.047527091149165646
0.0475270911491652
0.0475270911491652
0.04752709114916509
0.0475270911491652
0.04752709114916598
0.0475270911491652
0.04752709114916487
0.04752709114916487
0.04752709114916509
0.047527091149165535
0.0475270911491652
0.04752709114916487
0.04752709114916487
0.047527091149165535
0.0475270911491652
0.04752709114916509
0.04752709114916531
0.04752709114916487
0.047527091149165535
0.0475270911491652
0.04752709114916509
0.0475270911491652
0.04752709114916642
0.04752709114916531
0.04752709114916531
0.0475270911491652
0.04752709114916531
0.047527091149165535
0.0475270911491652
0.04752709114916509
0.04752709114916509
0.04752709114916487
0.04752709114916487
0.0475270911491652
0.0475270911491652
0.04752709114916509
0.04752709114916509
0.0475270911491652
0.04752709114916576
0.04752709114916487
0.04752709114916531
0.047527091149165646
0.04752709114916509
0.04752709114916598
0.0475270911491652
0.04752709114916576
0.04752709114916509
0.0475270911491652
0.04752709114916531
0.04752709114916509
0.04752709114916509
0.047527091149165646
0.04752709114916531
0.04752709114916531
0.0475270911491652
0.04752709114916487
0.04752709114916509
0.047527091149165646
0.04752709114916509
0.047527091149165535
0.047527091149165535
0.04752709114916509
0.047527091149165535
0.047527091149165535
0.04752709114916598
0.047527091149164646
0.04752709114916609
0.0475270911491652
0.0475270911491652
0.047527091149165535
0.04752709114916487
0.04752709114916487
0.04752709114916487
0.047527091149165535
0.0475270911491652
0.04752709114916509
0.04752709114916487
0.04752709114916509
0.04752709114916509
0.04752709114916476
0.04752709114916531
0.0475270911491652
0.04752709114916476
0.047527091149165535
0.0475270911491652
0.04752709114916509
0.04752709114916531
0.04752709114916509
0.04752709114916476
0.04752709114916531
0.04752709114916531
0.04752709114916487
0.0475270911491652
0.04752709114916509
0.04752709114916487
0.04752709114916531
0.047527091149165535
0.04752709114916487
0.04752709114916509
0.04752709114916531
0.047527091149165535
0.04752709114916487
0.04752709114916487
0.04752709114916487
0.047527091149165646
0.0475270911491652
0.04752709114916509
0.04752709114916487
0.047527091149164424
0.04752709114916531
