0.9994385730822041
0.9993340239765165
0.9992330368431394
0.9991162432807923
0.9989811133778396
0.9988261963491109
0.9986494399053353
0.9984509421799661
0.9982279471411581
0.9979777089355594
0.9976978579587198
0.9973845514299311
0.9970339749072417
0.9966412181766017
0.9962068810193551
0.9957297098282365
0.9951995460814912
0.9946115462985927
0.9939641988100635
0.9932532379705784
0.9924760532844232
0.9916227872805695
0.99069813434039
0.9896853790983723
0.9885852622475715
0.9873853816137316
0.9860904171864833
0.9846890265860884
0.9831883739417856
0.9815767893853994
0.9798447895452148
0.9779824280724286
0.9759922296308577
0.9738402038550286
0.9715386233836517
0.9691011447667465
0.9664941443803021
0.9637064841117152
0.9607540926764114
0.957617149684471
0.9543586203004994
0.9508775810669103
0.9471693314140422
0.9432927002525662
0.9392675543268858
0.9350261149814391
0.9306500921695129
0.9260477750983924
0.9212725514126041
0.9163462430700332
0.9112669438271213
0.9059469970135374
0.9004302582462428
0.8946797681828331
0.88874976626513
0.8826451042661767
0.8762926929524532
0.8697945042852515
0.8631850289909185
0.8565094620938057
0.8497238664485856
0.8428316965019262
0.8358686555769044
0.8287756026470523
0.8217137168108426
0.8146200037051466
0.8075277182271274
0.8003082280748472
0.7930732652525845
0.7858691666096448
0.7786094206025256
0.7712403313270031
0.763838354504345
0.7564005108478156
0.748922395019676
0.741403238019342
0.7338916896819696
0.7263455494649117
0.7189144049289873
0.7114840428209588
0.7040033475078901
0.696567090824802
0.6894007744637284
0.6824123084161766
0.6754461330213297
0.6687306479357652
0.6620562847996702
0.6553044546311155
0.6485973906113536
0.642096126800874
0.635833190868548
0.6296472133766957
0.623625843262456
0.6179122488802651
0.6121891545278964
0.6068432438702362
0.6016978641663271
0.596557659868546
0.5918696109554091
0.5875492714499527
0.5834452289359776
0.5797406093311397
0.5760545334946079
0.5726505836270284
0.5692894162253415
0.5659595498903897
0.5627399556160906
0.559831250862783
0.5572473746247514
0.5548983128331144
0.5525428429601011
0.5503604787409628
0.5480405866490039
0.5458197719281881
0.5437887301117894
0.5417287196286982
0.5397187318081037
0.5378758693770541
0.5360315651843353
0.5342534991882468
0.5326865827021946
0.5311989747951391
0.5297960557046418
0.5281699717324281
0.526529610080674
0.5250862343325662
0.5238483556191597
0.5225725532267007
0.5209344075918132
0.5192015345867241
0.5177508007544621
0.5165995645778921
0.5154815862125623
0.5139766172723198
0.5123368509339221
0.5111899507014178
0.5100802504809134
0.5089237580372186
0.5076088147600246
0.5063617681791464
0.5049126577185599
0.5036108632192888
0.5024872389595064
0.5015365153181524
0.5002976732835951
0.4991753607298305
0.4983972278917842
0.49749541637113814
0.49683282338124146
0.4961156089608375
0.49551658808455123
0.49494906188807375
0.4942125868100413
0.49372017887501374
0.49308502666692666
0.4925997646348518
0.49214424215795605
0.49157221962788566
0.49118099681249694
0.49106267766231404
0.49073864195046923
0.4904095952721409
0.4901389719901257
0.4901942798093756
0.4897907420084038
0.4895833819504637
0.48957331523006664
0.4893965485220245
0.4890472311245534
0.4887072651713872
0.4884848677241327
0.4883502859486306
0.48801985797444847
0.48781599892867267
0.4873727832053445
0.4872577000049566
0.4873457603108857
0.48753522279070616
0.48785949303590304
0.4879310079503345
0.48814634659961953
0.48806624528022646
0.48801761289531054
0.48827995603468
0.48856042488141205
0.48883276749149207
0.48856337185904464
0.48855926414834683
0.4885264559964285
0.48830457943350836
0.4883567137966478
0.4890041553744148
0.4895798462707276
0.4897144531480774
0.4898099147863264
0.4900397011682657
0.490422491746047
0.49072676132117177
0.4909346440578456
0.49137711117389216
