0.801538015750353
0.7498121281804001
0.7483555592204252
0.7468892326401395
0.7454147944244887
0.7439332489620034
0.7424451595631836
0.7409508532266678
0.7394505251067199
0.7379442924716799
0.7364322242737615
0.7349143583373547
0.7333907118831222
0.7318612882668961
0.7303260814643959
0.7287850791567434
0.7272382649151901
0.7256856197867534
0.7241271234695675
0.7225627551996544
0.7209924944296764
0.7194163213543288
0.7178342173202823
0.716246165147556
0.7146521493817366
0.7130521564913807
0.7114461750213534
0.7098341957103365
0.7082162115789115
0.706592217993298
0.704962212708816
0.7033261958964112
0.7016841701549905
0.7000361405118705
0.6983821144132891
0.6967221017066344
0.6950561146158116
0.6933841677109789
0.691706277873706
0.6900224642584778
0.688332748251336
0.6866371534263531
0.6849357055005301
0.6832284322876347
0.6815153636514214
0.6797965314586079
0.6780719695319288
0.6763417136035343
0.6746058012689506
0.672864271941793
0.6711171668093691
0.6693645287892915
0.6676064024871866
0.6658428341555596
0.6640738716538577
0.6622995644097596
0.6605199633816916
0.6587351210225736
0.6569450912447652
0.655149929386204
0.6533496921776836
0.6515444377112445
0.6497342254096272
0.6479191159967379
0.6460991714690814
0.6442744550680981
0.6424450312533638
0.6406109656765808
0.6387723251563229
0.6369291776534656
0.6350815922472572
0.6332296391119758
0.6313733894941198
0.629512915690088
0.627648291024294
0.6257795898276828
0.6239068874165936
0.6220302600719381
0.6201497850186501
0.618265540405373
0.6163776052843508
0.6144860595914932
0.6125909841265791
0.610692460533578
0.6087905712810611
0.6068853996426755
0.6049770296776689
0.6030655462114336
0.6011510348160638
0.5992335817908965
0.5973132741430398
0.5953901995678541
0.5934644464293948
0.5915361037407916
0.5896052611445659
0.5876720088928671
0.5857364378276413
0.5837986393606991
0.5818587054537094
0.5799167285980882
0.5779728017948011
0.5760270185340672
0.5740794727749632
0.5721302589249402
0.5701794718192346
0.5682272067001934
0.5662735591965082
0.5643186253023564
0.5623625013564648
0.5604052840210867
0.5584470702609059
0.5564879573218722
0.5545280427099659
0.5525674241699092
0.5506061996638176
0.5486444673498083
0.5466823255605693
0.5447198727818872
0.5427572076311624
0.540794428835889
0.5388316352121401
0.5368689256430377
0.5349063990572323
0.532944154407397
0.5309822906487407
0.5290209067175504
0.5270601015097716
0.52509997385964
0.5231406225183626
0.5211821461328643
0.5192246432246095
0.5172682121685026
0.5153129511718813
0.5133589582536033
0.511406331223246
0.5094551676604202
0.5075055648942075
0.5055576199827305
0.5036114296928678
0.5016670904801137
0.4997246984686031
0.4977843494312947
0.49584613877033357
0.4939101614975997
0.4919765122154395
0.49004528509759704
0.4881165738703579
0.4861904717938973
0.4842670716438544
0.4823464656931342
0.4804287456939388
0.47851400286004575
0.47660232784933854
0.4746938107465759
0.4727885410464423
0.4708866076368502
0.46898809878252334
0.46709310210885724
0.4652017045860619
0.4633139925135974
0.4614300515049007
0.45954996647241897
0.45767382161293624
0.45580170039322043
0.4539336855359789
0.4520698590061276
0.4502103019973893
0.44835509491920855
0.4465043173840032
0.44465804819473786
0.4428163653328393
0.44097934594644883
0.4391470663390057
0.4373196019581834
0.4354970273851665
0.43367941632426465
0.4318668415928889
0.4300593751118643
0.4282570878961016
0.42646005004560994
0.42466833073687416
0.4228819982145743
0.4211011197836573
0.4193257618017726
0.41755598967204544
0.41579186783621636
0.41403345976812034
0.4122808279675262
0.4105340339543232
0.40879313826305474
0.40705820043780205
0.40532927902741456
0.4036064315810849
0.4018897146442644
0.4001791837549249
0.3984748934401513
0.39677689721307985
0.39508524757016217
0.3933999959887665
0.391721192925102
0.3900488878124747
0.38838312905985906
0.38672396405079523
0.3850714391425959
0.3834255996658702
0.38178648992435205
0.38015415319503754
0.3785286317286166
0.37690996675021105
0.3752981984603967
0.3736933660365145
0.3720955076342739
0.3705046603896257
0.3689208604209182
0.3673441428313168
0.36577454171149626
0.36421209014258793
0.36265682019938994
0.3611087629538222
0.35956794847863083
0.3580344058513393
0.35650816315842293
0.3549892474997316
0.35347768499312093
0.35197350077931966
0.3504767190270055
0.34898736293808963
0.3475054547532117
0.34603101575743456
0.3445640662861267
0.3431046257310426
0.34165271254658336
0.34020834425623414
0.3387715374591772
0.33734230783707675
0.3359206701610159
0.3345066382986036
0.33310022522122307
0.3317014430114361
0.33031030287051577
0.3289268151261364
0.327550989240171
0.32618283381662916
0.3248223566097188
0.32346956453200326
0.32212446366269587
0.32078705925603757
0.3194573557497896
0.31813535677381044
0.3168210651587361
0.31551448294473283
0.31421561139033993
0.3129244509813849
0.3116410014399732
0.31036526173354007
0.30909723008396695
0.3078369039767592
0.3065842801702733
0.30533935470499063
0.30410212291284344
0.302872579426574
0.3016507181891318
0.3004365324631104
0.29923001484019707
0.2980311572506641
0.2968399509728631
0.2956563866427522
0.2944804542634226
0.29331214321464205
0.2921514422624011
0.2909983395684622
0.28985282269990165
0.28871487863865886
0.2875844937910633
0.286461653997363
0.2853463445412272
0.28423855015923694
0.28313825505035883
0.28204544288538924
0.28096009681636713
0.2798821994859768
0.2788117330369001
0.2777486791211383
0.2766930189093091
0.275644733099886
0.27460380192841083
0.2735702051766552
0.27254392218173695
0.271524931845189
0.2705132126419789
0.26950874262947444
0.26851149945635255
0.2675214603714581
0.2665386022325995
0.26556290151528916
0.26459433432141644
0.2636328763878639
0.262678503095056
0.26173118947544183
0.2607909102219117
0.2598576396961466
0.2589313519368951
0.2580120206681761
0.257099619307422
0.2561941209735318
0.25529549849486344
0.25440372441714487
0.2535187710113105
0.25264061028125495
0.25176921397152585
0.2509045535749145
0.2500466003399886
0.2491953252785274
0.2483506991728982
0.24751269258332498
0.24668127585509803
0.24585641912569256
0.24503809233180673
0.2442262652163084
0.24342090733512
0.24262198806399715
0.24182947660523924
0.24104334199430666
0.2402635531063666
0.23949007866273686
0.23872288723726898
0.23796194726262287
0.23720722703647956
0.23645869472765035
0.23571631838212515
0.23498006592901088
0.23424990518640676
0.2335258038671899
0.23280772958471285
0.23209564985842723
0.23138953211941338
0.23068934371584016
0.2299950519183347
0.22930662392527257
0.22862402686798422
0.2279472278158826
0.22727619378151542
0.22661089172552373
0.22595128856153568
0.2252973511609655
0.2246490463577553
0.22400634095301264
0.22336920171958574
0.2227375954065659
0.22211148874369468
0.22149084844571387
0.2208756412166285
0.2202658337539002
0.2196613927525587
0.21906228490924928
0.2184684769262013
0.2178799355151234
0.2172966274010264
0.21671851932598274
0.21614557805280177
0.215577770368646
0.21501506308857243
0.21445742305900728
0.2139048171611524
0.21335721231432025
0.21281457547921212
0.21227687366111703
0.21174407391305683
0.2112161433388623
0.21069304909617825
0.21017475839942146
0.20966123852266128
0.20915245680244288
0.2086483806405557
0.20814897750673433
0.207654214941293
0.20716406055772707
0.20667848204522377
0.20619744717113875
0.20572092378340423
0.20524887981288575
0.2047812832756858
0.20431810227538028
0.20385930500522154
0.2034048597502669
0.20295473488947247
0.20250889889772294
0.20206732034781227
0.2016299679123833
0.20119681036580384
0.20076781658600096
0.20034295555625137
0.19992219636691166
0.19950550821711666
0.1990928604164166
0.1986842223863824
0.19827956366215105
0.19787885389394155
0.19748206284851977
0.1970891604106172
0.1967001165843153
0.1963149014943787
0.19593348538755817
0.1955558386338464
0.1951819317276905
0.19481173528917317
0.19444522006515408
0.1940823569303637
0.19372311688847466
0.1933674710731248
0.19301539074890883
0.19266684731233064
0.19232181229272738
0.19198025735315616
0.19164215429123654
0.19130747503998113
0.19097619166856872
0.1906482763831091
0.19032370152735734
0.19000243958340401
0.189684463172341
0.1893697450548819
0.1890582581319734
0.18874997544535477
0.18844487017810863
0.1881429156551726
0.18784408534382369
0.18754835285414284
0.1872556919394439
0.18696607649668462
0.18667948056684258
0.1863958783352756
0.18611524413205516
0.18583755243226674
0.1855627778562997
0.185290895170103
0.1850218792854269
0.18475570526003138
0.1844923482978844
0.1842317837493317
0.1839739871112407
0.18371893402713735
0.183466600287308
0.1832169618288928
0.18296999473594777
0.1827256752395039
0.18248397971758556
0.18224488469522981
0.18200836684448196
0.18177440298436298
0.18154297008083586
0.181314045246744
0.18108760574173555
0.180863628972172
0.18064209249101815
0.1804229739977239
0.18020625133808077
0.17999190250406816
0.17977990563368618
0.17957023901077218
0.17936288106480214
0.1791578103706789
0.1789550056485144
0.1787544457633784
0.1785561097250592
0.17835997668779602
0.17816602595000164
0.1779742369539793
0.17778458928561258
0.1775970626740676
0.17741163699145845
0.17722829225251957
0.17704700861426215
0.1768677663756123
0.17669054597705447
0.1765153280002486
0.17634209316764948
0.17617082234211134
0.176001496526479
0.17583409686318285
0.17566860463381362
0.17550500125868507
0.1753432682964079
0.17518338744342754
0.17502534053358232
0.17486910953763513
0.17471467656279638
0.17456202385225705
0.17441113378469686
0.17426198887379318
0.1741145717677236
0.17396886524865585
0.17382485223224398
0.17368251576710259
0.1735418390342831
0.1734028053467508
0.17326539814884023
0.17312960101571784
0.1729953976528381
0.1728627718953849
0.17273170770771828
0.17260218918281434
0.17247420054169638
0.17234772613286398
0.1722227504317172
0.17209925803997927
0.1719772336851091
0.1718566622197183
0.17173752862097202
0.17161981799000225
0.1715035155513046
0.1713886066521364
0.17127507676191012
0.1711629114715888
0.17105209649306874
0.17094261765857366
0.1708344609200244
0.1707276123484336
0.17062205813327413
0.17051778458185518
0.17041477811869887
0.17031302528490888
0.17021251273754157
0.17011322724896605
0.17001515570624048
0.16991828511046403
0.1698226025761459
0.169728095330564
0.16963475071312428
0.16954255617471425
0.16945149927706682
0.16936156769210775
0.16927274920131596
0.16918503169507548
0.16909840317202207
0.16901285173840652
0.16892836560743518
0.16884493309862725
0.16876254263716228
0.1686811827532263
0.16860084208137172
0.16852150935985655
0.16844317342999549
0.16836582323551375
0.16828944782189226
0.16821403633571774
0.16813957802402923
0.16806606223367426
0.16799347841065082
0.16792181609946466
0.16785106494247726
0.1677812146792519
0.1677122551459137
0.16764417627450123
0.16757696809230982
0.16751062072125755
0.1674451243772349
0.16738046936945972
0.16731664609983277
0.16725364506229967
0.16719145684220615
0.167130072115659
0.16706948164888535
0.1670096762975981
0.16695064700635542
0.16689238480792856
0.1668348808226674
0.16677812625786814
0.16672211240714063
0.1666668306497785
0.16661227245013965
0.1665584293570026
0.16650529300296624
0.16645285510380126
0.1664011074578503
0.1663500419453937
0.1662996505280402
0.16624992524811033
0.16620085822801833
0.16615244166966736
0.16610466785383127
0.16605752913955474
0.16601101796354312
0.16596512683955922
0.1659198483578247
0.16587517518441286
0.16583110006066448
0.16578761580257906
0.16574471530022938
0.1657023915171728
0.16566063748985893
0.16561944632704206
0.16557881120920526
0.16553872538797
0.1654991821855264
0.1654601749940502
0.16542169727513156
0.1653837425592024
0.16534630444497223
0.1653093765988557
0.16527295275441178
0.1652370267117803
0.16520159233713105
0.16516664356209587
0.1651321743832258
0.1650981788614333
0.16506465112144564
0.16503158535126616
0.16499897580162026
0.16496681678542513
0.16493510267724754
0.1649038279127678
0.1648729869882558
0.16484257446003403
0.1648125849439529
0.1647830131148713
0.1647538537061327
0.16472510150904573
0.16469675137237483
0.1646687982018218
0.16464123695952437
0.16461406266353729
0.16458727038734322
0.16456085525934216
0.16453481246235813
0.1645091372331401
0.16448382486187796
0.1644588706917025
0.16443427011820777
0.16441001858896598
0.1643861116030454
0.1643625447105309
0.16433931351205733
0.16431641365832927
0.16429384084965715
0.16427159083548926
0.16424965941395187
0.16422804243138744
0.16420673578189637
0.1641857354068873
0.1641650372946203
0.16414463747976604
0.16412453204295285
0.16410471711033237
0.16408518885313395
0.1640659434872319
0.164046977272711
0.16402828651343804
0.16400986755663105
0.16399171679243774
0.16397383065351379
0.16395620561460278
0.16393883819211819
0.16392172494374202
0.16390486246799751
0.163888247403858
0.1638718764303343
0.16385574626607513
0.1638398536689718
0.16382419543576
0.1638087684016294
0.16379356943983125
0.16377859546129858
0.16376384341425154
0.16374931028382822
0.16373499309170236
0.16372088889570324
0.16370699478944983
0.16369330790198033
0.16367982539738446
0.1636665444744404
0.16365346236625433
0.1636405763398986
0.16362788369606507
0.16361538176870116
0.16360306792467583
0.1635909395634103
0.16357899411656085
0.16356722904765475
0.16355564185176308
0.1635442300551636
0.16353299121500564
0.16352192291898426
0.1635110227850033
0.1635002884608604
0.16348971762391995
0.1634793079807949
0.16346905726702854
0.163458963246781
0.16344902371251901
0.1634392364847045
0.16342959941149093
0.16342011036841697
0.163410767258107
0.16340156800997496
0.1633925105799242
0.1633835929500539
0.16337481312837188
0.16336616914850655
0.1633576590694178
0.16334928097511503
0.16334103297438018
0.16333291320048315
0.1633249198109098
0.1633170509870906
0.16330930493412366
0.1633016798805177
0.16329417407790903
0.163286785800819
0.16327951334637214
0.16327235503405468
0.16326530920544702
0.1632583742239756
0.16325154847465795
0.16324483036385617
0.16323821831903063
0.1632317107884923
0.16322530624116016
0.16321900316632776
0.16321280007341576
0.1632066954917466
0.16320068797030174
0.1631947760774981
0.16318895840095482
0.16318323354727082
0.1631776001417945
0.16317205682840885
0.16316660226930646
0.1631612351447682
0.1631559541529608
0.16315075800970813
0.16314564544828836
0.16314061521922163
0.16313566609006225
0.1631307968451995
0.163126006285645
0.16312129322883584
0.16311665650843798
0.16311209497414658
0.16310760749148745
0.16310319294163245
0.16309885022120119
0.16309457824207263
0.16309037593119902
0.16308624223042167
0.1630821760962876
0.163078176499862
0.16307424242655688
0.1630703728759485
0.16306656686160148
0.16306282341089628
0.163059141564856
0.16305552037797388
0.16305195891805113
0.1630484562660207
0.16304501151578832
0.16304162377406994
0.16303829216022414
0.16303501580609936
0.16303179385587008
0.16302862546588148
0.16302550980449781
0.1630224460519457
0.163019433400165
0.16301647105265615
0.16301355822433317
0.16301069414138336
0.16300787804110672
0.16300510917178956
0.16300238679255574
0.16299971017322223
0.16299707859416734
0.16299449134618715
0.16299194773036874
0.16298944705794582
0.16298698865017436
0.16298457183819703
0.1629821959629133
0.16297986037485568
0.16297756443405598
0.16297530750992728
0.16297308898113672
0.162970908235482
0.16296876466977184
0.16296665768970564
0.16296458670975644
0.16296255115305291
0.16296055045126367
0.16295858404448305
0.1629566513811208
0.16295475191778364
0.16295288511917538
0.16295105045797842
0.1629492474147488
0.16294747547781585
0.1629457341431655
0.16294402291434718
0.1629423413023643
0.16294068882557433
0.16293906500959332
0.162937469387188
0.1629359014981846
0.16293436088936897
0.1629328471143937
0.16293135973368045
0.16292989831432925
0.1629284624300239
0.16292705166094368
0.16292566559367072
0.16292430382110334
0.16292296594236932
0.16292165156273075
0.16292036029351153
0.16291909175200303
0.16291784556138567
0.16291662135064022
0.16291541875447513
0.1629142374132394
0.1629130769728434
0.16291193708468565
0.1629108174055678
0.16290971759762485
0.16290863732824556
0.16290757626999863
0.16290653410055966
0.16290551050263602
0.1629045051639011
0.16290351777691703
0.16290254803906368
0.16290159565247986
0.16290066032397854
0.16289974176499822
0.16289883969151886
0.16289795382400973
0.16289708388735724
0.16289622961080108
0.1628953907278753
0.16289456697634253
0.16289375809812967
0.16289296383927898
0.16289218394987148
0.16289141818398
0.16289066629960558
0.16288992805862446
0.16288920322672273
0.1628884915733474
0.16288779287165023
0.16288710689843267
0.16288643343408404
0.16288577226254475
0.16288512317123727
0.16288448595102423
0.16288386039615255
0.16288324630420659
0.1628826434760562
0.1628820517158056
0.16288147083075055
0.16288090063132488
0.1628803409310562
0.16287979154651977
0.16287925229728906
0.162878723005897
0.16287820349778281
0.16287769360125726
0.16287719314745097
0.16287670197027693
0.16287621990638446
0.16287574679512173
0.16287528247849148
0.16287482680111143
0.16287437961017392
0.16287394075540407
0.16287351008902984
0.16287308746573315
0.16287267274261652
0.16287226577916458
0.16287186643721308
0.162871474580902
0.16287109007664924
0.16287071279310927
0.16287034260114552
0.16286997937378478
0.16286962298619434
0.16286927331564538
0.16286893024147664
0.16286859364506412
0.16286826340979188
0.1628679394210183
0.16286762156604395
0.16286730973408192
0.1628670038162281
0.16286670370543266
0.1628664092964699
0.16286612048590554
0.16286583717207492
0.16286555925505264
0.16286528663662025
0.1628650192202432
0.16286475691104918
0.16286449961579075
0.16286424724282644
0.16286399970209287
0.1628637569050818
0.16286351876481076
0.16286328519580306
0.1628630561140595
0.16286283143704072
0.16286261108363498
0.1628623949741429
0.16286218303024935
0.16286197517500456
0.16286177133280066
0.16286157142934743
0.16286137539165668
0.16286118314801357
0.16286099462796233
0.16286080976228268
0.16286062848297167
0.1628604507232173
0.16286027641738887
0.16286010550101038
0.16285993791074238
0.16285977358436765
0.16285961246076697
0.16285945447990346
0.16285929958280665
0.16285914771155197
0.16285899880924548
0.16285885282000112
0.162858709688935
0.16285856936213827
0.1628584317866658
