1.6165895318265517
1.5871220817940763
1.5777811069777923
1.5677124148532302
1.5565934445082872
1.5449047138765009
1.533345656099996
1.5209007249375253
1.5080417254648566
1.4948482225344817
1.4812650274076105
1.4673791319872027
1.45310584292679
1.4384698183975904
1.4234967660746278
1.4082132819582627
1.3926469039291232
1.3768255634414255
1.3607748173601364
1.3444978499570857
1.327964122318544
1.3113192559449576
1.294585756718553
1.2777833807062566
1.2609436445301465
1.2431315662440159
1.2249849470885423
1.2065187830395105
1.1874592592928792
1.1680395242201422
1.1482999700778944
1.128299561113225
1.1068524626196894
1.0848595524911726
1.0623690971402133
1.0395260195456093
1.0162459962862413
0.9926324872849199
0.9688697588251294
0.9450173177610673
0.9211080676871107
0.8971838929840253
0.8733421835904709
0.8490867678131366
0.8249007411376229
0.7996550830134228
0.7741026657900556
0.7481604366494791
0.721840527619847
0.6952164177474075
0.6683734124293563
0.6397833031994468
0.6111847520217083
0.5826752297615346
0.5543438966157963
0.5262995467800371
0.4986799151093084
0.4696045583925692
0.4411050286480887
0.41205415351232744
0.38356049465352277
0.3558013069580254
0.32894114730868423
0.303128432039346
0.27849399858239854
0.25515017528308087
0.2331909217136469
0.21269438465979867
0.19373034506638523
0.17529674450928365
0.15855515532771433
0.14349045745024405
0.13005895111479904
0.11821984511205129
0.1044130051437733
0.09222665896170838
0.08159974770809678
0.0724593182463989
0.06412323866641308
0.057122511458790846
0.051359401749322825
0.04611621399343878
0.041973916280216246
0.03885700156369878
0.03615599458580674
0.0320950294863482
0.02898819293323101
0.026186010537229878
0.024244691139991923
0.022912647664542707
0.02229627405275305
0.02176406019698379
0.02178521851642381
0.022227466639258984
0.022510764527690835
0.023133824710164792
0.02204484817458817
0.021408303883533823
0.020393988287406715
0.019858164795336745
0.019761459640438277
0.020064424114564775
0.020732747006523673
0.02094899342768164
0.021538704814134134
0.022500328888350504
0.021939534014931143
0.021926267713290388
0.02180127848200821
0.022401140622998743
0.023985014397368446
0.02190933031275209
0.02035866959406691
0.019438329013554825
0.019783064798941416
0.021214908858820238
0.021675776872529195
0.02262075291523649
0.02009482579619597
0.018670286744822392
0.017911182238832438
0.018059906685417806
0.018828164342154705
0.020257131102674145
0.022261780956795287
0.02170556364235128
0.02003442056804339
0.019211225035425425
0.018815187211241875
0.019162705609807217
0.02017442962500373
0.021331797644110976
0.023087806244252593
0.022282260668368893
0.022183181072407927
0.020680143333529674
0.019933113427169948
0.01987280531341729
0.020433186304209296
0.021557071396785615
0.022629816740839637
0.024292035077783596
0.023673147660578018
0.022442783038783234
0.021403818379153304
0.021057426309984292
0.021339768855833746
0.022188722240437345
0.022967247233899354
0.024222170039500335
0.024886733325260632
0.02607164364639904
0.024925835762811176
0.023794520111231753
0.023271641631346228
0.023309448701924307
0.02385945831832675
0.023890968112476135
0.023925654229435354
0.024483477056656364
0.025519997423504394
0.026999873590777372
0.02646280366321245
0.02646494125402985
0.02536706808783507
0.024893408755617855
0.02497667251874168
0.025551880458276083
0.026561016721877034
0.027957025551857768
0.029705372466485216
0.02791952885087858
0.026761475772824013
0.02618614064574947
0.02614898339801051
0.02660653508644689
0.02751766296058717
0.0288450690165394
0.02969103619033757
0.029997237890273983
0.028795145737754768
0.028185738869000547
0.02811684026052177
0.0285377375215496
0.029398081815925958
0.029832433888935687
0.03067399084850035
0.031856025338652345
0.032283248254353164
0.03307265701615039
0.03223079554670897
0.03188787927860728
0.031188196605594503
0.031007771666267076
0.031301908675887474
0.03202786308794999
0.03314618964701625
0.034621979727029864
0.03528340216209625
0.035505379302853544
