0.9215974940766709
0.8449872065719302
0.838961812294739
0.8320635993331521
0.8247088196544693
0.8170547872058842
0.8091808143672897
0.8011342430453454
0.7929468570896855
0.7846419528135686
0.7762377856097457
0.7677494050028578
0.7591896996089077
0.7505700218691419
0.7419005692156012
0.7331906124700761
0.7244486270056527
0.7156823677389706
0.7068989192058098
0.6981047424234755
0.6893057319496444
0.6805072899723597
0.6717144186429319
0.6629318266823987
0.6541640419641719
0.6454155192383486
0.6366907321382281
0.6279942410650851
0.6193307326360454
0.6107050308225873
0.6021220835431814
0.5935869306564447
0.5851046599779106
0.5766803574775474
0.5683190567218068
0.5600256913614692
0.55180505333638
0.543661758606822
0.5356002216395864
0.5276246395091475
0.5197389862184912
0.5119470175872609
0.5042522866891367
0.4966581692545657
0.48916789762943874
0.48178460079011604
0.47451134664235384
0.46735118157577626
0.4603071613269343
0.4533823670069299
0.44657990099203715
0.43990285934561185
0.43335428028852196
0.4269370714177511
0.4206539212337375
0.4145072025491314
0.40849887626901993
0.4026304038954639
0.3969026761350019
0.3913159634386392
0.3858698924002534
0.3805634498413892
0.3753950142440712
0.37036241208736653
0.3654629947498961
0.3606937301287557
0.35605130215630554
0.35153221108861277
0.347132867840092
0.34284967670564875
0.33867910240886123
0.33461771932674567
0.33066224270435857
0.3268095434211977
0.32305664919351673
0.3194007358719766
0.3158391127081097
0.31236920519156053
0.3089885384340387
0.30569472324349156
0.3024854461295568
0.29935846361910506
0.2963116005208336
0.29334275121854736
0.29044988273232775
0.28763103818323316
0.2848843394236189
0.28220798791431423
0.2796002633739521
0.27705952020542124
0.2745841821271513
0.27217273572794587
0.2698237237825738
0.2675357391101504
0.26530741956127635
0.26313744443703996
0.26102453233430195
0.258967440133609
0.25696496264293
0.25501593231071196
0.2531192184364466
0.2512737254290036
0.24947838986822346
0.24773217637547035
0.2460340725477534
0.24438308341197448
0.24277822597500226
0.24121852446296999
0.23970300676087009
0.23823070240091349
0.23680064223728106
0.23541185972292825
0.23406339350620436
0.23275429091939712
0.23148361185598823
0.23025043253487823
0.2290538487227023
0.22789297811337686
0.22676696172252864
0.22567496431459086
0.2246161740143492
0.22358980134142614
0.22259507793516514
0.22163125521042995
0.22069760311475795
0.21979340906417222
0.21891797704137916
0.21807062676649808
0.2172506928114337
0.21645752353089065
0.21569047972342015
0.21494893300435403
0.21423226395299805
0.2135398601706765
0.21287111443740947
0.21222542317162332
0.21160218537521566
0.21100080218965628
0.21042067710853662
0.20986121680339553
0.2093218324389766
0.20880194129539295
0.20830096848730842
0.2078183485774128
0.2073535269199274
0.2069059606308237
0.2064751191523685
0.20606048444680447
0.20566155090534233
0.20527782508602027
0.20490882539468327
0.20455408180037332
0.2042131356374382
0.2038855395020685
0.20357085721137452
0.20326866376720568
0.202978545259648
0.20270009865698635
0.2024329314559881
0.20217666120150019
0.2019309149188158
0.20169532852778407
0.20146954631825026
0.20125322055971265
0.20104601129568883
0.20084758634023067
0.20065762145757435
0.2004758006737896
0.20030181664800462
0.20013537102428747
0.19997617469420398
0.19982394792181538
0.19967842031220218
0.19953933063495866
0.19940642653907814
0.19927946421040696
0.19915820802507594
0.19904243024267193
0.19893191076462408
0.19882643696132118
0.1987258035512803
0.19862981250188966
0.19853827291667178
0.19845100087912904
0.19836781923616476
0.19828855732118753
0.19821305063384592
0.19814114050571602
0.19807267378626014
0.19800750257999908
0.19794548405514673
0.19788648032873532
0.19783035841726282
0.1977769902289192
0.1977262525663848
0.19767802710944382
0.19763220035379975
0.1975886634945049
0.19754731225624725
0.19750804668502914
