0.999995965138277
0.9999957814429871
0.9999955834271487
0.999995364472167
0.999995121409127
0.9999948502429211
0.9999945461114256
0.999994202986062
0.9999938134527878
0.9999933680696771
0.9999928551314347
0.9999922595305314
0.9999915619587013
0.9999907372223377
0.9999897524332921
0.9999885642624458
0.9999871166253733
0.9999853366486516
0.9999831349626719
0.9999804112301756
0.9999770635868217
0.9999730124841345
0.9999682260367323
0.9999641890569627
0.9999582795551707
0.9999517118469887
0.9999445426254046
0.999936492331098
0.9999281888323559
0.9999191295014012
0.999909103029548
0.9998980113913862
0.9998855120818299
0.9998714854639973
0.9998559034796333
0.9998388166806191
0.9998202979501903
0.9998004586887543
0.9997794318727782
0.9997572988198473
0.9997341216024843
0.9997098662340496
0.9996845955320038
0.9996582692511232
0.9996308658641824
0.999602393505957
0.9995727673231609
0.999542025252015
0.9995101877626198
0.9994772537337896
0.9994433574524801
0.9994084971980982
0.9993726984871375
0.9993359582879079
0.9992983441137256
0.9992598487888752
0.9992204069782271
0.9991801036950686
0.9991388332095158
0.9990966633824376
0.999053620176732
0.9990097060822074
0.998964898697769
0.9989191397286911
0.9988725102476738
0.9988250785331436
0.998776795436672
0.9987276908676588
0.9986778234411763
0.9986271887650319
0.9986020171327838
0.9985506553278016
0.9984983924340186
0.9984455011407506
0.9983919680435105
0.9983382163958898
0.9982842147675935
0.9982301675300342
0.9981760173022496
0.998122019545514
0.9980681675676005
0.9980145078378024
0.9979611047026574
0.9979078487433577
0.9978552410096597
0.9978031981223973
0.9977516615632834
0.9977007291049717
0.9976507643001848
0.9976017100642958
0.9975537179945958
0.997506760599776
0.9974609660920782
0.9974164093256183
0.9973725467696436
0.9973295003473233
0.9972875768626744
0.9972466020139981
0.997206990847664
0.9971686934524265
0.9971313922571954
0.99709524414725
0.9970605190640934
0.997027315626283
0.9969953759835921
0.9969642190364126
0.9969340072924981
0.9969051068643464
0.9968769720604561
0.9968501624498339
0.9968244365756553
0.9967992504690526
0.9967750348818419
0.9967516548010822
0.9967295357502444
0.9967082262012334
0.9966880525738109
0.9966692520652243
0.9966519057002748
0.9966351113267485
0.9966192874821084
0.9966045760284706
0.9965899232125798
0.9965759742058522
0.9965632214226884
0.9965512513850824
0.9965396784101963
0.9965287349410626
0.9965185730370176
0.9965094874782838
0.9965012834522741
0.9964937005935659
0.9964867847354493
0.9964803783099043
0.9964748937151211
0.9964697334227415
0.9964654095749659
0.9964618487459727
0.9964584966610025
0.9964555962106587
0.9964531984670285
0.9964512013008096
0.9964498129190644
0.9964489361497533
0.9964486448133438
0.9964487512265934
0.9964491418846686
0.9964497911959984
0.9964508444664589
0.9964521624911957
0.9964538622169415
0.9964552983648585
0.9964570539999663
0.9964590202288752
0.9964614117184271
0.9964641664327968
0.9964672850437152
0.9964705070871541
0.9964734575380322
0.996477275630827
0.9965366902025828
0.9965407361417284
0.9965450293325249
0.9965493764778431
0.9965041980292217
0.9965101997231366
0.9965160039550365
0.996521773792292
0.9965274870255606
0.9965332207970605
0.9965388593854906
0.9965442645417296
0.996549459680205
0.9965548355900893
0.9965603792661294
0.9965656439425489
0.9965714185927144
0.9965769833697172
0.9965833555621478
0.9965897381979147
0.9965962120147435
0.9966031171367482
0.996609941460957
0.996616970498282
0.9966243312602436
0.9966318849921
0.9966395312006444
0.9966470228365838
0.9966546439348131
0.9966624539717227
0.9966702890183619
0.9966779128113906
0.9966852800622539
0.9966923818409799
0.9966998322293191
0.9967075300154299
0.9967152128702811
0.9967231141742302
0.9967311908414467
0.9967390089172459
