0.9995243004230803
0.9994447357453454
0.9993684313749266
0.9992806604596055
0.9991797616797861
0.9990646784843823
0.9989341671816641
0.9987876439899812
0.9986220760241881
0.9984368411512994
0.9982298809551533
0.9979993709873584
0.9977408824263354
0.9974534419721631
0.9971330575406246
0.9967805733887367
0.9963905323330808
0.9959595929026039
0.9954838616131834
0.9949654943011782
0.9943966216326937
0.9937760103569
0.9930971012831261
0.992364173301405
0.9915704221428778
0.9907077824552779
0.9897733696611981
0.9887633609541345
0.987678134635502
0.986512604213144
0.9852739641164735
0.9839458170996329
0.9825170753218438
0.9809914162457279
0.9793526317918797
0.9776194188447248
0.9757702952456404
0.9737972789190091
0.9717047977046801
0.969470598473954
0.967127455878588
0.9646611156048243
0.9620418357631454
0.9592880878470111
0.9563897493289577
0.9533685757049568
0.950240191882872
0.9469763507980002
0.9435688681244824
0.9400839934228261
0.9364753333435288
0.9327078627872004
0.9288214222114151
0.9248288555274459
0.9207487657734817
0.9166144255052487
0.9122801363698761
0.907824305667225
0.9033287082037257
0.8987512358833613
0.8941590273663167
0.8895311686057167
0.8848457885789507
0.8801215555651757
0.8753479396430558
0.8705286652350582
0.865689789576384
0.860865663754909
0.8559882631214724
0.8509736803665409
0.8458080160432813
0.8407030347185109
0.8356179747674818
0.8305497521252664
0.8254012322031435
0.8202484207342733
0.8152270544244569
0.810108504999305
0.8049128345010603
0.7997968485263608
0.7947343489137773
0.789857516722882
0.7849979890444518
0.7801637097970324
0.7753558065590185
0.7706629342492007
0.766034745497966
0.7615002612643788
0.7570922982395573
0.7528152981604239
0.7486840252022313
0.7445744697458925
0.7404686200272613
0.7364226631179316
0.7325624650713467
0.7288757498753144
0.7253528091314025
0.721894153204933
0.7186499313346569
0.7155796633867151
0.7127426873025718
0.710159146039256
0.7076764884242357
0.705388449455133
0.7030751018799798
0.700879363328036
0.6988963840269864
0.6972166566063422
0.6957129807322707
0.6941861813942407
0.6928304843285255
0.6914761659698854
0.690181076433102
0.6886567705102009
0.6872167609664385
0.6857738470353892
0.6843679855621126
0.6832101063272523
0.6820801878888536
0.6810583183627632
0.6800485821668463
0.6789711901990951
0.6779454094887296
0.6770035628378308
0.675816370524515
0.6746612656154796
0.6737055192273851
0.6727660291116327
0.6720096074305668
0.6711059632014513
0.6702544521125586
0.6692213225604844
0.6683188193110878
0.667593003174785
0.666733726627731
0.6658280460873167
0.6649380000448366
0.6641606005194485
0.6633430887661032
0.6624741108524281
0.6614701652259954
0.6605773297132755
0.6596353842244178
0.65870219985756
0.6581004718662657
0.6574208273291664
0.6567478301045029
0.6561806461008559
0.6556641527369846
0.654966153801098
0.6543963342349016
0.6539257712115665
0.653325171782194
0.6526072709491775
0.6520539733687212
0.6516089790212064
0.651184348080531
0.6509030036638244
0.6506626793721826
0.6505071904869912
0.6501698879724138
0.649645542385276
0.6492417076714938
0.6489443702445662
0.648675457231238
0.6482551906364356
0.6478972585177569
0.6477481658695505
0.6476977775887129
0.6475828344849108
0.6474787746334454
0.6472550242579057
0.6472728785979972
0.6471819509877281
0.6469101511867539
0.6467738269229644
0.6466406497135061
0.6466749162784453
0.6466919517668877
0.6465923914971352
0.6467916274955354
0.6467853395997935
0.6467905576905637
0.6467528332454573
0.6469573611955545
0.647153916719327
0.6473589937832385
0.6474800108482086
0.6470663629942803
0.646933748776038
0.6467134812948198
0.6464932642579515
0.646463533290667
0.6466863819917861
0.6470905888607277
0.6473644210842602
0.6475098885131345
0.6475391316945793
0.6475548647775085
0.6476547390933409
