0.8656839590737532
0.951249631397787
0.9494798445363869
0.94758834788766
0.9455546273284232
0.9433695922825276
0.9410241583910517
0.9385082990196397
0.9358110045656217
0.9329203366707703
0.9298234797766397
0.9265067837215075
0.9229558029752087
0.9191553382591484
0.9150894850913214
0.9107416928105623
0.906094836973101
0.9011313075692098
0.8958331151756977
0.8901820168694276
0.8841596634301039
0.8777477690253407
0.8709283041756134
0.8636837123265064
0.8559971498015708
0.8478527482671052
0.8392358981113031
0.8301335503308876
0.8205345336408244
0.8104298825953878
0.7998131715567834
0.7886808484021933
0.7770325609594227
0.7648714683487065
0.7522045287316163
0.739042754477947
0.7254014255089871
0.7113002516092426
0.6967634748613848
0.6818199040844727
0.6665028742638264
0.6508501254561672
0.6349035975196955
0.6187091392175468
0.602316132712815
0.5857770371295736
0.5691468575912835
0.5524825488432015
0.5358423650854711
0.5192851698519863
0.5028697215364308
0.48665395137671263
0.4706942512736322
0.4550447886849065
0.4397568649884036
0.42487833218035886
0.41045308064147334
0.39652060808266454
0.38311567682165704
0.3702680634110892
0.35800240151507123
0.3463381159834893
0.3352894434501178
0.3248655325976677
0.31507061556609006
0.3059042408619299
0.29736155754619753
0.28943364038864594
0.28210784600170546
0.2753681906132067
0.26919574100231225
0.26356901110922715
0.2584643578497534
0.25385637065126165
0.24971825012847138
0.24602217210808985
0.24273963388206277
0.23984178012698754
0.23729970638967146
0.23508473842970723
0.23316868605435304
0.23152407040201017
0.23012432394620308
0.22894396281397578
0.22795873134613176
0.2271457191704248
0.22648345140670223
0.22595195296523463
0.22553278822466494
0.22520907767254916
0.22496549334862814
0.22478823514048052
0.22466499013707075
0.2245848773452258
0.22453838011723037
0.22451726862695232
0.22451451467210504
0.22452420097728742
0.22454142703391433
0.2245622133462798
0.22458340576584723
0.22460258139554512
0.22461795733908152
0.22462830336318473
0.2246328593380117
0.2246312581270744
0.22462345441605847
0.2246096598021955
0.2245902843141675
0.22456588439770953
0.2245371172846885
0.22450470156328206
0.22446938368371716
0.22443191006695618
0.22439300443191934
0.224353349919161
0.22431357556410159
0.2242742466597596
0.2242358585459735
0.22419883336813184
0.22416351936199186
0.22413019224116437
0.2240990582887883
0.22407025878393305
0.22404387542504678
0.22401993644648144
0.22399842315874519
0.22397927667799344
0.22396240464455996
0.2239476877635106
0.22393498603179385
0.22392414454611442
0.223914998812892
0.22390737950639528
0.22390111664312906
0.22389604315986578
0.2238919978992232
0.223888828020538
0.2238863908650338
0.22388455531307294
0.22388320267783846
0.22388222718421547
0.22388153608425465
0.22388104946157183
0.223880699776546
0.22388043120258505
0.22388019880110355
0.22387996757950412
0.2238797114725427
0.22387941228313402
0.22387905861414092
0.22387864481809105
0.22387816998716603
0.22387763700144736
0.22387705164914662
0.2238764218287339
0.22387575683927585
0.22387506676217528
0.2238743619347462
0.2238736525136904
0.22387294812463832
0.2238722575923312
0.22387158874487467
0.22387094828465204
0.22387034171797338
0.22386977333529556
0.22386924623385607
0.22386876237477626
0.22386832266708379
0.22386792707159808
0.22386757471826346
0.22386726403118884
0.22386699285639677
0.2238667585880142
0.2238665582893894
0.2238663888063498
0.22386624687045986
0.22386612919081017
0.22386603253340243
0.22386595378772844
0.22386589002054846
0.22386583851726716
0.22386579681159324
0.2238657627043814
0.22386573427276746
0.22386570987076915
0.22386568812262897
0.22386566791015428
0.22386564835532585
0.22386562879934635
0.22386560877925676
0.22386558800314116
0.22386556632478471
0.2238655437186189
0.22386552025554518
0.22386549608021022
0.22386547139011925
0.22386544641687645
0.2238654214097484
0.22386539662163918
