0.794582107488186
0.7581207760930837
0.7542582388586669
0.7503413941600353
0.7463757186791968
0.7423649105440786
0.7383110991910335
0.7342155541033105
0.7300790692458479
0.7259021660364657
0.7216852061704665
0.7174284581234883
0.7131321385551386
0.7087964393851522
0.7044215462920388
0.7000076518497718
0.6955549651767372
0.6910637192299376
0.6865341764518078
0.6819666332242016
0.6773614234293421
0.6727189213203076
0.6680395438410893
0.6633237524951583
0.6585720548340239
0.6537850056185612
0.6489632076929734
0.6441073126021959
0.6392180209771496
0.6342960827075836
0.6293422969189097
0.6243575117669036
0.6193426240623117
0.6142985787359432
0.6092263681537731
0.6041270312906908
0.5990016527708861
0.5938513617822994
0.5886773308721525
0.5834807746302142
0.5782629482661816
0.5730251460873186
0.567768699882343
0.5624949772173675
0.5572053796496488
0.5519013408647728
0.5465843247428854
0.5412558233595339
0.5359173549266665
0.5305704616793574
0.5252167077138266
0.5198576767823353
0.5144949700505919
0.5091302038233045
0.5037650072435749
0.4984010199718204
0.4930398898499616
0.48768327055661587
0.48233281925903226
0.476990194267501
0.4716570526979609
0.4663350481484484
0.4610258283950369
0.45573103311278584
0.4504522916271575
0.44519122070125283
0.4399494223640593
0.43472848178478485
0.4295299651981671
0.42435541788545394
0.4192063622155612
0.41408429575067374
0.40899068942031247
0.4039269857676625
0.39889459727163457
0.3938949047478969
0.38892925583179494
0.3839989635457721
0.3791053049535865
0.3742495199033248
0.3694328098608549
0.3646563368350607
0.35992122239585633
0.3552285467856573
0.3505793481246843
0.3459746217101035
0.34141531940876424
0.3369023491429245
0.33243657446811437
0.32801881424196877
0.32364984238260375
0.319330387714852
0.3150611339024231
0.31084271946383524
0.3066757378697491
0.3025607377191285
0.29849822299149775
0.2944886533723805
0.29053244464888406
0.28662996917224504
0.282781556384073
0.2789874934029174
0.27524802566772877
0.2715633576347126
0.2679336535240603
0.2643590381130103
0.2608395975716734
0.2573753803380946
0.2539663980290334
0.2506126263829671
0.2473140062319047
0.24407044449863402
0.2408818152161073
0.23774796056574565
0.23466869193155981
0.23164379096703247
0.22867301067186085
0.2257560764757628
0.22289268732662604
0.2200825167804591
0.2173252140906814
0.21462040529444115
0.21196769429376283
0.20936666392947345
0.20681687704595964
0.20431787754497022
0.20186919142677218
0.19947032781712704
0.19712077997864663
0.19482002630524242
0.19256753129847481
0.1903627465247394
0.18820511155233444
0.18609405486756125
0.18402899476911994
0.18200934024014692
0.18003449179736242
0.17810384231686227
0.1762167778361875
0.17437267833237124
0.1725709184757882
0.17081086835962045
0.169091894204909
0.16741335904115962
0.16577462336256954
0.16417504575996944
0.16261398352865297
0.16109079325228304
0.15960483136311365
0.15815545467884562
0.15674202091638723
0.15536388918290422
0.1540204204445237
0.15271097797309563
0.1514349277714272
0.15019163897744825
0.1489804842477609
0.14780084012102657
0.14665208736171687
0.14553361128467268
0.14444480206099986
0.14338505500581256
0.14235377084830514
0.14135035598469103
0.14037422271450317
0.13942478946077663
0.13850148097461312
0.1376037285246432
0.13673097007187085
0.13588265043042158
0.13505822141465806
0.1342571419731695
0.13347887831009542
0.132722903994261
0.13198870005658636
0.1312757550762269
0.130583565255863
0.1299116344866178
0.1292594744029908
0.12862660442824148
0.12801255181061943
0.1274168516508586
0.126839046921297
0.12627868847700885
0.12573533505933254
0.12520855329212333
0.12469791767109972
0.1242030105466232
0.12372342210021581
0.12325875031517164
0.12280860094153889
0.12237258745578738
0.12195033101546393
0.12154146040908775
0.1211456120015919
0.12076242967555773
0.12039156476850099
0.12003267600645706
0.11968542943411198
0.11934949834170061
0.1190245631889012
0.11871031152594513
0.11840643791213967
0.11811264383201292
0.11782863760928208
0.11755413431880368
0.11728885569672032
0.11703253004895087
0.11678489215819943
0.11654568318964842
0.11631465059547319
0.11609154801834476
0.11587613519404416
0.11566817785333328
0.11546744762321526
0.11527372192769347
0.11508678388816396
0.11490642222354552
0.11473243115025378
0.11456461028213438
0.11440276453043163
0.11424670400391479
0.11409624390922257
0.11395120445152973
0.11381141073560552
0.11367669266734437
0.11354688485583686
0.11342182651605581
0.11330136137220548
0.1131853375618207
0.11307360754063778
0.11296602798831856
0.11286245971506459
0.11276276756917214
0.11266682034555509
0.11257449069531378
0.11248565503633046
0.11240019346498009
0.11231798966895967
0.11223893084124958
0.11216290759528258
0.11208981388129013
0.1120195469038765
0.11195200704083719
0.11188709776323191
0.11182472555672529
0.11176479984421694
0.11170723290975693
0.11165193982378019
0.11159883836963125
0.11154784897141357
0.11149889462315776
0.111451900819309
0.11140679548653087
0.11136350891683267
0.11132197370201713
0.11128212466942955
0.11124389881903485
0.11120723526178222
0.11117207515927241
0.1111383616647158
0.11110603986516498
0.11107505672501772
0.11104536103078999
0.11101690333712033
0.11098963591401967
0.11096351269534788
0.11093848922849114
0.11091452262524182
0.11089157151385554
0.1108695959922783
0.11084855758252266
0.11082841918617914
0.11080914504104677
0.1107907006788631
0.11077305288412653
0.1107561696539835
0.11074002015916251
0.11072457470594588
0.11070980469915881
0.11069568260615392
0.1106821819217747
0.1106692771342862
0.11065694369223833
0.1106451579722717
0.1106338972478147
0.11062313965868276
0.1106128641815336
0.11060305060119868
0.11059367948282617
0.11058473214485309
0.11057619063278024
0.1105680376937187
0.11056025675171044
0.1105528318837875
0.11054574779676496
0.11053898980474575
0.11053254380732325
0.11052639626845584
0.11052053419601027
0.11051494512194537
0.11050961708313223
0.11050453860277987
0.11049969867246323
0.11049508673473174
0.11049069266629274
0.11048650676172977
0.11048251971777745
0.11047872261810598
0.11047510691862072
0.11047166443325596
0.11046838732024078
0.11046526806884682
0.1104622994865817
0.1104594746868166
0.11045678707685946
0.11045423034642587
0.1104517984565262
0.11044948562874202
0.11044728633487122
0.1104451952869624
0.11044320742768388
0.11044131792105671
0.11043952214351449
0.11043781567528799
0.11043619429211071
0.11043465395722274
0.11043319081367808
0.1104318011769232
0.11043048152767199
0.11042922850503178
0.11042803889990249
0.11042690964860569
0.11042583782677873
0.11042482064349313
0.11042385543559075
0.11042293966225325
0.11042207089977474
0.11042124683653576
0.1104204652681805
0.1104197240929814
0.11041902130738412
0.11041835500173258
0.11041772335616862
0.11041712463668374
0.11041655719134413
0.11041601944666057
0.1104155099041021
0.11041502713676721
0.11041456978617059
0.11041413655917864
0.11041372622506695
0.11041333761269756
0.11041296960781366
0.11041262115045136
0.11041229123246055
0.11041197889512488
0.11041168322688677
0.11041140336117239
0.1104111384743014
0.11041088778349373
0.11041065054496357
0.11041042605208118
0.11041021363364012
0.11041001265217343
0.11040982250236298
0.11040964260951303
0.11040947242808041
0.11040931144029342
0.11040915915480543
0.110409015105431
0.11040887884992567
0.11040874996882322
0.11040862806433027
0.11040851275926533
0.1104084036960512
0.11040830053574568
0.11040820295712939
0.11040811065582323
0.11040802334345379
0.11040794074685378
0.11040786260730517
0.11040778867981038
0.11040771873240685
0.110407652545503
0.11040758991125399
0.11040753063296582
0.11040747452452404
0.11040742140985416
0.11040737112240884
0.1104073235046692
0.11040727840768694
0.11040723569063582
0.11040719522038966
0.11040715687112412
0.11040712052392732
0.11040708606644312
0.11040705339252466
0.11040702240190547
0.11040699299988743
0.11040696509704606
0.11040693860894779
0.11040691345588505
0.11040688956261946
0.11040686685814516
0.11040684527545608
0.11040682475133423
0.11040680522613722
0.11040678664361325
0.11040676895070278
0.11040675209737605
0.11040673603645779
0.11040672072347679
0.11040670611650738
0.11040669217603816
0.11040667886482947
0.11040666614779193
0.11040665399186167
0.11040664236589404
0.11040663124054595
0.11040662058817963
0.11040661038276589
0.11040660059979268
0.11040659121617524
0.1104065822101824
0.11040657356135009
0.11040656525041459
0.11040655725923854
0.11040654957075213
0.11040654216888701
0.1104065350385186
0.11040652816541119
0.11040652153616737
0.11040651513817867
0.1104065089595766
0.11040650298919397
0.11040649721651885
0.1104064916316575
0.11040648622530125
0.110406480988685
0.11040647591356134
0.11040647099216228
0.11040646621718242
0.11040646158173717
0.1104064570793476
0.11040645270391103
0.11040644844968217
0.11040644431124569
0.11040644028350499
0.11040643636165282
0.11040643254116256
0.11040642881776297
0.11040642518743038
0.11040642164636927
0.1104064181909995
0.11040641481794022
0.11040641152400232
0.1104064083061762
0.11040640516161482
0.11040640208762975
0.11040639908168182
0.11040639614136705
0.11040639326441026
0.11040639044866107
0.11040638769208133
0.1104063849927378
0.11040638234880029
0.1104063797585334
0.11040637722028601
0.11040637473249582
0.11040637229367245
0.11040636990240138
0.11040636755733646
0.1104063652571986
0.11040636300076223
0.11040636078686461
0.11040635861439341
0.11040635648228825
0.1104063543895335
0.11040635233515961
0.1104063503182372
0.11040634833787621
0.11040634639322278
0.11040634448345976
0.11040634260780002
0.11040634076548705
0.11040633895579444
0.11040633717802262
0.11040633543149703
0.11040633371556707
0.11040633202960548
0.11040633037300474
0.1104063287451803
0.11040632714556597
0.11040632557361052
0.11040632402878314
0.11040632251056859
0.11040632101846681
0.1104063195519922
0.11040631811067259
0.11040631669404766
0.11040631530167389
0.11040631393311395
0.11040631258794453
0.11040631126575418
0.11040630996614043
0.1104063086887096
0.11040630743307756
0.11040630619887237
0.11040630498572479
0.11040630379327843
0.11040630262118467
0.11040630146909658
0.11040630033668153
0.11040629922361112
0.11040629812956293
0.11040629705422045
0.11040629599727625
0.11040629495842458
0.11040629393736945
0.11040629293381743
0.11040629194748375
0.11040629097808574
0.11040629002534563
0.1104062890889933
0.11040628816876297
0.1104062872643895
0.11040628637561811
0.11040628550219445
0.11040628464386881
0.11040628380039685
0.1104062829715392
0.11040628215705495
0.11040628135671493
0.11040628057028823
0.11040627979754924
0.1104062790382766
0.11040627829225125
0.1104062775592588
0.11040627683908699
0.11040627613152776
0.11040627543637582
0.11040627475343057
0.1104062740824916
0.11040627342336462
0.11040627277585635
0.11040627213977616
0.11040627151493887
0.11040627090115984
0.11040627029825811
0.11040626970605516
0.11040626912437645
0.11040626855304769
0.11040626799189945
0.11040626744076432
0.11040626689947564
0.11040626636787187
0.11040626584579305
0.1104062653330814
0.11040626482958071
0.11040626433513934
0.11040626384960694
0.11040626337283277
0.11040626290467326
0.1104062624449832
0.1104062619936218
0.1104062615504483
0.11040626111532792
0.11040626068812165
0.11040626026870048
0.11040625985693098
0.11040625945268345
0.11040625905583223
0.11040625866625142
0.110406258283818
0.11040625790841163
0.11040625753991129
0.11040625717819952
0.11040625682316152
0.11040625647468227
0.11040625613265054
0.11040625579695451
0.11040625546748772
0.11040625514414082
0.1104062548268101
0.11040625451539043
0.11040625420978012
0.1104062539098799
0.11040625361559009
0.11040625332681275
0.11040625304345275
0.11040625276541605
0.11040625249260927
0.11040625222494038
0.11040625196232234
0.11040625170466345
0.11040625145187777
0.11040625120388159
0.11040625096058809
0.11040625072191623
0.11040625048778241
0.11040625025810857
0.11040625003281468
0.11040624981182268
0.1104062495950573
0.11040624938244248
0.11040624917390496
0.1104062489693719
0.11040624876877081
0.11040624857203152
0.11040624837908586
0.11040624818986489
0.11040624800430221
0.11040624782233188
0.11040624764388784
0.11040624746890815
0.11040624729732906
0.11040624712908931
0.11040624696412848
0.11040624680238531
0.11040624664380483
0.11040624648832631
0.11040624633589413
0.11040624618645234
0.11040624603994587
0.11040624589632164
0.11040624575552671
0.11040624561750845
0.11040624548221578
0.11040624534959853
0.11040624521960851
0.1104062450921951
0.11040624496731122
0.11040624484491068
0.11040624472494587
0.1104062446073728
0.11040624449214687
0.11040624437922208
0.11040624426855838
0.11040624416011235
0.1104062440538417
0.11040624394970555
0.11040624384766407
0.11040624374767838
0.11040624364970908
0.11040624355371842
0.11040624345966898
0.1104062433675228
0.11040624327724535
0.11040624318880121
0.11040624310215341
0.11040624301726965
0.11040624293411538
0.11040624285265821
0.11040624277286504
0.11040624269470467
0.11040624261814447
0.11040624254315434
0.11040624246970532
0.11040624239776509
0.11040624232730734
0.1104062422583012
0.1104062421907187
0.11040624212453387
0.11040624205971927
0.1104062419962456
0.11040624193408999
0.11040624187322534
0.11040624181362657
0.11040624175526847
0.11040624169812785
0.11040624164217927
0.11040624158740064
0.11040624153376799
0.11040624148126066
0.11040624142985311
0.11040624137952726
0.11040624133025945
0.11040624128202847
0.1104062412348149
0.11040624118859821
0.1104062411433594
0.11040624109907693
0.11040624105573327
0.11040624101330831
0.1104062409717863
0.11040624093114715
0.11040624089137241
0.11040624085244699
0.1104062408143518
0.11040624077707184
0.11040624074058958
0.1104062407048888
0.11040624066995308
0.11040624063576898
0.11040624060232085
0.1104062405695917
0.11040624053756887
0.1104062405062366
0.11040624047558267
0.11040624044559044
0.11040624041624936
0.11040624038754465
0.110406240359464
0.11040624033199231
0.11040624030511925
0.1104062402788325
0.11040624025311951
0.11040624022796719
0.11040624020336631
0.1104062401793039
0.11040624015576983
0.1104062401327518
0.11040624011024003
0.11040624008822364
0.1104062400666922
0.11040624004563648
0.11040624002504529
0.11040624000490984
0.11040623998522003
0.11040623996596677
0.1104062399471406
0.11040623992873322
0.11040623991073428
0.11040623989313703
0.11040623987593357
0.11040623985911235
0.11040623984266817
0.11040623982659115
0.1104062398108745
0.11040623979551034
0.11040623978049136
0.11040623976581088
0.11040623975146024
0.11040623973743369
0.11040623972372365
0.11040623971032215
0.1104062396972244
0.11040623968442353
0.11040623967191276
0.11040623965968577
0.11040623964773699
0.11040623963606055
0.11040623962464935
0.11040623961349827
0.11040623960260187
0.11040623959195506
0.1104062395815516
0.11040623957138573
0.11040623956145412
0.11040623955175022
0.11040623954226969
0.11040623953300643
0.11040623952395767
0.11040623951511785
0.11040623950648187
0.11040623949804518
0.11040623948980499
0.11040623948175476
0.11040623947389117
0.11040623946621064
0.11040623945870831
0.11040623945138128
0.11040623944422523
0.11040623943723604
0.1104062394304095
0.11040623942374328
0.1104062394172326
0.11040623941087524
0.11040623940466698
0.11040623939860417
0.11040623939268379
0.11040623938690419
0.11040623938125937
0.1104062393757489
0.11040623937036864
0.11040623936511473
0.11040623935998617
0.11040623935497917
0.11040623935009097
0.1104062393453189
0.1104062393406594
0.11040623933611193
0.11040623933167337
0.11040623932734006
0.11040623932311011
0.11040623931898208
0.11040623931495241
0.11040623931101867
0.11040623930718052
0.11040623930343407
0.11040623929977855
0.11040623929621074
0.11040623929272897
0.1104062392893308
0.1104062392860149
0.11040623928277926
0.11040623927962212
0.11040623927654225
0.11040623927353599
0.11040623927060345
0.11040623926774218
0.11040623926495075
0.11040623926222748
0.11040623925956972
0.1104062392569779
0.1104062392544497
0.1104062392519829
0.11040623924957671
0.11040623924722948
0.11040623924494042
0.11040623924270732
0.11040623924052884
0.11040623923840365
0.1104062392363323
0.11040623923431081
0.11040623923234028
0.1104062392304187
0.11040623922854398
0.11040623922671633
0.11040623922493398
0.11040623922319648
0.11040623922150095
0.11040623921984849
0.11040623921823733
0.11040623921666626
0.1104062392151347
0.11040623921364168
0.11040623921218584
0.11040623921076609
