1.1806906315620662
1.1668185884783675
1.1609602647343065
1.1545153089742988
1.1477859445744367
1.1408245823683887
1.1332919121674576
1.125521634663104
1.117504967873257
1.1092475029399385
1.1007605269816532
1.0918854983616395
1.0827569920054545
1.073393389981276
1.0638177004042144
1.0540338945558523
1.0440400785561876
1.0338590759799002
1.0235091314976854
1.012995252586455
1.0023329711063378
0.9915349839232266
0.9805283650654785
0.9691010802126185
0.9574863359010337
0.9455696244058928
0.9334131204787859
0.9210317588320083
0.9084427316993297
0.895663180780886
0.8827102363576073
0.869602552556389
0.8563629674600725
0.8430231053019409
0.8295304921199724
0.8161759051349367
0.799238663353137
0.7839379375409451
0.7690206687945156
0.754305657904906
0.7397256401382849
0.7252289768113074
0.710752518116801
0.6962359344325663
0.6814855620246457
0.666618028865645
0.6515583594511296
0.6362298091383207
0.6205068915317239
0.6040075651695515
0.5867258098309366
0.5692575929151247
0.5516543920139754
0.5339635844012546
0.516235858474912
0.49853043191755086
0.4808842457095195
0.4634498905119524
0.44630506599800684
0.4290652798509529
0.4122307002801718
0.39588594800431914
0.38011339584676984
0.3649912212757109
0.3504763527921979
0.33679332406804235
0.3237263855201436
0.31154661645653114
0.30027985782260674
0.2897669068175952
0.280188061389415
0.27128461546503574
0.2631234062547858
0.2556712876720123
0.24868631794799329
0.2410747419353369
0.2342344246498444
0.2281519429941062
0.22253944722390542
0.21768127012640265
0.21355444111869262
0.21013204189399606
0.20717278148022136
0.20487736364968098
0.20321747337867815
0.20217085169177515
0.20172619843445516
0.20151949254726642
0.2019800961647696
0.20063728250538151
0.19821926028619288
0.19622539088133892
0.19482095404789637
0.19393938088582402
0.19328768028013657
0.1930661147449683
0.1932253833588352
0.1935656585269555
0.19423899527466248
0.1952380744085014
0.1963753931458881
0.19578617650188737
0.19572703332424707
0.1959496361371063
0.19498334261856698
0.19421242781094156
0.19383231267188172
0.1935758638966993
0.19368997188088724
0.1941441103111689
0.19491448963545124
0.19598617028932785
0.19558763328349738
0.19517453293437953
0.1951728023844451
0.195585104785765
0.19644589169738133
0.19790125647117277
0.19969984714041492
0.19729491905175978
0.19604373820995583
0.1955166402600709
0.19426910504779318
0.19367263071459279
0.1936516383566486
0.1941153805801113
0.1944026670485537
0.19499865965880503
0.19581725498223007
0.19680166775441618
0.197924399483252
0.19702553041734722
0.19644874323261854
0.19569598442150957
0.19525675594138606
0.19512016999900392
0.19527320290671066
0.1957006750797019
0.19638594933520256
0.1964703468508509
0.19633981394330194
0.1965227749740048
0.1969880199603492
0.196752524488078
0.19682064312009676
0.19716152039922116
0.19658633606411213
0.1963289887517517
0.19636164244315335
0.19665908476353747
0.19719858847732855
0.19758169621400068
0.19767769115837938
0.19804658665326327
0.1978269183761239
0.1975834227218247
0.19763184691202038
0.19745279977505734
0.19735374309681183
0.1975367780899491
0.1977789368496394
0.19824215023733152
0.198341227911143
0.19869340661350665
0.1983603643295222
0.19832040484576396
0.198389778711538
0.19823824153181155
0.19815059282914496
0.19829822974281366
0.19842976174819582
0.19878692318465813
0.1987699475792255
0.1990026622000005
0.19855736606068483
0.19837627761511
0.19843639468880128
0.19808129797218327
0.19800013711455253
0.198166201781365
0.19855442717746016
0.19855299238568933
0.19877905299074936
0.1992066176035355
0.19899224431410023
0.19873006213695094
0.19857509678068522
0.1986196609463365
0.19876278486984267
0.19879501697087154
0.19886470578030638
0.19914649545696747
0.19948053168125343
0.19919848910042304
0.1990082208970218
0.19905305694237024
0.19920648643464567
0.19928726741248645
0.19941294115040178
0.19977626865900053
