0.8065009696284435
0.7259851893141807
0.7250139212637174
0.7240402346348616
0.7230644348367847
0.7220865969699308
0.7211067392641213
0.7201248599195395
0.719140948607359
0.7181549909878155
0.7171669707887169
0.7161768708818408
0.7151846738953807
0.7141903625904056
0.7131939201075157
0.7121953301370721
0.7111945770415287
0.7101916459459674
0.7091865228063552
0.7081791944613897
0.7071696486717145
0.7061578741490435
0.7051438605769722
0.7041275986247826
0.703109079955238
0.7020882972271771
0.7010652440935634
0.7000399151955714
0.6990123061532072
0.6979824135529189
0.6969502349326087
0.6959157687644209
0.6948790144356582
0.6938399722281388
0.6927986432962938
0.6917550296442725
0.6907091341023008
0.6896609603025186
0.6886105126544946
0.6875577963206052
0.6865028171914309
0.6854455818613203
0.68438609760424
0.6833243723500175
0.6822604146610729
0.681194233709709
0.6801258392560299
0.6790552416265302
0.6779824516934022
0.6769074808545839
0.6758303410145683
0.6747510445659899
0.673669604371985
0.6725860337493337
0.6715003464523657
0.6704125566576269
0.669322678949285
0.6682307283052604
0.6671367200840531
0.6660406700122505
0.6649425941726852
0.6638425089932154
0.6627404312361054
0.661636377987973
0.6605303666502809
0.6594224149303363
0.6583125408327823
0.6572007626515388
0.6560870989621825
0.6549715686147257
0.6538541907267772
0.6527349846770574
0.6516139700992445
0.6504911668761302
0.6493665951340628
0.6482402752376544
0.6471122277847392
0.6459824736015571
0.6448510337381497
0.6437179294639486
0.642583182263547
0.6414468138326297
0.6403088460740582
0.6391693010940862
0.6380282011987122
0.63688556889013
0.6357414268632959
0.6345957980025838
0.63344870537852
0.6323001722446044
0.6311502220341871
0.6299988783574166
0.6288461649982302
0.6276921059114025
0.6265367252196281
0.6253800472106414
0.624222096334371
0.6230628972001155
0.6219024745737456
0.6207408533749244
0.6195780586743393
0.6184141156909511
0.6172490497892464
0.6160828864765033
0.6149156514000502
0.6137473703445411
0.6125780692292142
0.6114077741051638
0.6102365111525963
0.6090643066780903
0.6078911871118438
0.6067171790049166
0.6055423090264667
0.6043666039609732
0.6031900907054508
0.6020127962666553
0.6008347477582763
0.5996559723981174
0.5984764975052672
0.5972963504972566
0.5961155588872018
0.5949341502809387
0.5937521523741427
0.5925695929494346
0.5913864998734741
0.5902029010940462
0.5890188246371275
0.5878342986039458
0.5866493511680242
0.585464010572218
0.5842783051257368
0.5830922632011548
0.5819059132314153
0.5807192837068209
0.5795324031720153
0.5783453002229546
0.5771580035038737
0.5759705417042382
0.5747829435556939
0.5735952378290066
0.5724074533309944
0.5712196189014556
0.5700317634100913
0.5688439157534204
0.567656104851691
0.5664683596457889
0.5652807090941447
0.5640931821696331
0.5629058078564746
0.5617186151471338
0.5605316330392176
0.5593448905323744
0.558158416625192
0.5569722403120969
0.5557863905802574
0.5546008964064884
0.5534157867541554
0.5522310905700925
0.5510468367815122
0.5498630542929317
0.5486797719830985
0.5474970187019212
0.5463148232674184
0.5451332144626595
0.5439522210327268
0.5427718716816843
0.5415921950695513
0.5404132198092901
0.5392349744638079
0.5380574875429633
0.5368807875005954
0.5357049027315546
0.5345298615687557
0.5333556922802438
0.5321824230662722
0.5310100820564001
0.5298386973066043
0.5286682967964074
0.5274989084260262
0.5263305600135357
0.5251632792920533
0.5239970939069429
0.5228320314130375
0.5216681192718826
0.5205053848490016
0.5193438554111833
0.5181835581237897
0.5170245200480905
0.5158667681386127
0.5147103292405255
0.5135552300870401
0.5124014972968405
0.5112491573715334
0.5100982366931335
0.5089487615215622
0.5078007579921868
0.5066542521133772
0.5055092697640946
0.5043658366915071
0.5032239785086343
0.5020837206920215
0.5009450885794429
0.49980810736763315
0.4986728021100518
0.49753919771467825
0.49640731894183243
0.49527719040203555
0.4941488365538952
0.49302228170202533
0.4918975499949986
0.49077466542333303
0.4896536518175061
0.4885345328460071
0.48741733201342397
0.4863020726585572
0.48518877795257376
0.48407747089719677
0.48296817432292016
0.4818609108872678
0.480755703073085
0.4796525731868603
0.4785515433570905
0.4774526355326735
0.47635587148134084
0.47526127278812647
0.4741688608538688
0.4730786568937515
0.47199068193587534
0.47090495681987665
0.4698215021955673
0.46874033852162356
0.4676614860643077
0.4665849648962215
0.46551079489510283
0.46443899574265546
0.463369586923414
0.46230258772364996
0.4612380172303091
0.4601758943299915
0.45911623770795995
0.4580590658471936
0.45700439702747164
0.45595224932449674
0.4549026406090536
0.4538555885462038
0.4528111105945166
0.4517692240053356
0.45072994582208736
0.4496932928796117
0.448659281803542
0.44762792900971615
0.44659925070361794
0.4455732628798652
0.44454998132171886
0.4435294216006376
0.4425115990758661
0.44149652889404944
0.44048422598889647
0.4394747050808614
0.43846798067687154
0.4374640670700828
0.4364629783396713
0.43546472835065575
0.4344693307537536
0.43347679898527736
0.43248714626704554
0.43150038560634796
0.4305165297959266
0.42953559141399544
0.42855758282429013
0.4275825161761483
0.4266104034046251
0.4256412562306314
0.42467508616110716
0.423711904489224
0.42275172229462143
0.421794550443666
0.42084039958973984
0.41988928017355986
0.41894120242353317
0.41799617635612096
0.4170542117762538
0.41611531827775106
0.4151795052437871
0.4142467818473705
0.41331715705185723
0.41239063961148437
0.4114672380719354
0.41054696077092145
0.4096298158388004
0.4087158111992063
0.40780495456971266
0.4068972534625158
0.40599271518514024
0.4050913468411729
0.4041931553310083
0.40329814735262903
0.4024063294024006
0.40151770777588525
0.40063228856868405
0.39975007767729687
0.39887108079999856
0.3979953034377347
0.3971227508950482
0.39625342828101007
0.395387340510177
0.3945244923035657
0.3936648881896423
0.3928085325053361
0.3919554293970614
0.3911055828217599
0.39025899654796425
0.3894156741568694
0.38857561904342397
0.3877388344174303
0.3869053233046772
0.3860750885480584
0.38524813280873227
0.38442445856728047
0.38360406812487946
0.3827869636044907
0.3819731469520613
0.3811626199377316
0.3803553841570668
0.3795514410322819
0.37875079181349414
0.3779534375799778
0.3771593792414265
0.37636861753923523
0.3755811530477805
0.37479698617572044
0.37401611716728944
0.3732385461036183
0.37246427290404993
0.37169329732746703
0.37092561897362264
0.3701612372844897
0.3694001515456007
0.36864236088740976
0.3678878642866439
0.367136660567677
0.3663887484038978
0.3656441263190856
0.3649027926887901
0.3641647457417182
0.363429983561126
0.3626985040862054
0.36197030511348394
0.3612453842982263
0.3605237391558309
0.35980536706324207
0.35909026526035037
0.35837843085140497
0.3576698608064234
0.356964551962606
0.35626250102574497
0.3555637045716422
0.3548681590475228
0.3541758607734474
0.3534868059437313
0.35280099062835857
0.3521184107743959
0.3514390622074032
0.35076294063285185
0.3500900416375339
0.3494203606909735
0.34875389314683214
0.3480906342443202
0.34743057910959885
0.346773722757186
0.3461200600913482
0.3454695859075104
0.34482229489363847
0.34417818163163705
0.34353724059873825
0.3428994661688811
0.34226485261409745
0.3416333941058861
0.3410050847165872
0.3403799184207469
0.3397578890964904
0.3391389905268699
0.33852321640123184
0.33791056031655653
0.33730101577880756
0.3366945762042727
0.3360912349208971
0.33549098516961007
0.33489382010565294
0.3342997327998909
0.333708716240129
0.3331207633324146
0.3325358669023375
0.33195401969632465
0.33137521438292505
0.33079944355408797
0.3302266997264357
0.32965697534253824
0.3290902627721617
0.32852655431352773
0.3279658421945565
0.3274081185741057
0.3268533755432005
0.32630160512625883
0.3257527992823085
0.3252069499061906
0.3246640488297653
0.32412408782310376
0.32358705859567305
0.323052952797516
0.32252176202041616
0.3219934777990664
0.3214680916122138
0.3209455948838156
0.3204259789841656
0.3199092352310323
0.319395354890776
0.3188843291794611
0.31837614926395974
0.317870806263052
0.31736829124850685
0.3168685952461653
0.31637170923701075
0.3158776241582263
0.3153863309042536
0.31489782032783564
0.31441208324105085
0.31392911041633964
0.31344889258752817
0.3129714204508337
0.3124966846658648
0.3120246758566174
0.311555384612455
0.3110888014890879
0.31062491700953354
0.31016372166507733
0.30970520591622186
0.3092493601936218
0.3087961748990212
0.30834564040617085
0.3078977470617429
0.30745248518623625
0.30700984507486984
0.3065698169984743
0.30613239120436475
0.3056975579172113
0.305265307339905
0.3048356296544017
0.30440851502257127
0.30398395358702823
0.30356193547196286
0.30314245078395086
0.302725489612769
0.30231104203219095
0.3018990981007793
0.3014896478626694
0.3010826813483424
0.3006781885753912
0.30027615954927767
0.2998765842640836
0.29947945270324794
0.2990847548402976
0.29869248063957754
0.29830262005695796
0.2979151630405473
0.29753009953138676
0.29714741946414713
0.2967671127677999
0.29638916936630333
0.2960135791792621
0.29564033212258656
0.2952694181091403
0.29490082704938825
0.2945345488520248
0.2941705734246004
0.2938088906741453
0.29344949050777347
0.2930923628332883
0.29273749755977485
0.2923848845981958
0.2920345138619579
0.29168637526749475
0.2913404587348257
0.29099675418811577
0.29065525155622274
0.29031594077324174
0.2899788117790397
0.2896438545197805
0.28931105894844666
0.288980415025356
0.288651912718661
0.28832554200485305
0.28800129286925225
0.28767915530649046
0.28735911932099467
0.2870411749274512
0.2867253121512743
0.2864115210290644
0.2860997916090534
0.2857901139515544
0.2854824781293951
0.2851768742283528
0.28487329234757375
0.2845717225999943
0.28427215511275117
0.28397458002758746
0.28367898750124765
0.28338536770587774
0.2830937108294026
0.28280400707591247
0.2825162466660328
0.282230419837297
0.28194651684450334
0.2816645279600726
0.28138444347440295
0.2811062536962049
0.2808299489528482
0.28055551959069225
0.2802829559754111
0.28001224849231754
0.27974338754667805
0.2794763635640217
0.27921116699044835
0.2789477882929271
0.2786862179595887
0.2784264465000169
0.2781684644455288
0.27791226234946087
0.27765783078743134
0.2774051603576161
0.2771542416810101
0.27690506540168514
0.27665762218704215
0.2764119027280637
0.27616789773954986
0.27592559796036475
0.275684994153664
0.275446077107131
0.27520883763319237
0.27497326656924814
0.2747393547778777
0.27450709314705757
0.27427647259036403
0.27404748404717694
0.27382011848287735
0.27359436688903893
0.27337022028362057
0.27314766971114723
0.27292670624289217
0.27270732097705885
0.272489505038942
0.2722732495811053
0.27205854578354405
0.2718453848538456
0.2716337580273409
0.27142365656726464
0.27121507176490145
0.2710079949397294
0.27080241743956146
0.2705983306406864
0.2703957259480019
0.2701945947951394
0.2699949286446023
0.26979671898787716
0.2695999573455614
0.26940463526747926
0.2692107443327908
0.2690182761501071
0.2688272223575904
0.26863757462306437
0.26844932464410876
0.2682624641481598
0.26807698489259846
0.26789287866484823
0.26771013728245585
0.267528752593182
0.26734871647507674
0.2671700208365605
0.2669926576165027
0.2668166187842874
0.2666418963398902
0.2664684823139395
0.26629636876778484
0.26612554779355524
0.2659560115142203
0.265787752083645
0.26562076168664295
0.265455032539026
0.26529055688765857
0.26512732701049213
0.264965335216619
0.26480457384630796
0.26464503527104355
0.2644867118935602
0.26432959614787854
0.26417368049933343
0.2640189574446067
0.26386541951174813
0.2637130592602047
0.2635618692808408
0.2634118421959576
0.2632629706593095
0.26311524735612224
0.26296866500310534
0.2628232163484626
0.26267889417190204
0.2625356912846417
0.2623936005294193
0.26225261478049067
0.26211272694362897
0.2619739299561351
0.2618362167868239
0.2616995804360238
0.2615640139355735
0.26142951034880635
0.26129606277055395
0.2611636643271179
0.2610323081762691
0.2609019875072299
0.2607726955406533
0.2606444255286112
0.2605171707545687
0.2603909245333673
0.2602656802111962
0.2601414311655731
0.26001817080531764
0.2598958925705187
0.25977458993251157
0.2596542563938441
0.2595348854882421
0.2594164707805807
0.2592990058668493
0.2591824843741092
0.2590668999604625
0.25895224631501146
0.2588385171578159
0.2587257062398538
0.258613807342976
0.2585028142798679
0.2583927208939967
0.25828352105956964
0.25817520868148136
0.25806777769527445
0.25796122206708016
0.25785553579356757
0.25775071290189644
0.2576467474496612
0.25754363352483545
0.2574413652457178
0.2573399367608724
0.2572393422490774
0.25713957591925807
0.25704063201043237
0.2569425047916495
0.25684518856192806
0.2567486776501918
0.2566529664152061
0.25655804924551917
0.2564639205593884
0.2563705748047189
0.25627800645899546
0.2561862100292148
0.25609518005181464
0.2560049110926097
0.2559153977467128
0.2558266346384711
0.25573861642139206
0.25565133777806714
0.2555647934201032
0.25547897808804476
0.2553938865513028
0.2553095136080733
0.2552258540852649
0.2551429028384239
0.2550606547516522
0.25497910473752905
0.2548982477370353
0.25481807871947393
0.25473859268238286
0.25465978465146477
0.25458164968049646
0.25450418285125265
0.2544273792734192
0.25435123408451377
0.25427574244980156
0.2542008995622078
0.2541267006422353
0.2540531409378818
0.25398021572454965
0.2539079203049631
0.25383625000907983
0.25376520019400306
0.2536947662438972
0.25362494356989906
0.25355572761002587
0.25348711382908995
0.25341909771860716
0.2533516747967126
0.25328484060806344
0.25321859072375064
0.25315292074121254
0.25308782628413873
0.2530233030023812
0.25295934657186103
0.2528959526944755
0.2528331170980108
0.2527708355360443
0.2527091037878494
0.25264791765831107
0.2525872729778237
0.25252716560220023
0.2524675914125778
0.25240854631532594
0.25235002624194813
0.2522920271489889
0.25223454501793663
0.2521775758551329
0.25212111569167084
0.2520651605833045
0.25200970661034916
0.2519547498775875
0.25190028651417473
0.2518463126735355
0.25179282453327645
0.2517398182950811
0.25168729018461733
0.25163523645144237
0.2515836533688992
0.25153253723402236
0.2514818843674421
0.2514316911132858
0.25138195383907747
0.25133266893564465
0.25128383281701616
0.2512354419203273
0.2511874927057197
0.25113998165624374
0.25109290527776074
0.2510462600988439
0.2510000426706811
0.25095424956697465
0.25090887738384626
0.25086392273973157
0.2508193822752932
0.2507752526533089
0.2507315305585842
0.250688212697845
0.2506452957996448
0.2506027766142652
0.2505606519136171
0.25051891849113705
0.25047757316169816
0.2504366127615034
0.25039603414799083
0.2503558341997357
0.25031600981634927
0.25027655791838244
0.25023747544722497
0.25019875936501357
0.25016040665452133
0.25012241431907667
0.2500847793824481
0.250047498888756
0.25001056990237425
0.249973989507828
0.24993775480969893
0.24990186293252725
0.249866311020713
0.24983109623841948
0.24979621576947386
0.24976166681727374
0.2497274466046845
0.24969355237394908
0.24965998138658196
0.24962673092328114
0.249593798283826
0.24956118078698086
0.2495288757704014
0.24949688059053587
0.24946519262253108
0.2494338092601316
0.24940272791558948
0.24937194601956436
0.24934146102102972
0.2493112703871777
0.24928137160332298
0.24925176217280776
0.24922243961690427
0.24919340147472513
0.24916464530312643
0.24913616867661126
0.24910796918723543
0.24908004444451948
0.24905239207534569
0.24902500972386965
0.24899789505142855
0.2489710457364418
0.24894445947432375
0.2489181339773855
0.24889206697474897
0.24886625621224712
0.2488406994523359
0.24881539447400025
0.24879033907266423
0.24876553106009813
0.2487409682643268
0.24871664852953845
0.24869256971599374
0.2486687296999358
0.24864512637349956
0.24862175764461913
0.24859862143694123
0.24857571568973447
0.24855303835779552
0.24853058741136735
0.24850836083604388
0.24848635663268281
0.24846457281731926
0.24844300742107295
0.24842165849006814
0.24840052408533386
0.24837960228272726
0.2483588911728387
0.2483383888609123
0.2483180934667516
0.2482980031246359
0.2482781159832358
0.24825843020552563
0.24823894396869584
0.24821965546407043
0.24820056289702241
0.24818166448688483
0.2481629584668701
0.24814444308398265
0.2481261165989368
0.2481079772860726
0.2480900234332738
0.24807225334187832
0.24805466532660414
0.24803725771546092
0.24802002884966823
0.24800297708357488
0.2479861007845785
0.2479693983330371
0.24795286812219774
0.24793650855810911
0.24792031805954096
0.24790429505790657
0.24788843799718008
0.24787274533381998
0.2478572155366865
0.24784184708696444
0.24782663847808262
0.2478115882156352
0.24779669481730826
0.24778195681279402
0.24776737274371896
0.24775294116356716
0.24773866063759542
0.24772452974276682
0.24771054706766826
0.24769671121243497
0.24768302078867455
0.2476694744193959
0.24765607073892681
0.2476428083928438
0.2476296860378978
0.24761670234193678
0.24760385598383383
0.24759114565341633
0.2475785700513855
0.24756612788924937
0.24755381788924957
0.24754163878428814
0.24752958931784985
0.24751766824394306
0.24750587432701543
0.24749420634189134
0.24748266307369582
0.24747124331779047
0.24745994587969367
0.24744876957502104
0.24743771322940944
0.24742677567844718
0.247415955767612
0.24740525235219568
0.24739466429723678
0.24738419047745797
0.24737382977718758
0.24736358109030954
0.24735344332017595
0.24734341537955773
0.24733349619056633
0.24732368468459598
0.24731397980225356
0.24730438049329317
0.24729488571655345
0.24728549443988934
0.24727620564011576
0.24726701830292974
0.24725793142285857
0.2472489440031932
0.24724005505592295
0.2472312636016718
0.24722256866964087
0.24721396929754513
0.24720546453154268
0.24719705342618636
0.24718873504435512
0.24718050845719286
0.24717237274405013
0.2471643269924252
0.24715637029789528
0.24714850176407255
0.24714072050252656
0.24713302563274286
0.24712541628204976
0.2471178915855673
0.24711045068614867
0.24710309273432018
0.24709581688822757
0.24708862231357465
0.24708150818356633
0.2470744736788567
0.24706751798748983
0.2470606403048431
0.24705383983357276
0.24704711578355765
0.2470404673718467
0.247033893822601
0.24702739436704169
0.24702096824339392
0.24701461469683628
0.24700833297944358
0.24700212235013652
0.24699598207462692
0.24698991142536497
0.24698390968149164
0.24697797612877814
0.24697211005958486
0.24696631077279807
0.24696057757379108
0.24695490977436296
0.246949306692696
0.2469437676533004
0.2469382919869676
0.24693287903071803
0.24692752812775287
0.24692223862740936
0.24691700988510235
0.24691184126228682
0.24690673212640168
0.24690168185082706
0.24689668981483204
0.24689175540353314
0.24688687800784448
0.24688205702442778
0.24687729185565266
0.2468725819095452
0.2468679265997471
0.24686332534546274
0.24685877757142227
0.24685428270783039
0.2468498401903284
0.24684544945994114
0.2468411099630402
0.24683682115129424
0.2468325824816313
0.24682839341619467
0.24682425342229397
0.24682016197236978
0.2468161185439438
0.24681212261958552
0.24680817368686514
0.24680427123830995
0.24680041477136816
0.24679660378836277
0.246792837796458
0.24678911630760758
0.2467854388385281
0.24678180491064605
0.2467782140500674
0.2467746657875326
0.24677115965838192
0.24676769520251218
0.24676427196434148
0.2467608894927683
0.24675754734113264
0.24675424506718535
0.24675098223304015
0.24674775840514063
0.24674457315422849
0.24674142605529692
0.2467383166875612
0.24673524463442087
0.24673220948341867
0.24672921082621435
0.24672624825853895
0.24672332138016584
