0.9994841434206103
0.9993927442580787
0.9993047874857113
0.9992032946964325
0.9990864297339319
0.9989522484011559
0.9988006377613905
0.9986288552122244
0.9984360529188586
0.9982192625695013
0.9979776443317515
0.9977095863333394
0.9974083986413518
0.9970727554546395
0.9966987686547907
0.9962872160674994
0.9958325225567893
0.9953249640046038
0.9947677935128536
0.9941590239507153
0.9934908380032461
0.9927580326657689
0.9919620909643191
0.9910981350102942
0.9901606633799486
0.9891415478661315
0.9880327820902215
0.9868421199515516
0.985560912929133
0.9841870493181792
0.982701031042626
0.9811174684168675
0.9794292301479331
0.9776042453356019
0.9756519390117842
0.9735544066995023
0.9713348937374217
0.9689605637325376
0.9664408296807633
0.9637878554976629
0.9610007900964437
0.9580540622146518
0.9549334536720028
0.9516227021496639
0.9481455411424692
0.9445213752267191
0.9407463473235124
0.9368175464782937
0.9327572856125204
0.9285719009756204
0.9242432733050083
0.9197443096563119
0.9150703499749406
0.9102135611504627
0.9052056522118703
0.9000421127703614
0.8947561358118095
0.8894340245010071
0.8839692545655292
0.8784293500689102
0.8728213925531705
0.8671299068284066
0.8613209065473444
0.8555213278232459
0.8496814519014506
0.8438087282784341
0.8378906199890508
0.8318419364797032
0.8257788539854494
0.8197254960788041
0.8135743938874438
0.8073728413916581
0.8011763093616708
0.7948615211528918
0.7884635201150091
0.7822126035546294
0.7760820199857619
0.7698928537539962
0.7637961384591989
0.7577497962659845
0.7518049100708067
0.7458726226073251
0.7399630361772844
0.7342489426127509
0.7284452192686379
0.7226714448461518
0.7168670930153824
0.7112506325339427
0.7056669514741846
0.7000855612478287
0.6947670205622194
0.6896370443506967
0.6847261871299861
0.6801326713351494
0.675750508998004
0.6715579788466788
0.6674759402216499
0.6636800228387225
0.6599034230109677
0.6561786314607219
0.6526771946667045
0.6494562605767069
0.6463034180483604
0.6434765378126672
0.6409102247509295
0.6384094459188254
0.6360868674954012
0.63390323142083
0.6319818543061586
0.6301911602181453
0.6284775516124467
0.6267499914696566
0.6250686526623956
0.6232072145817309
0.6215279524749453
0.6198759457672256
0.6184394175445869
0.6170867892458928
0.6155222220933505
0.6140088725259101
0.6127697331805196
0.6114642251831295
0.6103556307748823
0.6092242226372715
0.6081005429469988
0.606870302587472
0.6055321165908011
0.6040169409203976
0.6026231522597052
0.6014492275193094
0.6003021215259107
0.5989390208458547
0.5976015216135083
0.5963661476537603
0.5952028697553541
0.5942059609601578
0.5930735940136797
0.5918290981943688
0.5907153388896205
0.5894766979327181
0.5883666979959108
0.5873638446945142
0.5861665633030773
0.5851954312452791
0.5843026183257604
0.5835102111368605
0.5827627164446534
0.5818340579633838
0.5809399239210289
0.5802048105334172
0.5795626664582227
0.5789039156011886
0.5785042082017577
0.5776411637800272
0.5770677801223894
0.5765498099703454
0.5762467015257686
0.5757268433815995
0.5753325356400494
0.5750518119670351
0.574611298919496
0.5741751480624664
0.5738360809295975
0.573611408713358
0.5734633311835489
0.5731515980137074
0.5729751738723523
0.5728891410161492
0.5726201775076203
0.5724379670656072
0.5723183247382277
0.5722271719689475
0.5721043741017233
0.5720147981757336
0.5715985412487978
0.5712385935618298
0.5709145444985513
0.5707334976469747
0.5706720926628739
0.5708395590583808
0.5706601880228872
0.5707812147619387
0.5708105708533013
0.570800766633577
0.5709823151509612
0.5715951709123853
0.5721646660773139
0.5723081092435155
0.5721174404537777
0.5721696908872543
0.5724670046876762
0.5727797151380787
0.5731683549282505
0.573256851805324
0.5729973511864123
0.5731027824328039
0.5732801940608676
0.5732653636954206
0.5734692203680095
0.5738130693709582
