0.9999616915395205
0.9999440791378935
0.9999191643509084
0.9998855715804762
0.999847537086267
0.9997929675660062
0.9997233546557738
0.9996365014373564
0.9995295815602182
0.999399343972706
0.9992429753769764
0.9990890718580527
0.9988787400735396
0.9986615742499748
0.998385070879273
0.9980692996573782
0.9977120698014912
0.9973121609327612
0.9968697961947229
0.9963856425924201
0.9958611926199233
0.9952965411290443
0.9946930722909287
0.9940494324439788
0.9933648720304958
0.9926434157359334
0.9918841880917729
0.9910841885947757
0.9902441543509066
0.989360478120634
0.9884280391662279
0.9874482368887616
0.9864147344918114
0.9853214149104123
0.9841657559623467
0.9829503049654312
0.98166485617171
0.9803053285179667
0.9788658340179948
0.9773355679578072
0.9757040214199734
0.9739723211054602
0.9721313943216721
0.9701687192022954
0.9680901838102662
0.9658834307572655
0.963537798472241
0.9610424385965819
0.9583913337638157
0.9555783189003446
0.952622017165872
0.9494948469283869
0.9462018848242187
0.9427428948221533
0.9391111470776353
0.9353101198283282
0.9313475799163895
0.9272214638569208
0.9229278522004107
0.9184744714130733
0.9138735176558407
0.9091213026004319
0.9042293922937455
0.9026509762103145
0.898228659502664
0.8888168441211327
0.8834410239907802
0.877981526329345
0.8724266823160333
0.8667649009413516
0.8610532999971118
0.8553059863385953
0.8495124691042342
0.8436866636679305
0.8378444115215428
0.8319828929328756
0.8261176913230799
0.8202765982794731
0.8144713384462654
0.8086984172997014
0.8029542100774334
0.797294524388335
0.791667877501772
0.7936094856259646
0.7882890266469084
0.7829807739828388
0.7777938594400359
0.7651600818102428
0.760151193287999
0.7551820565500048
0.7503133397950105
0.7456028229639384
0.7410266751240794
0.736525836985447
0.7321106277077305
0.7277934746097412
0.723593164239613
0.7195062865090923
0.7154949859135201
0.7116433344539985
0.7078687765068701
0.7041431052201599
0.700540082549058
0.6970341895920342
0.6936379128941359
0.6904155852895011
0.6873348559366408
0.6843705050905542
0.6815230861546526
0.6787559695421805
0.6761188644193037
0.6735752121412968
0.6710952221855959
0.6687128438017986
0.6663893739791529
0.6642100561940716
0.662111160855935
0.6601302230797697
0.6582367843419892
0.656445205448521
0.6547392027640344
0.6530856238046301
0.6514918065808717
0.6499535261821954
0.6484465437395373
0.6470211914634294
0.6456487983794823
0.6443864568451654
0.6432120477415251
0.6421041852076568
0.6410493234858198
0.6400323965723147
0.6390920632045896
0.6381882844183371
0.6373720136266496
0.6365837863288155
0.6359150010461423
0.6352834421485835
0.6346505982384081
0.6340466163267472
0.6334856390979604
0.63292074876225
0.6322719211778782
0.6316826149739789
0.6311287202468927
0.6305605834286216
0.6300849037434855
0.629765724042815
0.6294645579091614
0.629212834613998
0.6290730932898612
0.6289609824863251
0.6288501425951667
0.6287385073281087
0.628662102250251
0.6286151894007515
0.6285653160800213
0.6286250817837316
0.6287041884054259
0.6286921882064973
0.6287240588834108
0.62884862903193
0.6290042751682698
0.629145125475707
0.6293122487161632
0.6294968762862072
0.6297405629239897
0.6299512346238858
0.6301357453307157
0.6304118654315631
0.630702180140233
0.6310700074745721
0.6314835222613882
0.6318989875964538
0.6323550782318903
0.6328038771161313
0.6331937494625206
0.6335832772910956
0.633987351281202
0.6344603551389583
0.6350338173239937
0.6356387320172427
0.6362700557046375
0.6369510771110778
0.6376465548462187
0.6383112811285472
0.6390202290187307
0.6397584828281513
0.6405043743311146
0.6412264710340267
0.6420217816104942
0.6427782502833106
0.6435650829559132
0.6444244130774539
0.6452462426737444
0.6460594070183425
0.6468619504307791
0.6476656842527486
0.6484998598584066
0.649360666186332
