0.9999072465324038
0.999893007070956
0.9998759330484249
0.9998553928742244
0.9998309063339313
0.9998020211975943
0.999768200928683
0.9997288685705853
0.9996832774235022
0.999630886667729
0.9995707181934328
0.9995022059980612
0.9994242443135645
0.9993357505697338
0.9992358113295172
0.9991235332231506
0.9989980759564199
0.9988580982406308
0.9987021578910615
0.9985287239721224
0.9983369403932262
0.9981243138966619
0.9978884057046546
0.9976290252580831
0.9973437427345863
0.9970311586738907
0.996688130605012
0.9963130119556285
0.9959039306084216
0.9954581850665224
0.9949735126114074
0.9944493180779927
0.9938812001382737
0.9932677770822603
0.9926062160906299
0.9918930289966476
0.9911261021597372
0.9903078975674497
0.9894351563954619
0.9884995736118526
0.9875026161488771
0.9864445173972379
0.9853305697481478
0.984156899612084
0.9829200590140689
0.9816166784318413
0.9802542370706395
0.9788188162094169
0.9773178827880662
0.9757524412379027
0.9741101042131808
0.9723976839392235
0.9706223756677458
0.9711887772103605
0.9694199043167174
0.9675920459384628
0.9657037843602112
0.9637488112079429
0.9617303184085404
0.9596541381532531
0.957531279055628
0.9553519231695752
0.956511079591094
0.95438696700692
0.9522370655103772
0.950054585989452
0.9478426297008847
0.9455984179060225
0.9433374600557197
0.941034771915719
0.938702744336887
0.9363642873178777
0.9340272973807583
0.9316900492273347
0.9293530070785538
0.9270223929885513
0.9247162638307516
0.9223793537843603
0.9200638674252053
0.9177521981408556
0.9154409189055933
0.9131129417102668
0.910812523609148
0.9058967935692528
0.903726833704002
0.9014935182028561
0.8992431762219675
0.8970230937087362
0.8948188402927025
0.8926409185296287
0.8904840882362721
0.8883887631782862
0.886346281375742
0.8843848457609282
0.8824671211765359
0.8805720867913609
0.8787259402486114
0.8769059885653765
0.8751386840891983
0.873414891929281
0.871764898668974
0.8701855725200476
0.8686136353048616
0.8670977605933743
0.8656757059062846
0.8642947357791448
0.8629422762042911
0.8616454867051551
0.860392455562421
0.8591845520629527
0.8580575722260859
0.8569509182736479
0.855864920596102
0.854881716727012
0.8539227068823996
0.8529621722519446
0.8520297736590527
0.8511399282565608
0.850287761895637
0.8494977607601373
0.8487978198734671
0.8481112986262722
0.8474856043786844
0.8468628487104088
0.8462553286382359
0.8456296504507597
0.8449866021954013
0.8443711836395615
0.8438013573384486
0.8432639845686254
0.8427313318120185
0.842213483369898
0.8417257080318794
0.8412448298912153
0.840771952060762
0.8403321469395867
0.8499832964445525
0.8496429743825842
0.8493497787640671
0.8489951655227244
0.8485710745596773
0.848150196458784
0.8477578723224086
0.8473315759774627
0.8469013083853851
0.8465181862595198
0.8460716275449157
0.8456394725732832
0.8452451944453353
0.8448598149998743
0.8445098124056639
0.8441319688039932
0.8437688199681853
0.843414651964809
0.8430932174532118
0.8427657470628993
0.842431884215266
0.842095017121137
0.8417458015483101
0.8414695908445613
0.8411705460683304
0.8408527793603149
0.8405527660343446
0.8402875699622853
0.8400489533670515
0.8398365407940609
0.839621160565182
0.8394579755172922
0.8393167068133918
0.8391451179520328
0.8389516966461359
0.8387726208329342
0.8386271024195425
0.8385019634090555
0.8384169406253971
0.8383113322529199
0.8381868004304942
0.8380532927984895
0.8379689132112189
0.8379113241621614
0.8379031228553111
0.8378265531247931
0.8377718094373585
0.8377366309610801
0.8376458097540491
0.8375393424420405
0.8374441922449357
0.8373619435993208
0.8373108094892184
0.8372991429948511
0.8372562181442718
0.8372017552697967
0.8371715535333784
0.8371433619291753
0.8371356953959557
0.8370810598718132
0.8370423849287681
0.8369791721359721
0.8369287911228263
0.8369182077790793
