0.7844931594214906
0.7625735971367364
0.7548778548644388
0.7469926176921036
0.7389304124270638
0.7307011039317864
0.7223110839599451
0.7137648823884934
0.7050661034311089
0.6962179348320381
0.6872234388960596
0.6780857298620635
0.6688080888556798
0.6593940424706617
0.64984741881401
0.6401723886622377
0.6303734961005814
0.6204556812125006
0.6104242963588871
0.6002851169851673
0.5900443475368664
0.5797086228503834
0.569285005259758
0.5587809775893076
0.5482044321667263
0.5375636559793724
0.5268673121003187
0.5161244175251392
0.5053443175818229
0.4945366571020976
0.4837113485708232
0.472878537499562
0.46204856529957483
0.4512319299573857
0.4404392448417238
0.4296811959933151
0.41896849826803684
0.40831185071868725
0.3977218916107378
0.3872091534724401
0.3767840185794157
0.36645667526822634
0.35623707546238736
0.34613489377798945
0.3361594885548461
0.32631986513312716
0.3166246416653302
0.3070820177197614
0.2976997458949263
0.28848510662531945
0.27944488631845044
0.2705853589216982
0.2619122709761036
0.2534308301735638
0.2451456973945656
0.23706098216631366
0.22918024144644444
0.22150648160593855
0.21404216345673965
0.20678921014530205
0.1997490177129383
0.1929224681075895
0.18630994441948046
0.1799113481049054
0.1737261179580275
0.16775325058976254
0.16199132217531165
0.15643851123727437
0.15109262223929887
0.14595110977533354
0.14101110315146925
0.1362694311706817
0.13172264694505476
0.12736705257507375
0.12319872355081285
0.11921353274520674
0.11540717388469701
0.11177518439721545
0.10831296755157649
0.10501581381569858
0.10187892137357402
0.09889741575253819
0.09606636852308303
0.09338081504316165
0.090835771227749
0.08842624933229282
0.0861472727457433
0.08399388979499278
0.08196118656808427
0.08004429876821473
0.07823842261476255
0.076538824811068
0.07494085160176744
0.07343993694506012
0.07203160982750767
0.0707115007507576
0.06947534742117112
0.06831899967450727
0.06723842366888777
0.06622970538001338
0.06528905343315816
0.06441280130693039
0.06359740894397026
0.06283946380384808
0.062135681393376996
0.06148290530932998
0.060878106828264555
0.06031838407765777
0.05980096082203945
0.059323184897142944
0.058882526324280815
0.05847657513635929
0.05810303894593971
0.057759740284768823
0.05744461374308163
0.05715570293584149
0.05689115732183836
0.056649228900360615
0.05642826880880403
0.05622672384328897
0.05604313292304486
0.055876123517902276
0.05572440805694867
0.05558678033502229
0.0554621119323907
0.05534934866165797
0.05524750705465742
0.05515567090082252
0.05507298784734738
0.05499866607021542
0.0549319710241446
0.054872222278320226
0.05481879044384008
0.05477109419779225
0.05472859740798652
0.05469080636151846
0.05465726709950702
0.0546275628596572
0.05460131162761517
0.05457816379738778
0.054557799940642915
0.054539928684097294
0.05452428469375992
0.05451062676443741
0.05449873601245259
0.05448841416929395
0.05447948197357555
0.05447177765849143
0.05446515553172959
0.05445948464467698
0.05445464754758067
0.054450539127267716
0.0544470655239615
0.0544441431236633
0.05444169762256312
0.054439663159983165
0.05443798151630297
0.05443660137244899
0.05443547762751211
0.05443457077115699
0.05443384630758885
0.05443327422786792
0.05443282852755171
0.05443248676666146
0.05443222966913608
0.054432040759043065
0.054431906030897204
0.05443181365162364
0.054431753691744134
0.054431717883565156
0.05443169940418624
0.054431692681349286
0.054431693220195254
0.05443169744914034
0.054431702583212505
0.05443170650326079
0.05443170764957295
0.054431704928554425
0.0544316976311876
0.05443168536210008
0.0544316679781679
0.054431645535645834
0.05443161824491549
0.054431586431989865
0.05443155050603632
0.05443151093218235
0.054431468208981926
0.05443142284996727
0.054431375368740986
0.0544313262671583
0.05443127602615616
0.054431225098861
0.054431173905627905
0.054431122830704504
0.05443107222026644
0.05443102238157371
0.05443097358303939
0.05443092605504474
0.054430879991325454
0.05443083555080219
0.05443079285973507
0.054430752014104855
0.05443071308213421
0.05443067610688035
0.054430641108833666
0.05443060808849609
0.05443057702886944
0.0544305478978524
0.054430520650508574
0.05443049523119148
0.05443047157551939
0.0544304496121909
0.054430429264636704
0.054430410452510514
0.05443039309301678
0.05443037710209664
0.054430362395450516
0.05443034888942977
0.05443033650179885
0.05443032515236268
0.054430314763498466
0.054430305260570244
0.05443029657225873
0.05443028863080113
0.05443028137215844
0.05443027473612061
0.054430268666345594
0.054430263110356925
0.05443025801949286
0.0544302533488249
0.054430249057044744
0.054430245106319775
0.05443024146215081
0.054430238093192806
0.05443023497107957
0.05443023207023634
0.05443022936769637
0.054430226842907437
0.05443022447754775
0.05443022225534577
0.054430220161895915
0.05443021818449878
0.05443021631199041
0.054430214534590515
0.054430212843761816
0.05443021123206948
0.05443020969305934
0.05443020822113798
0.05443020681147004
0.054430205459878755
0.054430204162757345
0.0544302029169893
0.05443020171987756
0.0544302005690801
0.054430199462555784
0.05443019839850871
0.054430197375350375
0.05443019639166058
0.05443019544615246
0.05443019453764786
0.05443019366505186
0.05443019282733419
0.054430192023514734
0.054430191252645255
0.054430190513805043
0.05443018980609171
0.054430189128608863
0.05443018848047154
0.054430187860796564
0.054430187268700636
0.05443018670330513
0.05443018616373119
0.05443018564910018
0.0544301851585397
0.05443018469117844
0.05443018424615387
0.05443018382260989
0.054430183419701295
0.05443018303659475
0.05443018267247013
0.05443018232652219
0.0544301819979659
0.054430181686030976
0.0544301813899688
0.05443018110905229
0.054430180842575004
0.05443018058985549
0.054430180350232615
0.054430180123072325
0.054430179907759446
0.05443017970371056
0.05443017951035678
0.05443017932716232
0.054430179153609815
0.05443017898920555
0.054430178833479226
0.05443017868598321
0.05443017854628929
0.05443017841399289
0.05443017828870733
0.054430178170067234
0.05443017805772321
0.05443017795134775
0.05443017785062654
0.054430177755264264
0.05443017766497915
0.0544301775795053
0.054430177498592136
0.05443017742199918
0.054430177349501174
0.054430177280885395
0.05443017721594823
0.05443017715449805
0.05443017709635234
0.054430177041339456
0.05443017698929686
0.054430176940069686
0.054430176893510485
0.054430176849480816
0.05443017680784967
0.0544301767684906
0.054430176731286584
0.05443017669612493
0.054430176662896845
0.05443017663150285
0.054430176601846125
0.0544301765738352
0.05443017654738336
0.05443017652240956
0.05443017649883275
0.05443017647658188
0.05443017645558346
0.05443017643577264
0.05443017641708592
0.05443017639946002
0.054430176382840756
0.054430176367171956
0.054430176352403215
0.05443017633848435
0.054430176325369506
0.05443017631301361
0.054430176301375366
0.054430176290415466
0.05443017628009672
0.05443017627038149
0.05443017626123803
0.054430176252633466
0.05443017624453772
0.05443017623692159
0.054430176229757765
0.054430176223021376
0.05443017621668689
0.05443017621073365
0.05443017620513668
0.054430176199877445
0.054430176194935176
0.05443017619029289
0.05443017618593382
0.05443017618183854
0.05443017617799428
0.05443017617438539
0.05443017617099777
0.05443017616781942
0.05443017616483681
0.05443017616203871
0.054430176159415034
0.05443017615695356
0.05443017615464629
0.054430176152483134
0.05443017615045653
0.05443017614855761
0.054430176146777476
0.05443017614511092
0.05443017614355039
0.05443017614208889
0.0544301761407201
0.0544301761394399
0.05443017613824186
0.05443017613712142
0.05443017613607182
0.05443017613509182
0.05443017613417478
0.05443017613331769
0.054430176132516994
0.05443017613176837
0.05443017613106871
0.0544301761304159
0.05443017612980594
0.05443017612923795
0.054430176128705265
0.05443017612820933
0.054430176127747476
0.05443017612731571
0.05443017612691392
0.054430176126537666
0.054430176126188834
0.05443017612586265
0.05443017612555934
0.05443017612527523
0.05443017612501322
0.05443017612476664
0.05443017612453893
0.05443017612432721
0.054430176124128926
0.05443017612394485
0.054430176123773655
0.05443017612361489
0.05443017612346601
0.054430176123329344
0.05443017612320167
0.05443017612308332
0.05443017612297396
0.05443017612287082
0.0544301761227759
0.054430176122687524
0.0544301761226057
0.05443017612253065
0.05443017612245982
0.05443017612239487
0.05443017612233414
0.054430176122277296
0.054430176122226004
0.05443017612217693
0.0544301761221333
0.054430176122091556
0.0544301761220537
0.05443017612201784
0.05443017612198631
0.054430176121955554
0.054430176121927354
0.054430176121901375
0.05443017612187795
0.05443017612185541
0.054430176121835205
0.05443017612181633
0.05443017612179979
0.05443017612178336
0.05443017612176704
0.0544301761217546
0.054430176121740836
0.05443017612173051
0.05443017612171852
0.054430176121710194
0.05443017612170031
0.05443017612169232
0.05443017612168444
0.05443017612167633
0.054430176121670115
0.0544301761216639
0.054430176121658236
0.054430176121653795
0.054430176121649576
0.05443017612164469
0.05443017612164003
0.05443017612163725
0.05443017612163359
0.05443017612163048
0.054430176121627816
0.05443017612162582
0.05443017612162249
0.0544301761216216
0.054430176121617824
0.054430176121616713
0.054430176121614604
0.05443017612161294
0.05443017612161183
0.05443017612161072
0.054430176121610274
0.05443017612160894
0.05443017612160794
0.054430176121607055
0.05443017612160661
0.05443017612160583
0.054430176121604945
0.05443017612160472
0.054430176121603835
0.0544301761216035
0.054430176121602614
0.054430176121602725
0.0544301761216025
0.054430176121601725
0.05443017612160206
0.05443017612160117
0.05443017612160139
0.05443017612159984
0.05443017612159995
0.054430176121599616
0.054430176121599394
0.054430176121599505
0.054430176121599616
0.054430176121599394
0.05443017612159906
0.05443017612159873
0.05443017612159862
0.05443017612159873
0.054430176121598506
0.05443017612159817
0.054430176121598506
0.05443017612159873
0.054430176121598506
0.05443017612159873
0.05443017612159817
0.05443017612159817
0.054430176121598506
0.054430176121598506
0.054430176121598284
0.05443017612159806
0.05443017612159784
0.05443017612159817
0.05443017612159806
0.054430176121598284
0.054430176121598506
0.054430176121598284
0.05443017612159817
0.05443017612159773
0.054430176121598506
0.054430176121597396
0.05443017612159862
0.054430176121598506
0.05443017612159806
0.05443017612159784
0.05443017612159784
0.05443017612159762
0.054430176121598506
0.05443017612159784
0.05443017612159817
0.05443017612159817
0.054430176121598506
0.05443017612159817
0.05443017612159817
0.05443017612159806
0.054430176121598506
0.05443017612159817
0.05443017612159806
0.05443017612159817
0.05443017612159773
0.05443017612159806
0.05443017612159784
0.05443017612159762
0.054430176121598284
0.054430176121598284
0.05443017612159806
0.05443017612159806
0.054430176121598284
0.054430176121598284
0.054430176121598284
0.05443017612159817
0.05443017612159817
0.05443017612159817
0.05443017612159784
0.05443017612159806
0.05443017612159806
0.05443017612159817
0.05443017612159817
0.054430176121598284
0.05443017612159773
0.05443017612159762
0.05443017612159773
0.05443017612159806
0.054430176121597285
0.05443017612159773
0.05443017612159773
0.054430176121598284
0.05443017612159762
0.05443017612159773
0.054430176121597396
0.05443017612159817
0.05443017612159806
0.05443017612159817
0.05443017612159806
0.05443017612159806
0.05443017612159784
0.05443017612159817
0.05443017612159773
0.05443017612159762
0.05443017612159784
0.05443017612159762
0.05443017612159806
0.054430176121597396
0.05443017612159762
0.05443017612159773
0.05443017612159784
0.05443017612159773
0.05443017612159784
0.05443017612159784
0.05443017612159773
0.05443017612159817
0.054430176121598284
0.05443017612159784
0.05443017612159773
0.05443017612159762
0.05443017612159806
0.05443017612159784
0.054430176121598284
0.05443017612159817
0.05443017612159784
0.05443017612159784
0.054430176121598506
0.05443017612159784
0.05443017612159762
0.054430176121597396
0.054430176121597174
0.05443017612159773
0.05443017612159806
0.05443017612159806
0.05443017612159806
0.05443017612159784
0.05443017612159817
0.05443017612159862
0.05443017612159784
0.05443017612159784
0.05443017612159806
0.05443017612159773
0.05443017612159695
0.05443017612159773
0.05443017612159784
0.05443017612159773
0.05443017612159773
0.054430176121598506
0.05443017612159762
0.05443017612159773
0.054430176121597285
0.05443017612159773
0.054430176121597285
0.05443017612159806
0.054430176121597396
0.05443017612159806
0.054430176121597396
0.05443017612159762
0.05443017612159784
0.05443017612159784
0.05443017612159784
0.054430176121597285
0.054430176121597285
0.05443017612159784
0.05443017612159773
0.05443017612159817
0.05443017612159762
0.05443017612159762
0.054430176121597285
0.05443017612159773
0.05443017612159806
0.05443017612159773
0.054430176121597174
0.05443017612159695
0.05443017612159762
0.05443017612159806
0.05443017612159695
0.05443017612159784
0.054430176121597285
0.054430176121597396
0.05443017612159817
0.05443017612159762
0.054430176121597396
0.05443017612159784
0.05443017612159773
0.054430176121597396
0.05443017612159784
0.05443017612159773
0.05443017612159773
0.054430176121597396
0.05443017612159773
0.05443017612159817
0.05443017612159762
0.054430176121597285
0.054430176121598284
0.054430176121597285
0.05443017612159695
0.05443017612159773
0.05443017612159773
0.05443017612159762
0.05443017612159784
0.05443017612159784
0.05443017612159817
0.054430176121597396
0.054430176121597285
0.05443017612159806
0.054430176121597174
0.05443017612159695
0.05443017612159784
