0.19702135073635305
0.17796547001890548
0.16250260955161383
0.1505203614118613
0.14152500818017635
0.13482633640280983
0.12953563564047055
0.12484382499172827
0.12031779018967366
0.11727355656868295
0.11563369455071502
0.11385311134522073
0.11268811127292949
0.1111238482904342
0.10880686589627957
0.10703826665678857
0.10562756550757418
0.10418005880976676
0.10236911442858396
0.10091719915306994
0.09987620363930197
0.09843839630416895
0.09671420912033249
0.09526976137746486
0.09359025166421094
0.09243633196901753
0.09098831226935301
0.08996146636485597
0.08868547218486876
0.08755618224574706
0.08658157209106972
0.08569166451334408
0.08490803006037198
0.0842270699102421
0.08357538496205469
0.08295240924882605
0.08240169077441745
0.08161058251923474
0.0808908836945764
0.0798962996708337
0.0785912873110661
0.07694153038537993
0.0758429158073531
0.07551911220063984
0.07467034975440541
0.07392417638178843
0.07273504357684489
0.07203410509024406
0.07092972903359057
0.06978532290254144
0.06839202890873115
0.06681488037343625
0.06552740124033735
0.06466883729189588
0.06323839629076153
0.06164491411976473
0.06049729329873334
0.05957912876237846
0.0590081781411824
0.05796833853420024
0.057172268224503095
0.05697575643154421
0.0564411438515367
0.05559496492700688
0.05510967199015957
0.054020871014789563
0.05276177785095678
0.051915011660568625
0.05104178444456356
0.049936992545950125
0.04863219261592662
0.04665196376579455
0.04451113996188517
0.042710641421226034
0.04071483927013651
0.03967080528357992
0.03670315231535469
0.034377769298993666
0.03191134437317061
0.02931848195381804
0.026989891534529284
0.024692612500965123
0.02222586708970527
0.020071382505846624
0.018733378424077046
0.01737063723454441
0.017286936244844748
0.01691565235190696
0.01606041866660108
0.015143279510254617
0.014520111755392522
0.013550096422729
0.013814011004862403
0.01438175525036209
0.014263171291626303
0.013606938300573664
0.01319011184496886
0.012178922905351134
0.011795119968638272
0.011854762735575973
0.01241032112298548
0.012121701997462866
0.012616273330979422
0.0128052771264079
0.013378112914820784
0.01410432847109293
0.01530194477835144
0.017166915938437544
0.017597604757605266
0.01776385228264683
0.019171427999426886
0.02033841997814895
0.020963372795597793
0.02071702803145096
0.02004417854701632
0.01830333390631365
0.018031121905025344
0.018918073966778217
0.019291745836854255
0.01848902441380289
0.01813129180109544
0.01891187455687773
0.01973192368523781
0.01852130165592168
0.018881576449864323
0.019772350507100443
0.020032577849201202
0.020609176095714124
0.020732557689673338
0.021168007816988983
0.021098768489970807
0.02051170834953175
0.02036823656117786
0.020421559182156983
0.02081517519921358
0.021314497247659284
0.020593575102530803
0.019989749003299456
0.019540457481739392
0.02584010419196247
0.023862779917598453
0.022335045944360022
0.02021655024793957
0.020240368913587537
0.020608264507661653
0.020532015676829315
0.02019966002484578
0.01824869510872674
0.01749760384504383
0.017920354578057646
0.018644202400170725
0.017523169755536742
0.017159695365427954
0.017575439309108546
0.018477385288217615
0.019001904840712392
0.019132086761708158
0.01872235507637654
0.018102795683555724
0.0181363367669264
0.01914942211279161
0.019282774240529512
0.01939885708477422
0.019160816774484103
0.018956110217841098
0.019444062706536504
0.01948821813224481
0.01974249917621868
0.01991751821707681
0.019370978830758515
0.0195861711116787
0.020439311884541993
0.021107935761931224
0.020850417907313325
0.019809789935256592
0.018590346164325772
0.018214387953110516
0.017334063783725304
0.0167718103222873
0.016360746896144696
0.0165763478040978
0.015147854223460728
0.015207920963220097
0.01513824118736095
0.015808110067475317
0.01604712078717189
0.015923096779284197
0.01573785101106505
0.016505113427934103
0.016924228493591032
0.01643331515068447
0.016660215280846366
0.017028201282601508
0.017379136155381683
0.017495158349235786
0.017512128326971275
0.01778823516359884
0.018033933635821446
0.01746215105165777
0.017464419107754977
