0.9934300517044338
0.987123629902133
0.9759839885811347
0.9596319441091852
0.9381774675624734
0.9080657862091023
0.8700115019744582
0.8235118083257068
0.7661731567475021
0.7006408869840366
0.6349467162321656
0.5683817372915891
0.5022260869873081
0.4410300363394615
0.3815820127762608
0.3238538948148768
0.2650846624551635
0.2089873935497527
0.16043184680197597
0.12672461753790054
0.10309570962118075
0.08538707009981539
0.07212301733358206
0.06557295694784404
0.06160609900155156
0.0608323997909046
0.05747643857993101
0.05443880720983796
0.05269423910756188
0.05428485811365402
0.05316762564771049
0.05499759583476915
0.05490870634688316
0.0548990647210259
0.05331278001325701
0.053759959002737556
0.05608531482733392
0.06074978831775224
0.06529788472184717
0.06564178034138801
0.06813885455493374
0.07206697130580719
0.07271635867990156
0.07804359739705702
0.08532514669738145
0.09310234363899572
0.09298145768519961
0.09322218121037629
0.09761810303117435
0.10603206394577114
0.11199325072436805
0.11120859209596234
0.11278665144710665
0.11263834208535772
0.11160952288212844
0.10991908996758526
0.10783539067059555
0.11128976861813711
0.10225457543762695
0.09598200847587213
0.0963464056109351
0.10184300003820179
0.10647042948097007
0.10826234918379629
0.10925513509603801
0.11294428459315187
0.10889449713213617
0.10482058388195226
0.11253776019069928
0.11841988330210451
0.12041103332965275
0.12982706187243076
0.13408801176073348
0.12644508802486198
0.1230092553096388
0.12055186002311724
0.12199368567901947
0.11758374858607301
0.12146879386897547
0.12219105165828159
0.11231976869891558
0.10979398482323299
0.10911713172386228
0.11171134595209908
0.1132194100395516
0.11760547961960455
0.11461114261708483
0.11682948483903222
0.12434732806344073
0.13031583201598396
0.13074615515486787
0.12858099950777802
0.11856906760919905
0.10671530325177303
0.10373147008882622
0.1030268583769588
0.11166733878948898
0.11670730539875984
0.11436375028005874
0.11592815176732174
0.11494868085506005
0.11482456697200105
0.11281542447359127
0.1198948615100256
0.12170291365091024
0.13023676018802022
0.13685834782890538
0.14310964295415596
0.1450177888250116
0.14091641401208732
0.13558334221957913
0.14002998261393984
0.15215270277988735
0.15987896097356125
0.1555858614389386
0.15448227156537175
0.15295871150374785
0.1505545771829725
0.14390918140781106
0.14688641161414384
0.15376770035709741
0.1399107897006293
0.1388645446502852
0.13619851059686028
0.14378736040392703
0.1437339260950521
0.1581981098534908
0.15671525979879097
0.15623227102663229
0.1519762760641421
0.14572348232113208
0.14211124172399503
0.14387241705807208
0.14548202653625142
0.13962328588147532
0.13476857648236773
0.13244754046116847
0.12526404798415625
0.11680853038166339
0.10893844743951808
0.10153476780172754
0.10146853366081743
0.10397834598722278
0.10568714935631451
0.1037553701755295
0.10481722232881518
0.1079180116087125
0.10624293374581328
0.11484388983665827
0.12811415746742927
0.13550913556550126
0.13516973072073435
0.13900672592294816
0.1367045711771313
0.13642550661162067
0.137356619269424
0.13405316658038358
0.1539168080070269
0.1497028917043829
0.14609155949252428
0.14630770510753865
0.1376073303915063
0.13456769532616686
0.14222075625855446
0.15243319650816944
0.14680542471667923
0.15214512141912784
0.16801333664796492
0.16973360005495386
0.17604378303778112
0.17590889076464633
0.17714217428680912
0.17706521081324134
0.1778873599990013
0.17539490562501192
0.17264595684817396
0.16131104267255492
0.15183161556300062
0.1472688152229883
0.14437218333303192
0.1469633550681836
0.15723889178169492
0.16767175527654155
0.17300863226397822
0.1806903095494976
0.1860022116540524
0.19446174969489805
0.18189515369487286
0.17986154930449938
0.1854932990602346
0.1863903825396087
0.17988922813576902
0.18081757212745653
0.1670673288186013
0.16362711971892752
0.168964955613626
0.17002676000365957
0.17640944647469514
0.18535670432027418
0.1856489986865294
