0.7986728724019342
0.7541528701686904
0.7517350989510739
0.7492937534141739
0.7468319336624016
0.7443516134608665
0.7418539052321623
0.73933945392857
0.736808643670098
0.7342617055268508
0.7316987769231835
0.7291199363375662
0.7265252246630727
0.723914658974564
0.7212882417648268
0.7186459673617043
0.7159878265247883
0.713313809826257
0.7106239101942162
0.7079181248624129
0.705196456887811
0.7024589163456166
0.699705521277878
0.6969362984497172
0.6941512839524041
0.6913505236823225
0.6885340737177847
0.6857020006106309
0.6828543816059325
0.6799913048004693
0.6771128692486674
0.6742191850232016
0.671310373236297
0.6683865660268704
0.6654479065179033
0.6624945487478673
0.6595266575795069
0.6565444085888827
0.6535479879372044
0.6505375922276915
0.6475134283494057
0.6444757133097734
0.6414246740572969
0.6383605472957579
0.6352835792910578
0.6321940256716663
0.6290921512235406
0.6259782296802261
0.6228525435087688
0.61971538369195
0.6165670495072881
0.6134078483031684
0.6102380952724011
0.6070581132234492
0.6038682323495304
0.6006687899957435
0.5974601304243508
0.5942426045783136
0.5910165698431542
0.5877823898072148
0.584540434020351
0.5812910777511215
0.5780347017424816
0.5747716919660526
0.571502439374969
0.5682273396553692
0.564946792976565
0.5616612037399407
0.5583709803266441
0.5550765348441367
0.5517782828716806
0.5484766432048556
0.5451720375991909
0.5418648905130403
0.5385556288498001
0.5352446816996141
0.5319324800806988
0.5286194566804419
0.525306045596426
0.52199268207756
0.5186798022654793
0.5153678429364115
0.5120572412436915
0.5087484344611211
0.5054418597273964
0.5021379537917814
0.49883715276126617
0.4955398918494157
0.4922466051271255
0.48895772527550996
0.4856736833411498
0.48239490849390687
0.47912182778754364
0.47585486592335846
0.47259444501706505
0.46934098436912197
0.4660949002387361
0.46285660562174324
0.4596265100325764
0.45640501929052013
0.45319253531044545
0.44998945589821726
0.4467961745509538
0.4436130802623114
0.4404405573329794
0.437278985186511
0.4341287381906871
0.4309901854845114
0.42786369081101017
0.4247496123559308
0.42164830259247676
0.41856010813217914
0.41548536958198823
0.41242442140769475
0.409377591803746
0.4063452025695081
0.4033275689920678
0.40032499973557767
0.39733779673721725
0.3943662551097702
0.39141066305084926
0.38847130175875877
0.3855484453550241
0.382642360813522
0.3797533078962426
0.3768815390956174
0.3740272995833859
0.3711908271659389
0.36837235224609766
0.365572097791248
0.3627902793077573
0.3600271048215927
0.35728277486505533
0.35455748246951924
0.3518514131640931
0.3491647449800709
0.3464976484610669
0.3438502866787193
0.3412228152538227
0.3386153823827577
0.33602812886909084
0.33346118816019477
0.33091468638874855
0.32838874241896354
0.3258834678973862
0.32339896730812734
0.3209353380323572
0.318492670411902
0.3160710478167933
0.3136705467165961
0.31129123675536163
0.30893318083003807
0.3065964351721687
0.30428104943272594
0.3019870667699106
0.29971452393974307
0.2974634513893112
0.2952338733524741
0.29302580794790656
0.29083926727928067
0.28867425753746634
0.2865307791045706
0.2844088266596687
0.2823083892860908
0.28022945058009563
0.2781719887607975
0.27613597678120605
0.274121382440239
0.2721281684955632
0.2701562927771476
0.2682057083013838
0.2662763633856624
0.2643682017632677
0.2624811626984882
0.2606151811018228
0.25877018764516524
0.25694610887687264
0.2551428673366011
0.25336038166982755
0.2515985667419377
0.24985733375181862
0.24813659034484292
0.24643624072517245
0.24475618576730673
0.2430963231267902
0.24145654735000976
0.2398367499830184
0.23823681967931565
0.23665664230652705
0.23509610105192447
0.2335550765267328
0.2320334468691717
0.2305310878461908
0.2290478729538501
0.22758367351630682
0.22613835878337163
0.2247117960265982
0.22330385063388813
0.22191438620255155
0.22054326463084406
0.21919034620791644
0.21785548970217816
0.21653855244805342
0.21523939043112061
0.21395785837160386
0.21269380980623442
0.21144709716845433
0.21021757186695555
0.20900508436256737
0.20780948424347867
0.20663062029879165
0.20546834059041552
0.20432249252331192
0.20319292291407376
0.20207947805786874
0.2009820037937371
0.19990034556827008
0.19883434849766513
0.19778385742816884
0.19674871699494556
0.19572877167934866
0.1947238658646353
0.19373384389013726
0.19275855010389398
0.1917978289137774
0.19085152483711643
0.18991948254885227
0.18900154692822901
0.188097563104055
0.18720737649853525
0.1863308328697314
0.1854677783526233
0.18461805949883248
0.1837815233150134
0.18295801729993144
0.18214738948026377
0.181349488445135
0.18056416337939984
0.1797912640957362
0.1790306410655128
0.17828214544851184
0.17754562912148464
0.17682094470559395
0.17610794559275167
0.17540648597086606
0.17471642084805794
0.17403760607580698
0.17336989837113004
0.17271315533772436
0.17206723548618108
0.17143199825323652
0.1708073040201038
0.1701930141298993
0.16958899090420154
0.16899509765873344
0.1684111987182254
0.16783715943044275
0.16727284617943594
0.16671812639799277
0.16617286857934987
0.1656369422881675
0.16511021817076488
0.16459256796468702
0.16408386450756385
0.1635839817453264
0.16309279473976523
0.1626101796754692
0.1621360138661586
0.16167017576041343
0.16121254494684012
0.16076300215867245
0.16032142927782844
0.15988770933844665
0.1594617265299063
0.15904336619935588
0.15863251485374974
0.1582290601614379
0.15783289095328523
0.15744389722335939
0.15706197012919698
0.15668700199166163
0.1563188862943955
0.1559575176828848
0.15560279196317717
0.15525460610019914
0.1549128582157664
0.15457744758623304
0.15424827463982338
0.15392524095365145
0.15360824925044403
0.15329720339495756
0.15299200839013205
0.1526925703729627
0.15239879661011668
0.15211059549329364
0.1518278765343558
0.15155055036021514
0.1512785287075077
0.1510117244170438
0.15075005142806308
0.15049342477228944
0.15024176056779692
0.14999497601269962
0.14975298937866255
0.14951572000425084
0.14928308828812853
0.149055015682102
0.14883142468401145
0.14861223883051133
0.1483973826896946
0.148186781853613
0.1479803629306783
0.14777805353794193
0.1475797822932945
0.14738547880753983
0.14719507367640172
0.14700849847242836
0.14682568573682941
0.14664656897121764
0.1464710826293083
0.1462991621085289
0.14613074374158186
0.14596576478794765
0.14580416342533775
0.1456458787411039
0.14549085072360424
0.14533902025352863
0.14519032909519203
0.14504471988780543
0.14490213613671532
0.14476252220461772
0.14462582330276208
0.1444919854821426
0.14436095562466889
0.14423268143433365
0.14410711142837984
0.14398419492847037
0.14386388205184397
0.14374612370249362
0.1436308715623439
0.143518078082443
0.14340769647416385
0.14329968070042798
0.14319398546694284
0.14309056621346483
0.14298937910508192
0.14289038102352203
0.1427935295584949
0.1426987829990617
0.14260610032503118
0.14251544119840076
0.14242676595482662
0.1423400355951322
0.1422552117768635
0.14217225680587375
0.14209113362796477
0.14201180582056105
0.141934237584446
0.14185839373552644
0.14178423969666054
0.1417117414895307
0.1416408657265752
0.14157157960296063
0.1415038508886165
0.1414376479203282
0.1413729395938811
0.14130969535626203
0.14124788519792197
0.14118747964509237
0.14112844975217909
0.14107076709418498
0.1410144037592338
0.14095933234111813
0.1409055259319434
0.14085295811481158
0.1408016029565834
0.14075143500070209
0.1407024292600757
0.1406545612100346
0.1406078067813562
0.1405621423533403
0.14051754474697553
0.14047399121815352
0.1404314594509618
0.14038992755103996
0.14034937403900505
0.14030977784394427
0.14027111829698036
0.14023337512490197
0.14019652844386388
0.14016055875315325
0.14012544692903106
0.1400911742186417
0.1400577222339784
0.1400250729459369
0.13999320867843013
0.13996211210256704
0.13993176623089953
0.1399021544117529
0.13987326032360736
0.13984506796955276
0.13981756167181836
0.1397907260663649
0.13976454609754096
0.1397390070128116
0.13971409435755977
0.13968979396993886
0.13966609197580182
0.13964297478370868
0.13962042907996908
0.13959844182377967
0.13957700024241582
0.1395560918264822
0.13953570432524132
0.13951582574199006
0.13949644432951835
0.13947754858561356
0.13945912724864085
0.1394411692931805
0.13942366392572536
0.13940660058044385
0.13938996891500566
0.13937375880645952
0.13935796034718162
0.13934256384087718
0.13932755979864264
0.1393129389350879
0.1392986921645164
0.1392848105971627
0.13927128553548362
0.1392581084705128
0.13924527107827
0.1392327652162194
0.13922058291978956
0.13920871639894894
0.13919715803482624
0.13918590037639966
0.1391749361372202
0.13916425819220712
0.13915385957447446
0.13914373347222986
0.13913387322570658
0.13912427232415991
0.1391149244028974
0.13910582324037446
0.139096962755327
0.13908833700395917
0.1390799401771704
0.13907176659783904
0.1390638107181471
0.13905606711694452
0.13904853049716992
0.13904119568331685
0.13903405761892296
0.13902711136413037
0.13902035209327346
0.1390137750925079
0.13900737575749034
0.139001149591088
0.13899509220114792
0.13898919929827602
0.13898346669368822
0.13897789029708052
0.1389724661145434
0.13896719024651194
0.13896205888575963
0.1389570683154221
0.1389522149070581
0.13894749511875337
0.13894290549325172
0.13893844265612465
0.1389341033139746
0.13892988425267072
0.1389257823356268
0.1389217945020912
0.13891791776549722
0.138914149211821
0.1389104859979854
0.1389069253502896
0.1389034645628645
0.13890010099617278
0.1388968320755174
0.13889365528960085
0.13889056818909362
0.13888756838524907
0.13888465354852675
0.13888182140725924
0.1388790697463409
0.1388763964059292
0.13887379928020083
0.13887127631610607
0.1388688255121574
0.1388664449172522
0.1388641326295038
0.13886188679510347
0.1388597056072154
0.13885758730487074
0.13885553017191654
0.1388535325359509
0.13885159276731152
0.13884970927806828
0.13884788052103791
0.13884610498882566
0.13884438121288678
0.13884270776259544
0.13884108324435374
0.13883950630070208
0.13883797560946098
0.13883648988287778
0.1388350478668091
0.13883364833990663
0.13883229011282017
0.13883097202743955
0.13882969295611935
0.1388284518009475
0.13882724749301856
0.13882607899172583
0.13882494528406608
0.1388238453839623
0.1388227783316046
0.13882174319279683
0.1388207390583286
0.13881976504334925
0.13881882028677006
0.13881790395066718
0.13881701521970558
0.13881615330057384
0.13881531742142894
0.13881450683136143
0.13881372079986598
0.1388129586163226
0.1388122195894974
0.13881150304704892
0.13881080833505244
0.1388101348175218
0.13880948187595676
0.1388088489088921
0.13880823533146847
0.13880764057499262
0.1388070640865341
0.13880650532850325
0.13880596377827104
0.1388054389277653
0.13880493028310115
0.13880443736420778
0.13880395970446813
0.1388034968503703
0.1388030483611531
0.1388026138084868
0.13880219277613026
0.13880178485962125
0.138801389665958
0.13880100681330276
0.1388006359306777
0.13880027665768113
0.13879992864419943
0.13879959155014043
0.1387992650451536
0.13879894880837762
0.13879864252818253
0.13879834590191298
0.13879805863565908
0.1387977804440096
0.13879751104982352
0.1387972501840048
0.13879699758528663
0.1387967530000097
0.1387965161819239
0.13879628689197554
0.1387960648981147
0.13879584997510408
0.1387956419043247
0.13879544047359715
0.13879524547700317
0.1387950567147086
0.13879487399279766
0.13879469712310655
0.13879452592306263
0.13879436021552582
0.13879419982863883
0.13879404459567934
0.13879389435491207
0.1387937489494503
0.13879360822711828
0.13879347204031645
0.13879334024589474
0.13879321270502254
0.13879308928306655
0.1387929698494711
0.13879285427764343
0.13879274244483586
0.13879263423203836
0.1387925295238701
0.13879242820847393
0.13879233017741754
0.13879223532559148
0.13879214355111025
0.1387920547552275
0.138791968842233
0.13879188571937373
0.13879180529676194
0.1387917274872913
0.13879165220656198
0.13879157937278974
0.1387915089067403
0.1387914407316434
0.13879137477312942
0.13879131095915198
0.13879124921992236
0.13879118948784186
0.1387911316974325
0.13879107578528016
0.13879102168996837
0.1387909693520203
0.1387909187138393
0.1387908697196537
0.13879082231546214
0.13879077644897586
0.13879073206957493
0.13879068912824932
0.13879064757755455
0.1387906073715648
0.1387905684658236
0.13879053081730097
0.1387904943843491
0.13879045912666044
0.1387904250052271
0.13879039198229892
0.1387903600213466
0.1387903290870236
0.13879029914512964
0.13879027016257428
0.13879024210734447
0.13879021494846822
0.1387901886559847
0.13879016320091242
0.1387901385552177
0.13879011469178326
0.1387900915843855
0.13879006920765924
0.13879004753707624
0.13879002654891515
0.1387900062202373
0.13878998652886365
0.13878996745334915
0.13878994897295838
0.13878993106764437
0.13878991371802674
0.13878989690537036
0.13878988061156472
0.13878986481910316
0.13878984951106388
0.13878983467109274
0.13878982028338316
0.1387898063326568
0.13878979280415293
0.1387897796836034
0.13878976695722323
0.1387897546116923
0.13878974263413824
0.13878973101212733
0.13878971973364373
0.13878970878708152
0.13878969816122755
0.13878968784524892
0.1387896778286839
0.13878966810142546
0.1387896586537104
0.13878964947611128
0.1387896405595216
0.1387896318951477
0.13878962347449475
0.13878961528936318
0.13878960733183154
0.1387895995942534
0.13878959206924268
0.13878958474967085
0.13878957762865374
0.13878957069954456
0.13878956395592745
0.1387895573916058
0.13878955100060342
0.13878954477714445
0.13878953871565658
0.1387895328107619
0.13878952705726888
0.1387895214501641
0.13878951598461253
0.1387895106559457
0.13878950545965674
0.13878950039139804
0.1387894954469736
0.13878949062233403
0.13878948591357076
0.13878948131691082
0.13878947682871823
0.13878947244547912
0.1387894681638041
0.1387894639804258
0.1387894598921876
0.1387894558960454
0.13878945198906223
0.13878944816840522
0.13878944443133767
0.13878944077522226
0.13878943719751524
0.1387894336957597
0.13878943026758606
0.1387894269107065
0.13878942362291868
0.13878942040209408
0.138789417246179
0.13878941415319268
0.1387894111212239
0.13878940814843022
0.1387894052330324
0.13878940237331483
0.13878939956762038
0.13878939681435298
0.13878939411196978
0.13878939145898528
0.1387893888539633
0.13878938629552096
0.13878938378231986
0.1387893813130724
0.1387893788865343
0.13878937650150514
0.1387893741568269
0.1387893718513804
0.13878936958408827
0.13878936735390768
0.13878936515983387
0.13878936300089695
0.13878936087616023
0.13878935878472054
0.13878935672570514
0.13878935469827047
0.13878935270160353
0.13878935073491883
0.13878934879745708
0.1387893468884881
0.13878934500730356
0.1387893431532191
0.13878934132557585
0.13878933952373496
0.1387893377470829
0.13878933599502263
0.13878933426698037
0.13878933256239856
0.13878933088074286
0.13878932922149145
0.13878932758414475
0.13878932596821647
0.138789324373236
0.13878932279875233
0.13878932124432442
0.1387893197095288
0.13878931819395446
0.13878931669720307
0.13878931521889237
0.13878931375864756
0.13878931231610991
0.13878931089093005
0.13878930948276924
0.13878930809129975
0.1387893067162066
0.13878930535718126
0.13878930401392575
0.1387893026861522
0.1387893013735798
0.13878930007593893
0.13878929879296464
0.1387892975244016
0.13878929627000292
0.13878929502952964
0.13878929380274585
0.13878929258942618
0.13878929138935048
0.13878929020230457
0.13878928902808074
0.13878928786647782
0.13878928671730006
0.13878928558035364
0.1387892844554569
0.13878928334242724
0.13878928224108777
0.13878928115126987
0.13878928007280544
0.13878927900553295
0.13878927794929352
0.1387892769039345
0.1387892758693049
0.13878927484525905
0.1387892738316524
0.13878927282834852
0.13878927183520984
0.1387892708521038
0.13878926987890094
0.13878926891547483
0.1387892679617022
0.1387892670174623
0.13878926608263653
0.13878926515711043
0.1387892642407702
0.1387892633335066
0.13878926243521006
0.13878926154577476
0.13878926066509967
0.13878925979308088
0.13878925892961747
0.13878925807461606
0.13878925722797808
0.13878925638961126
0.1387892555594239
0.13878925473732406
0.13878925392322483
0.13878925311703927
0.1387892523186819
0.1387892515280691
0.13878925074511683
0.13878924996974717
0.1387892492018784
0.13878924844143414
0.13878924768833523
0.13878924694250838
0.13878924620387767
0.13878924547237004
0.13878924474791454
0.13878924403043946
0.13878924331987463
0.13878924261615122
0.13878924191920294
0.13878924122896008
0.13878924054536002
0.1387892398683358
0.1387892391978237
0.13878923853376157
0.138789237876085
0.13878923722473424
0.1387892365796487
0.1387892359407683
0.138789235308034
0.13878923468138638
0.13878923406076937
0.13878923344612548
0.13878923283739875
0.13878923223453332
0.13878923163747414
0.13878923104616803
0.13878923046056035
0.13878922988059894
0.13878922930623105
0.13878922873740518
0.13878922817407113
0.13878922761617607
0.13878922706367114
0.13878922651650705
0.13878922597463494
0.13878922543800554
0.13878922490657208
0.1387892243802865
0.13878922385910242
0.13878922334297217
0.1387892228318499
0.13878922232569169
0.13878922182445086
0.13878922132808347
0.13878922083654477
0.13878922034979135
0.13878921986778048
0.13878921939046884
0.13878921891781326
0.1387892184497722
0.13878921798630417
0.1387892175273674
0.1387892170729207
0.13878921662292465
0.13878921617733786
0.13878921573612146
0.13878921529923582
0.13878921486664053
0.13878921443829884
0.13878921401417132
0.1387892135942198
0.13878921317840576
0.1387892127666942
0.1387892123590465
0.13878921195542626
0.13878921155579638
0.138789211160121
