1.2959207617935329
1.286683598878777
1.2831050555922343
1.2788902360654009
1.2742313964876844
1.2690753843029658
1.263325949898739
1.2571196027199802
1.2504213871674015
1.242968989823854
1.2349867513793937
1.2265966390883116
1.2174578122825115
1.2077112004431623
1.1972861110303425
1.1864563329225994
1.1751580056052993
1.163490888844526
1.151381916008584
1.1386711809037868
1.125256848043583
1.1114756763686127
1.0972661391199903
1.0825584236000159
1.067565572450722
1.0519636778147132
1.0359404563957573
1.0195347997019786
1.003061690969442
0.9863159818698832
0.9691460028018336
0.9512669907058793
0.9329964263634785
0.9143025502402835
0.8953795155411174
0.8762513373358299
0.8570146682862887
0.8377143618290438
0.8186665628573139
0.7992296039122666
0.7797074144792713
0.7601315077830818
0.7405784039072851
0.7208013298617052
0.701346736193494
0.6821481067227405
0.6617596582228487
0.641322911654995
0.6211590912923903
0.6012465252209722
0.5815551472625813
0.5620576694225319
0.5429489306896684
0.5236921053010533
0.5047663968759933
0.48624379054852407
0.4675545991214782
0.44938328662624993
0.43175044290415854
0.41472251784115616
0.3981385144830534
0.38222782572819775
0.36669139192052136
0.3521694838589475
0.33774519191912444
0.32369644390229785
0.31067341373944735
0.2984358832986819
0.2873347656343936
0.2773441998149961
0.2681170801834868
0.25941072710389135
0.25183566166862864
0.24537226992467617
0.23938212034942552
0.23459471167369494
0.22923081315394386
0.22452017471806962
0.22073837648935818
0.21803399451800626
0.2143432234765368
0.2116404093982777
0.2101249242653283
0.20949117569293202
0.20775521919085924
0.20680442010751615
0.20556492704146834
0.20498713220397005
0.20360510955077302
0.20227093875155328
0.20089292260394473
0.1996482888097515
0.19906231139238878
0.19882253891730037
0.19885617874583592
0.19824432319527288
0.19813120260645592
0.1981879386234399
0.19836767233146727
0.19891285057937638
0.19972959453004518
0.19992278327024676
0.20078174086488892
0.1999707585468601
0.19901040612013546
0.19849163814508003
0.19859008434263684
0.1978861487561571
0.19802160109160374
0.1988693484084062
0.19887359253212236
0.19925491261787556
0.1986978813071522
0.19793805789904978
0.1980004937428552
0.19871533987998752
0.19956003119588156
0.20196166534712912
0.20236993492892347
0.20184970449179332
0.20181236085486165
0.20178529019684516
0.2003540448453664
0.19964645728729155
0.19939550151079863
0.19958779915790184
0.20009334200035425
0.20051577880667318
0.200861068768442
0.20161792257603864
0.20177742820612365
0.20229855202572727
0.20382256919621747
0.20255524285758195
0.20028987698314507
0.19913960434935796
0.1987239876497595
0.19882661883869954
0.19977829434289993
0.20126853886301282
0.20251011621674753
0.20187955407741195
0.20168858016673835
0.20190802790938664
0.2018753775518113
0.201769406875346
0.2020086886209512
0.20248929741936098
0.20157189569641154
0.20122246578002542
0.20165309361740924
0.20176193197963962
0.20147525522196405
0.20164668820723203
0.20264558032765545
0.2017668752484202
0.20179741721312303
0.2026338011718091
0.20370669474192443
0.20570065620526137
0.2050108388607887
0.20516226805476628
0.20483600520219317
0.20508840061540778
0.20546714754896112
0.20583398272089606
0.20615808934028343
0.20670966542367716
0.20688414094938137
0.2072687414765896
0.2079314891971399
0.20849385543010346
0.20893175559685742
0.2084830576583052
0.20810819367612443
0.2082837656700904
0.2087213345169752
0.20946459326285108
0.21017599301316137
0.20914358902582803
0.20876507775947906
0.20794672117500537
0.2074273224163116
0.2075284157859491
0.2080066190452507
0.2085285811671463
0.20892711541806713
0.2096539826378801
0.21038563978677138
0.2095794075134743
0.20838689804905725
0.20784253257887397
0.2077843855947109
0.20802183912445105
0.2079573730475337
0.208449520763275
0.20943819679950543
0.2100329983184505
0.20939919835483695
0.2093477088085829
