0.7870668226456151
0.7619156971944568
0.7552296286735801
0.7483968866608572
0.7414280239400375
0.7343310230988969
0.727110867389914
0.7197709100667486
0.7123136571530198
0.7047411898846878
0.6970554042717689
0.6892581557724733
0.6813513521330539
0.67333701630068
0.6652173310793292
0.656994672015031
0.648671632250805
0.6402510415757865
0.6317359810255294
0.623129793878723
0.614436093586135
0.6056587689772641
0.5968019869719752
0.5878701929511916
0.5788681088962384
0.5698007293807306
0.5606733154857666
0.551491386704487
0.5422607109032143
0.5329872924114645
0.5236773583209673
0.5143373430833524
0.5049738715067982
0.49559374026306247
0.4862038980275025
0.4768114243855758
0.4674235076495802
0.4580474217387789
0.4486905022843042
0.43936012212718645
0.43006366638326987
0.4208085072526345
0.4116019787531552
0.40245135155814227
0.39336380811635985
0.3843464182292561
0.3754061152549032
0.36654967310105346
0.3577836841608383
0.3491145383342882
0.34054840326694136
0.3320912059237351
0.32374861560210944
0.3155260284732577
0.30742855372465794
0.299461001360938
0.2916278717037901
0.2839333466153565
0.27638128245353455
0.26897520475212
0.261718304603868
0.2546134367105939
0.24766311905148353
0.24086953410899203
0.23423453158117313
0.2277596325000948
0.22144603466819313
0.21529461931806237
0.20930595889618253
0.2034803258675445
0.1978177024359251
0.1923177910736097
0.18698002575462425
0.18180358378690997
0.17678739814121613
0.17193017017775192
0.16723038267555979
0.16268631307428405
0.15829604684307486
0.15405749089696685
0.1499683869868349
0.1460263249951037
0.14222875607542473
0.138573005580639
0.13505628572939388
0.1316757079675691
0.12842829498643216
0.12531099236474486
0.12232067980731387
0.11945418195716606
0.11670827876314904
0.11407971538883388
0.1115652116524618
0.10916147099115692
0.10686518894574482
0.10467306116539898
0.10258179093380015
0.10058809622078779
0.09868871626539333
0.09688041769790778
0.09516000021005455
0.0935243017836852
0.09197020348941998
0.09049463386759327
0.0890945729046172
0.08776705561847276
0.08650917526749102
0.08531808619704506
0.08419100633894094
0.08312521937856332
0.08211807660492154
0.08116699845875852
0.08026947579391674
0.07942307086704803
0.07862541807064805
0.0778742244242564
0.07716726983841671
0.07650240716582968
0.0758775620538007
0.07529073261182262
0.07473998890783051
0.0742234723063131
0.0737393946610655
0.07328603737508255
0.07286175033959041
0.07246495076386827
0.0720941219070913
0.07174781172293387
0.0714246314272905
0.07112325399899377
0.07084241262295154
0.07058089908465426
0.07033756212456765
0.07011130576045765
0.06990108758519853
0.06970591704719986
0.06952485372012174
0.06935700556807511
0.06920152721211137
0.06905761820332534
0.06892452130750548
0.06880152080584834
0.06868794081584229
0.0685831436360721
0.06848652811828393
0.06839752806972499
0.06831561068841674
0.068240275033697
0.06817105053405204
0.06810749553397522
0.06804919588129088
0.06799576355614079
0.06794683534256929
0.06790207154341454
0.06786115473901422
0.06782378858999971
0.06778969668430046
0.067758621428324
0.0677303229820384
0.06770457823766707
0.06768117984146882
0.06765993525802971
0.06764066587633322
0.0676232061568639
0.06760740281881772
0.06759311406651902
0.06758020885401372
0.06756856618679363
0.06755807445956952
0.0675486308289367
0.06754014061980174
0.06753251676439509
0.06752567927266073
0.0675195547328653
0.06751407584119917
0.06750918095920344
0.06750481369782779
0.06750092252696105
0.06749746040927207
0.06749438445722333
0.06749165561217385
0.0674892383444402
0.0674871003732912
0.06748521240583616
0.06748354789378241
0.06748208280713286
0.067480795423836
0.06747966613452927
0.06747867726146417
0.06747781289079935
0.06747705871745258
0.06747640190172632
0.0674758309369835
0.0674753355276696
0.06747490647699717
0.06747453558366523
0.06747421554700228
0.06747393987995831
0.06747370282939513
0.06747349930316127
0.06747332480346468
0.06747317536608499
0.06747304750498062
0.06747293816189881
0.06747284466058934
0.06747276466526853
0.06747269614301643
0.06747263732974351
0.06747258669948708
0.06747254293673333
0.06747250491149737
0.06747247165697112
0.0674724423494587
0.06747241629043643
0.06747239289053786
0.06747237165527187
0.06747235217233205
0.06747233410034204
0.06747231715889057
0.0674723011197379
0.06747228579907949
0.06747227105075304
0.06747225676029134
0.06747224283974351
0.06747222922316454
0.06747221586272145
0.0674722027253285
0.06747218978976122
0.0674721770441945
0.06747216448411131
0.06747215211053359
0.06747213992854961
0.06747212794608004
0.06747211617286908
0.06747210461966235
0.06747209329754245
0.06747208221741363
0.06747207138959466
0.06747206082351809
0.06747205052751426
0.06747204050866984
0.06747203077273267
0.06747202132407881
0.06747201216571164
0.06747200329928915
0.06747199472518473
0.06747198644255403
0.06747197844942254
0.067471970742781
0.06747196331868588
0.06747195617236013
0.06747194929829659
0.06747194269035772
0.06747193634187709
0.06747193024574838
0.06747192439451155
0.0674719187804459
0.06747191339563141
0.06747190823202576
0.06747190328152952
0.06747189853603508
0.06747189398748121
0.0674718896278983
0.0674718854494386
0.06747188144442029
0.0674718776053419
0.0674718739249136
0.06747187039607183
0.06747186701199392
0.06747186376610648
0.06747186065209299
0.06747185766390063
0.06747185479573847
0.06747185204207817
0.06747184939764728
0.06747184685743435
0.06747184441666887
0.06747184207083123
0.0674718398156301
0.06747183764699949
0.06747183556109337
0.06747183355427122
0.06747183162308812
0.06747182976429011
0.067471827974798
0.06747182625170034
0.06747182459224599
0.06747182299383014
0.06747182145399078
0.06747181997039331
0.06747181854082918
0.06747181716320394
0.06747181583552642
0.067471814555912
0.06747181332256336
0.06747181213377151
0.06747181098791089
0.06747180988342827
0.06747180881884252
0.06747180779273576
0.06747180680375242
0.06747180585059398
0.06747180493201377
0.06747180404681641
0.0674718031938526
0.06747180237201489
0.06747180158024024
0.06747180081750104
0.06747180008280707
0.06747179937520409
0.06747179869376951
0.06747179803761127
0.06747179740586529
0.06747179679769999
0.06747179621230559
0.06747179564890338
0.06747179510673484
0.06747179458506791
0.06747179408319115
0.06747179360042066
0.06747179313608476
0.06747179268954184
0.06747179226016364
0.06747179184734564
0.06747179145050064
0.06747179106905843
0.06747179070246823
0.06747179035019701
0.06747179001172876
0.06747178968656176
0.06747178937421194
0.06747178907421147
0.06747178878610727
0.06747178850945934
0.06747178824384426
0.06747178798885212
0.0674717877440858
0.06747178750916316
0.06747178728371273
0.06747178706737811
0.06747178685981281
0.06747178666068443
0.06747178646967067
0.06747178628646078
0.06747178611075422
0.06747178594226222
0.06747178578070478
0.06747178562581568
0.06747178547733268
0.0674717853350062
0.06747178519859587
0.06747178506786933
0.0674717849426022
0.0674717848225791
0.06747178470759252
0.06747178459744341
0.06747178449193614
0.06747178439088941
0.0674717842941227
0.06747178420146316
0.06747178411274646
0.06747178402781484
0.06747178394651387
0.06747178386869568
0.06747178379422003
0.06747178372294937
0.06747178365475548
0.06747178358950956
0.06747178352709149
0.06747178346738503
0.06747178341027815
0.0674717833556634
0.06747178330343839
0.0674717832535019
0.06747178320575997
0.06747178316012059
0.06747178311649671
0.0674717830748014
0.06747178303495616
0.06747178299688106
0.06747178296050216
0.06747178292574718
0.06747178289254785
0.06747178286083677
0.06747178283055222
0.06747178280163102
0.06747178277401689
0.06747178274765142
0.06747178272248278
0.067471782698457
0.06747178267552678
0.06747178265364295
0.06747178263276243
0.06747178261283926
0.06747178259383102
0.06747178257569975
0.06747178255840502
0.06747178254191066
0.06747178252618224
0.06747178251118491
0.0674717824968859
0.06747178248325503
0.06747178247026231
0.06747178245787921
0.06747178244607799
0.06747178243483232
0.06747178242411866
0.06747178241391083
0.06747178240418883
0.06747178239492868
0.06747178238610962
0.06747178237771168
0.06747178236971474
0.0674717823621016
0.06747178235485485
0.06747178234795703
0.06747178234139273
0.06747178233514539
0.06747178232920081
0.06747178232354578
0.06747178231816653
0.06747178231304873
0.06747178230818163
0.06747178230355377
0.06747178229915296
0.0674717822949682
0.06747178229099171
0.06747178228721051
0.06747178228361728
0.06747178228020123
0.06747178227695672
0.06747178227387407
0.06747178227094486
0.06747178226816253
0.0674717822655202
0.06747178226301109
0.06747178226062844
0.06747178225836625
0.0674717822562183
0.06747178225417982
0.06747178225224426
0.06747178225040751
0.06747178224866579
0.067471782247012
0.06747178224544348
0.06747178224395645
0.06747178224254491
0.06747178224120665
0.0674717822399381
0.06747178223873551
0.06747178223759487
0.06747178223651362
0.06747178223548878
0.067471782234518
0.06747178223359729
0.06747178223272599
0.06747178223190009
0.06747178223111738
0.06747178223037675
0.0674717822296752
0.06747178222901107
0.06747178222838246
0.06747178222778605
0.06747178222722283
0.06747178222668992
0.06747178222618455
0.06747178222570727
0.06747178222525585
0.0674717822248273
0.06747178222442363
0.06747178222404138
0.06747178222367933
0.06747178222333783
0.06747178222301464
0.06747178222270878
0.06747178222242034
0.06747178222214778
0.06747178222188988
0.06747178222164629
0.06747178222141648
0.06747178222119798
0.06747178222099315
0.06747178222079986
0.067471782220616
0.06747178222044281
0.06747178222028005
0.06747178222012618
0.06747178221998074
0.06747178221984351
0.06747178221971328
0.0674717822195916
0.0674717822194767
0.06747178221936823
0.06747178221926553
0.06747178221916972
0.06747178221907812
0.06747178221899253
0.06747178221891159
0.06747178221883432
0.06747178221876349
0.06747178221869554
0.06747178221863237
0.06747178221857153
0.06747178221851458
0.06747178221846184
0.06747178221841177
0.06747178221836458
0.06747178221831973
0.0674717822182781
0.06747178221823846
0.0674717822182016
0.06747178221816663
0.06747178221813355
0.06747178221810346
0.06747178221807426
0.06747178221804673
0.06747178221802119
0.06747178221799788
0.06747178221797467
0.06747178221795336
0.0674717822179337
0.06747178221791428
0.06747178221789607
0.06747178221787975
0.0674717822178642
0.06747178221784988
0.06747178221783612
0.0674717822178229
0.06747178221781114
0.06747178221780004
0.06747178221778893
0.06747178221777894
0.06747178221776962
0.06747178221776118
0.06747178221775252
0.06747178221774475
0.06747178221773709
0.06747178221773076
0.06747178221772465
0.06747178221771877
0.06747178221771277
0.06747178221770689
0.067471782217703
0.0674717822176979
0.0674717822176939
0.06747178221768957
0.06747178221768613
0.06747178221768202
0.06747178221767935
0.06747178221767614
0.06747178221767314
0.06747178221767036
0.06747178221766792
0.06747178221766681
0.06747178221766337
0.0674717822176617
0.06747178221765926
0.0674717822176577
0.0674717822176566
0.06747178221765393
0.06747178221765315
0.06747178221765215
0.06747178221764971
0.06747178221764927
0.06747178221764749
0.0674717822176466
0.06747178221764616
0.06747178221764472
0.0674717822176446
0.06747178221764327
0.06747178221764238
0.06747178221764216
0.06747178221764072
0.06747178221763972
0.06747178221763939
0.06747178221763839
0.06747178221763894
0.06747178221763839
0.06747178221763728
0.06747178221763728
0.06747178221763683
0.06747178221763628
0.06747178221763583
0.06747178221763628
0.06747178221763539
0.06747178221763572
0.06747178221763483
0.06747178221763417
0.06747178221763461
0.06747178221763406
0.06747178221763461
0.06747178221763372
0.06747178221763406
0.06747178221763406
0.06747178221763361
0.06747178221763395
0.06747178221763417
0.0674717822176335
0.06747178221763306
0.06747178221763372
0.06747178221763317
0.06747178221763395
0.06747178221763273
0.06747178221763328
0.06747178221763317
0.06747178221763317
0.06747178221763284
0.06747178221763317
0.06747178221763328
0.06747178221763228
0.06747178221763261
0.06747178221763261
0.06747178221763273
0.06747178221763228
0.06747178221763284
0.06747178221763284
0.06747178221763317
0.06747178221763239
0.0674717822176335
0.06747178221763273
0.06747178221763261
0.06747178221763228
0.06747178221763195
0.06747178221763217
0.06747178221763217
0.06747178221763261
0.06747178221763239
0.06747178221763217
0.06747178221763261
0.06747178221763195
0.06747178221763217
0.06747178221763273
0.06747178221763284
0.06747178221763195
0.06747178221763273
0.06747178221763239
0.06747178221763239
0.06747178221763195
0.06747178221763228
0.06747178221763217
0.06747178221763217
0.06747178221763239
0.06747178221763306
0.06747178221763273
0.06747178221763173
0.06747178221763139
0.06747178221763217
0.06747178221763261
0.06747178221763239
0.06747178221763261
0.06747178221763173
0.06747178221763217
0.06747178221763173
0.06747178221763228
0.06747178221763273
0.06747178221763184
0.06747178221763228
0.06747178221763261
0.06747178221763273
0.0674717822176315
0.06747178221763195
0.06747178221763228
0.06747178221763228
0.06747178221763173
0.06747178221763261
0.06747178221763228
0.06747178221763273
0.06747178221763173
0.06747178221763217
0.06747178221763173
0.06747178221763228
0.06747178221763195
0.06747178221763228
0.06747178221763195
0.06747178221763217
0.06747178221763184
0.06747178221763228
0.06747178221763284
0.06747178221763239
0.06747178221763195
0.06747178221763195
0.06747178221763195
0.06747178221763228
0.06747178221763217
0.06747178221763261
0.06747178221763228
0.06747178221763184
0.06747178221763261
0.06747178221763184
0.06747178221763195
0.06747178221763261
0.06747178221763284
0.06747178221763261
0.06747178221763261
0.06747178221763239
0.06747178221763261
0.06747178221763239
0.06747178221763239
0.06747178221763195
0.06747178221763273
0.06747178221763239
0.06747178221763273
0.06747178221763284
0.06747178221763273
0.0674717822176315
0.06747178221763217
0.06747178221763195
0.0674717822176315
0.06747178221763195
0.06747178221763261
0.06747178221763195
0.06747178221763239
0.06747178221763228
0.06747178221763228
0.06747178221763173
0.0674717822176315
0.06747178221763228
0.06747178221763195
