0.8064862846735449
0.7266087693880738
0.7256350398272053
0.7246588105788709
0.7236804032361587
0.7226999070615938
0.7217173492503705
0.7207327337038728
0.7197460538363034
0.7187572978385339
0.7177664511874784
0.7167734979811106
0.7157784217125359
0.7147812057512978
0.713781833660353
0.7127802894148565
0.7117765575589058
0.7107706233210287
0.7097624727008971
0.7087520925350745
0.7077394705468729
0.7067245953837262
0.7057074566444852
0.7046880448983639
0.7036663516968573
0.7026423695796526
0.701616092075379
0.7005875136978903
0.6995566299386842
0.6985234372559858
0.6974879330609676
0.6964501157015264
0.695409984444005
0.6943675394532047
0.6933227817710146
0.6922757132939332
0.6912263367497623
0.6901746556736985
0.689120674384041
0.6880643979577068
0.6870058322057206
0.6859449836488317
0.6848818594933843
0.6838164676075574
0.6827488164980664
0.6816789152874094
0.6806067736917232
0.6795324019993003
0.6784558110498158
0.6773770122142804
0.6762960173757604
0.675212838910862
0.6741274896719924
0.6730399829703952
0.671950332559957
0.6708585526217685
0.6697646577494314
0.6686686629350835
0.6675705835561332
0.6664704353626683
0.6653682344655201
0.6642639973249558
0.6631577407399696
0.6620494818381475
0.6609392380660739
0.6598270271802591
0.6587128672385478
0.6575967765919961
0.6564787738771767
0.6553588780088935
0.6542371081732807
0.6531134838212556
0.6519880246623067
0.6508607506585968
0.6497316820193484
0.6486008391955043
0.6474682428746361
0.64633391397608
0.6451978736462878
0.6440601432543756
0.6429207443878504
0.6417796988484998
0.6406370286484429
0.6394927560063051
0.6383469033435345
0.6371994932808196
0.636050548634624
0.6349000924138017
0.6337481478163101
0.6325947382259884
0.6314398872094158
0.6302836185128178
0.6291259560590359
0.6279669239445433
0.6268065464364985
0.6256448479698382
0.6244818531444023
0.6233175867220853
0.6221520736240058
0.6209853389277038
0.619817407864343
0.6186483058159313
0.6174780583125505
0.6163066910295902
0.6151342297849838
0.6139607005364505
0.6127861293787333
0.6116105425408394
0.610433966383269
0.6092564273952474
0.6080779521919464
0.6068985675116987
0.6057183002132018
0.6045371772727166
0.6033552257812529
0.6021724729417448
0.6009889460662126
0.5998046725729185
0.598619679983504
0.5974339959201165
0.5962476481025274
0.5950606643452301
0.5938730725545318
0.5926849007256296
0.5914961769396712
0.5903069293608094
0.5891171862332376
0.5879269758782162
0.5867363266910863
0.5855452671382724
0.5843538257542709
0.5831620311386303
0.5819699119529198
0.5807774969176849
0.5795848148093972
0.5783918944573934
0.5771987647408003
0.5760054545854609
0.5748119929608422
0.5736184088769436
0.5724247313811912
0.5712309895553334
0.5700372125123234
0.5688434293932014
0.5676496693639705
0.566455961612466
0.5652623353452262
0.5640688197843575
0.5628754441643982
0.5616822377291766
0.5604892297286785
0.5592964494159018
0.5581039260437222
0.5569116888617531
0.5557197671132093
0.5545281900317771
0.5533369868384805
0.5521461867385569
0.5509558189183346
0.5497659125421142
0.5485764967490641
0.5473876006501075
0.5461992533248339
0.5450114838184035
0.5438243211384703
0.5426377942521097
0.5414519320827595
0.5402667635071641
0.5390823173523418
0.5378986223925504
0.5367157073462812
0.5355336008732479
0.5343523315714058
0.5331719279739762
0.5319924185464904
0.5308138316838444
0.5296361957073765
0.5284595388619597
0.5272838893131082
0.5261092751441059
0.5249357243531567
0.5237632648505464
0.5225919244558308
0.521421730895044
0.5202527117979256
0.5190848946951727
0.5179183070157112
0.5167529760839922
0.515588929117313
0.5144261932231595
0.5132647953965732
0.5121047625175459
0.5109461213484412
0.5097888985314327
0.5086331205859851
0.5074788139063444
0.5063260047590707
0.505174719280588
0.5040249834747725
0.5028768232105583
0.5017302642195851
0.5005853320938625
0.49944205228347904
0.4983004500943258
0.4971605506858664
0.49602237906892555
0.49488596010351904
0.49375131849670895
0.49261847880049425
0.49148746540973376
0.4903583025601045
0.48923101432608596
0.4881056246189882
0.4869821571850049
0.4858606356033057
0.48474108328416
0.4836235234671006
0.48250797921911315
0.48139447343287134
0.48028302882499896
0.4791736679343702
0.4780664131204492
0.47696128656165937
0.475858310253792
0.474757506008454
0.47365889545154405
0.4725625000217717
0.4714683409692141
0.47037643935390017
0.4692868160444441
0.4681994917167054
0.4671144868524909
0.4660318217382926
0.4649515164640633
0.46387359092202707
0.46279806480552643
0.46172495760791377
0.46065428862146773
0.45958607693635767
0.4585203414396385
0.4574571008142848
0.45639637353826323
0.4553381778836365
0.45428253191571155
0.4532294534922201
0.45217896026253457
0.4511310696669244
0.45008579893584455
0.4490431650892682
0.44800318493604074
0.4469658750732888
0.44593125188584926
0.4448993315457431
0.4438701300116803
0.44284366302860356
0.44181994612726505
0.440798994623839
0.4397808236195676
0.43876544800044404
0.4377528824369289
0.4367431413837012
0.43573623907944137
0.43473218954664894
0.4337310065914973
0.4327327038037172
0.43173729455651155
0.4307447920065125
0.4297552090937593
0.42876855854171503
0.4277848528573148
0.42680410433104254
0.42582632503704476
0.42485152683326555
0.4238797213616242
0.42291092004821607
0.4219451341035375
0.4209823745227613
0.4200226520860143
0.4190659773587059
0.4181123606918743
0.417161812222563
0.416214341874228
0.4152699593571695
0.4143286741689908
0.4133904955950902
0.4124554327091682
0.41152349437377334
0.41059468924086384
0.4096690257524013
0.40874651214096536
0.40782715643039624
0.40691096643645963
0.40599794976753534
0.4050881138253287
0.4041814658056123
0.40327801269897723
0.40237776129162073
0.40148071816614395
0.400586889702382
0.3996962820782438
0.39880890127058777
0.39792475305609687
0.3970438430121985
0.3961661765179827
0.39529175875514977
0.3944205947089784
0.39355268916930575
0.3926880467315299
0.39182667179762853
0.3909685685771964
0.3901137410884946
0.38926219315952726
0.3884139284291155
0.38756895034801153
0.3867272621800063
0.3858888670030626
0.3850537677104612
0.38422196701196254
0.3833934674349758
0.3825682713257499
0.3817463808505698
0.3809277979969725
0.38011252457496336
0.37930056221826425
0.37849191238555047
0.3776865763617121
0.37688455525912656
0.3760858500189338
0.3752904614123266
0.37449839004185004
0.3737096363427099
0.3729242005840854
0.3721420828704588
0.37136328314295
0.37058780118064805
0.3698156366019735
0.3690467888660188
0.3682812572739247
0.36751904097023524
0.3667601389442833
0.3660045500315655
0.3652522729151265
0.36450330612695303
0.3637576480493686
0.36301529691642687
0.3622762508153279
0.361540507687813
0.36080806533158294
0.3600789214017108
0.35935307341205636
0.3586305187366894
0.3579112546113091
0.35719527813466845
0.35648258626999874
0.35577317584643864
0.35506704356046004
0.354364185977298
0.3536645995323807
0.3529682805327581
0.3522752251585325
0.3515854294642865
0.35089888938051716
0.35021560071505775
0.34953555915450985
0.3488587602656694
0.3481851994969506
0.34751487217981014
0.3468477735301677
0.346183898649825
0.34552324252788746
0.34486580004217027
0.34421156596061997
0.3435605349427139
0.3429127015408747
0.34226806020186473
0.3416266052681912
0.34098833097949965
0.3403532314739599
0.3397213007896607
0.33909253286598773
0.33846692154500513
0.3378444605728236
0.337225143600975
0.336608964187775
0.3359959157996787
0.33538599181263684
0.3347791855134433
0.3341754901010775
0.3335748986880387
0.33297740430168343
0.3323829998855423
0.3317916783006414
0.3312034323268166
0.3306182546640213
0.3300361379336175
0.329457074679676
0.32888105737026274
0.32830807839871257
0.3277381300849056
0.3271712046765306
0.32660729435034364
0.32604639121342205
0.3254884873043985
0.32493357459470484
0.3243816449898004
0.3238326903303874
0.3232867023936278
0.32274367289434636
0.3222035934862314
0.32166645576302033
0.32113225125967804
0.32060097145358046
0.3200726077656685
0.3195471515616112
0.31902459415295314
0.3185049267982527
0.3179881407042141
0.3174742270268164
0.3169631768724209
0.31645498129888106
0.3159496313166388
0.3154471178898174
0.31494743193729624
0.31445056433379237
0.3139565059109115
0.31346524745821125
0.312976779724245
0.31249109341759695
0.31200817920791446
0.311528027726922
0.31105062956943585
0.3105759752943654
0.3101040554257043
0.30963486045351407
0.30916838083490417
0.30870460699499247
0.3082435293278639
0.30778513819752285
0.30732942393882634
0.30687637685842006
0.30642598723565806
0.30597824532351536
0.3055331413494926
0.3050906655165102
0.3046508080037954
0.3042135589677618
0.3037789085428728
0.303346846842505
0.3029173639597992
0.3024904499685016
0.30206609492379644
0.3016442888631311
0.30122502180703503
0.3008082837599194
0.30039406471088437
0.29998235463450407
0.2995731434916067
0.2991664212300512
0.29876217778548675
0.2983604030821104
0.29796108703341695
0.2975642195429312
0.2971697905049413
0.29677778980522096
0.2963882073217432
0.2960010329253798
0.2956162564806052
0.2952338678461791
0.2948538568758301
0.2944762134189255
0.29410092732113347
0.29372798842508363
0.29335738657100985
0.2929891115973896
0.29262315334158107
0.29225950164043957
0.29189814633093736
0.2915390772507699
0.2911822842389574
0.2908277571364354
0.29047548578663795
0.2901254600360784
0.2897776697349167
0.2894321047375197
0.28908875490301644
0.28874761009584404
0.2884086601862914
0.28807189505102393
0.2877373045736116
0.28740487864504793
0.2870746071642568
0.28674648003860026
0.2864204871843655
0.2860966185272634
0.28577486400290564
0.28545521355727776
0.28513765714720973
0.2848221847408373
0.28450878631805565
0.28419745187096446
0.2838881714043108
0.28358093493592695
0.2832757324971492
0.2829725541332455
0.2826713899038299
0.2823722298832676
0.28207506416107975
0.2817798828423351
0.28148667604804345
0.28119543391553636
0.2809061465988426
0.28061880426906305
0.2803333971147315
0.28004991534217305
0.2797683491758627
0.27948868885876443
0.27921092465267705
0.27893504683856685
0.27866104571689976
0.27838891160796486
0.2781186348521899
0.2778502058104547
0.27758361486440075
0.2773188524167324
0.2770559088915098
0.27679477473444436
0.27653544041317935
0.27627789641757605
0.2760221332599845
0.27576814147551254
0.27551591162229805
0.2752654342817603
0.27501670005886025
0.27476969958234687
0.2745244235050056
0.27428086250389594
0.27403900728058783
0.27379884856139247
0.2735603770975894
0.2733235836656448
0.27308845906743073
0.2728549941304371
0.27262317970797667
0.2723930066793948
0.2721644659502588
0.2719375484525629
0.27171224514490755
0.2714885470126963
0.2712664450683081
0.27104593035128144
0.27082699392848486
0.2706096268942869
0.2703938203707189
0.27017956550764255
0.2699668534828995
0.2697556755024729
0.2695460228006308
0.26933788664007496
0.2691312583120825
0.26892612913664304
0.2687224904625962
0.2685203336677585
0.2683196501590591
0.2681204313726506
0.26792266877404114
0.267726353858209
0.2675314781497119
0.2673380332027989
0.2671460106015223
0.26695540195983136
0.2667661989216862
0.26657839316113774
0.26639197638244017
0.2662069403201244
0.2660232767391011
0.265840977434732
0.2656600342329227
0.2654804389901946
0.2653021835937587
0.2651252599615962
0.26494966004252307
0.26477537581625654
0.2646023992934826
0.2644307225159134
0.2642603375563497
0.26409123651873534
0.2639234115382113
0.26375685478116395
0.26359155844527615
0.26342751475957116
0.2632647159844571
0.2631031544117658
0.2629428223647926
0.26278371219833074
0.2626258162987033
0.26246912708379855
0.2623136370030936
0.262159338537685
0.2620062242003075
0.2618542865353609
0.261703518118929
0.2615539115587916
0.26140545949444627
0.261258154597118
0.26111198956977144
0.26096695714711904
0.260823050095627
0.2606802612135223
0.26053858333079694
0.26039800930920143
0.2602585320422547
0.26012014445523135
0.25998283950516354
0.2598466101808281
0.2597114495027498
0.25957735052317454
0.25944430632607063
0.2593123100271123
0.259181354773657
0.25905143374474104
0.25892254015104854
0.2587946672348963
0.2586678082702166
0.25854195656252343
0.25841710544889285
0.25829324829794054
0.2581703785097845
0.25804848951602166
0.2579275747796931
0.25780762779525723
0.25768864208854614
0.2575706112167372
0.2574535287683162
0.2573373883630369
0.2572221836518792
0.25710790831701225
0.2569945560717528
0.2568821206605135
0.25677059585877193
0.25665997547300956
0.25655025334067594
0.25644142333013475
0.25633347934061546
0.25622641530216106
0.25612022517557864
0.25601490295238494
0.2559104426547506
0.25580683833544915
0.255704084077796
0.2556021739955915
0.255501102233069
0.2554008629648242
0.25530145039576324
0.25520285876104065
0.25510508232599083
0.25500811538607115
0.2549119522667965
0.25481658732366974
0.2547220149421191
0.25462822953743147
0.2545352255546868
0.25444299746867705
0.25435153978385394
0.25426084703424834
0.25417091378339896
0.2540817346242831
0.25399330417924215
0.25390561709991266
0.2538186680671416
0.2537324517909244
0.2536469630103183
0.2535621964933723
0.2534781470370455
0.2533948094671361
0.253312178638192
0.2532302494334431
0.25314901676471424
0.253068475572347
0.25298862082511875
0.2529094475201594
0.2528309506828711
0.2527531253668459
0.25267596665378045
0.25259946965338986
0.2525236295033294
0.2524484413691065
0.25237390044399277
0.2523000019489382
0.25222674113249066
0.2521541132707029
0.25208211366704614
0.25201073765232274
0.25193998058457867
0.2518698378490125
0.2518003048578894
0.2517313770504458
0.2516630498928082
0.25159531887789177
0.2515281795253199
0.25146162738132427
0.25139565801866126
0.2513302670365114
0.2512654500603949
0.25120120274207336
0.2511375207594614
0.2510743998165287
0.2510118356432086
0.2509498239953075
0.25088836065440356
0.2508274414277575
0.25076706214821753
0.2507072186741205
0.2506479068892036
0.25058912270250033
0.2505308620482527
0.2504731208858074
0.2504158951995282
0.2503591809986928
0.25030297431739845
0.2502472712144662
0.2501920677733428
0.2501373601020024
0.2500831443328516
0.25002941662263056
0.24997617315231746
0.24992341012702424
0.24987112377590737
0.24981931035206406
0.2497679661324358
0.2497170874177086
0.2496666705322167
0.24961671182384315
0.2495672076639207
0.249518154447132
0.2494695485914149
0.24942138653785717
0.24937366475060374
0.24932637971675342
0.24927952794626174
0.24923310597184012
0.24918711034885987
0.24914153765524805
0.24909638449139238
0.2490516474800435
0.24900732326620456
0.2489634085170468
0.24891989992180052
0.24887679419165754
0.24883408805967555
0.24879177828067078
0.2487498616311289
0.24870833490909516
0.24866719493408418
0.24862643854697275
0.24858606260990845
0.24854606400620394
0.2485064396402401
0.2484671864373672
0.2484283013438029
0.24838978132654133
0.24835162337324324
0.2483138244921439
0.24827638171195332
0.24823929208175688
0.24820255267091407
0.24816616056896568
0.24813011288552866
0.24809440675020233
0.24805903931246964
0.24802400774159727
0.24798930922653495
0.24795494097582482
0.24792090021749758
0.24788718419897648
0.24785379018697917
0.2478207154674198
0.2477879573453169
0.2477555131446847
0.24772338020844886
0.24769155589833824
0.24766003759479804
0.24762882269688535
0.24759790862218
0.24756729280667544
0.24753697270469976
0.24750694578880683
0.2474772095496819
0.24744776149605296
0.2474185991545902
0.24738972006980686
0.2473611218039733
0.24733280193701168
0.2473047580664124
0.24727698780712914
0.2472494887914899
0.24722225866910164
0.24719529510675564
0.24716859578833683
0.24714215841472542
0.24711598070370522
0.24709006038987358
0.24706439522454116
0.2470389829756492
0.24701382142766726
0.24698890838150833
0.24696424165443076
0.24693981907995122
0.24691563850774811
0.2468916978035779
0.24686799484917332
0.2468445275421648
0.24682129379597484
0.24679829153974298
0.246775518718224
0.24675297329170587
0.24673065323591314
0.2467085565419227
0.24668668121607285
0.2466650252798721
0.24664358676991538
0.24662236373778923
0.24660135424999174
0.24658055638783472
0.24655996824736415
0.24653958793927033
0.24651941358879703
0.24649944333566332
0.24647967533396464
0.2464601077520987
0.24644073877267203
0.24642156659241576
0.24640258942210191
0.24638380548645455
0.246365213024069
0.24634681028732597
0.24632859554230413
0.24631056706869892
0.24629272315974005
0.24627506212210415
0.24625758227583583
0.24624028195425696
0.24622315950389784
0.24620621328439907
0.24618944166844037
0.24617284304165432
0.24615641580254755
0.2461401583624162
0.24612406914526808
0.24610814658773794
0.2460923891390142
0.2460767952607522
0.24606136342699736
0.24604609212410544
0.24603097985066558
0.24601602511741705
0.2460012264471766
0.24598658237475213
0.24597209144687449
0.2459577522221128
0.24594356327080125
0.2459295231749592
0.24591563052821652
0.24590188393573797
0.24588828201414337
0.24587482339143918
0.24586150670693208
0.24584833061116695
0.24583529376584234
0.24582239484374035
0.2458096325286515
0.24579700551530026
0.24578451250927313
0.24577215222694582
0.24575992339540687
0.24574782475238977
0.24573585504620044
0.24572401303563873
0.24571229748993506
0.24570070718867665
0.24568924092173205
0.245677897489189
0.24566667570127632
0.24565557437829977
0.24564459235056801
0.24563372845832498
0.24562298155168172
0.2456123504905473
0.24560183414455983
0.2455914313930193
0.24558114112482043
0.24557096223838115
0.2455608936415814
0.24555093425169294
0.24554108299531385
0.24553133880830424
0.24552170063571255
0.24551216743172233
0.24550273815957924
0.24549341179152595
0.24548418730874044
0.24547506370127292
0.2454660399679769
0.24545711511645274
0.24544828816297481
0.24543955813244034
0.2454309240582967
0.24542238498248448
0.24541393995537586
0.24540558803570933
0.24539732829053096
0.24538915979513443
0.24538108163299743
0.2453730928957235
0.2453651926829803
0.2453573801024449
0.2453496542697331
0.245342014308358
0.24533445934965037
0.2453269885327175
0.24531960100437677
0.24531229591910098
0.24530507243895494
0.24529792973354703
0.2452908669799666
0.24528388336272744
0.24527697807371762
0.2452701503121325
0.24526339928442986
0.24525672420426925
0.24525012429245674
0.24524359877689317
0.24523714689251663
0.2452307678812512
0.24522446099195105
0.2452182254803471
0.24521206060899436
0.24520596564722297
0.24519993987107613
0.2451939825632663
0.2451880930131245
0.2451822705165364
0.24517651437590737
0.24517082390009826
0.24516519840438222
0.24515963721039036
0.24515413964606658
0.2451487050456106
0.24514333274943312
0.24513802210410607
0.24513277246231535
0.24512758318280525
0.24512245363033902
0.24511738317564502
0.24511237119537188
0.24510741707203676
0.24510252019398548
0.24509767995533804
0.24509289575594595
0.24508816700134728
0.24508349310271615
0.24507887347682178
0.24507430754597814
0.24506979473800472
0.2450653344861743
0.2450609262291762
0.24505656941106568
0.24505226348122322
0.24504800789430992
0.24504380211022525
0.24503964559406055
0.24503553781605836
0.24503147825157112
0.24502746638101647
0.24502350168983622
0.24501958366845378
0.2450157118122337
0.24501188562143972
0.24500810460119327
0.2450043682614349
0.24500067611688026
0.2449970276869835
0.2449934224958944
0.24498986007242307
0.24498633994999297
0.24498286166660987
0.24497942476481793
0.2449760287916639
0.24497267329865557
0.24496935784172746
0.24496608198120196
0.24496284528174694
0.2449596473123451
0.24495648764625633
0.24495336586097627
0.2449502815382013
0.24494723426379472
0.24494422362775126
0.24494124922415617
0.244938310651153
