0.8058931591477023
0.7343820680827542
0.7333768512352179
0.7323680464949855
0.7313562212479148
0.7303416563861849
0.7293244967637806
0.72830481993834
0.7272826671983526
0.726258058863414
0.7252310024809607
0.7242014975329667
0.7231695382989145
0.7221351156834219
0.7210982184315577
0.7200588339655325
0.7190169489779172
0.7179725498627612
0.7169256230353152
0.7158761551729678
0.7148241333989577
0.7137695454234858
0.7127123796524075
0.7116526252707358
0.7105902723062294
0.7095253116769802
0.7084577352259815
0.7073875357449881
0.7063147069894962
0.70523924368632
0.7041611415349767
0.7030803972038868
0.7019970083222439
0.7009109734682772
0.6998222921545394
0.6987309648107514
0.6976369927646928
0.6965403782215338
0.6954411242419836
0.6943392347195636
0.6932347143572817
0.692127568643951
0.691017803830358
0.6899054269054585
0.6887904455727578
0.6876728682270025
0.6865527039312913
0.6854299623946996
0.6843046539504849
0.683176789534938
0.6820463806669201
0.6809134394281195
0.6797779784440494
0.6786400108658083
0.6774995503525967
0.6763566110549986
0.6752112075990162
0.6740633550708496
0.6729130690024001
0.6717603653574861
0.6706052605187434
0.6694477712751872
0.6682879148104146
0.6671257086914129
0.6659611708579556
0.6647943196125503
0.6636251736109153
0.662453751852955
0.6612800736742062
0.6601041587377299
0.6589260270264192
0.6577456988357002
0.6565631947665997
0.6553785357191533
0.6541917428861366
0.6530028377470898
0.6518118420626211
0.6506187778689636
0.6494236674727687
0.6482265334461206
0.6470273986217474
0.6458262860884192
0.6446232191865153
0.6434182215037474
0.6422113168710188
0.6410025293584218
0.6397918832713423
0.6385794031466749
0.6373651137491325
0.6361490400676415
0.6349312073118125
0.6337116409084826
0.6324903664983126
0.631267409932442
0.6300427972691915
0.6288165547708005
0.6275887089002044
0.6263592863178409
0.6251283138784789
0.6238958186280694
0.6226618278006109
0.6214263688150319
0.620189469272078
0.6189511569512036
0.6177114598074753
0.6164704059684651
0.6152280237311507
0.6139843415588084
0.6127393880778973
0.6114931920749449
0.6102457824934124
0.6089971884305609
0.6077474391342981
0.6064965640000162
0.6052445925674164
0.6039915545173178
0.6027374796684535
0.6014823979742498
0.6002263395195904
0.5989693345175631
0.5977114133061938
0.5964526063451587
0.5951929442124841
0.5939324576012286
0.592671177316145
0.5914091342703323
0.590146359481865
0.588882884070409
0.5876187392538221
0.5863539563447373
0.5850885667471315
0.5838226019528798
0.5825560935382919
0.5812890731606402
0.58002157255467
0.578753623529096
0.5774852579630909
0.5762165078027561
0.5749474050575858
0.5736779817969171
0.5724082701463729
0.5711383022842911
0.5698681104381487
0.5685977268809781
0.5673271839277698
0.5660565139318785
0.5647857492814115
0.5635149223956231
0.5622440657212961
0.5609732117291222
0.5597023929100817
0.5584316417718169
0.5571609908350084
0.5558904726297453
0.5546201196919032
0.5533499645595121
0.5520800397691397
0.5508103778522633
0.5495410113316561
0.5482719727177725
0.5470032945051362
0.545735009168741
0.544467149160452
0.5431997469054155
0.5419328347984798
0.5406664452006227
0.5394006104353861
0.5381353627853303
0.5368707344884862
0.5356067577348349
0.5343434646627878
0.5330808873556852
0.5318190578383135
0.53055800807343
0.5292977699583088
0.5280383753213052
0.5267798559184309
0.5255222434299551
0.5242655694570215
0.5230098655182827
0.521755163046562
0.520501493385529
0.5192488877864025
0.5179973774046758
0.5167469932968614
0.5154977664172664
0.514249727614787
0.5130029076297316
0.5117573370906685
0.5105130465113057
0.5092700662873872
0.5080284266936317
0.5067881578806872
0.505549289872125
0.5043118525614545
0.5030758757091782
0.5018413889398718
0.5006084217392945
0.4993770034515408
0.4981471632762121
0.4969189302656317
0.4956923333220917
0.4944674011951311
0.4932441624788527
0.49202264560926834
0.49080287886169316
0.4895848903481612
0.48836870801488674
0.4871543596397606
0.4859418728298851
0.4847312750191427
0.48352259346580906
0.4823158552501974
0.4811110872723512
0.4799083162497688
0.47870756871516773
0.4775088710142953
0.4763122493037716
0.47511772954898024
0.47392533752199417
0.47273509879954423
0.47154703876103443
0.47036118258658643
0.46917755525514027
0.46799618154258726
0.46681708601994454
0.46564029305158205
0.4644658267934778
0.46329371119152896
0.46212396997989413
0.46095662667938775
0.4597917045959118
0.4586292268189305
0.45746921621999337
0.4563116954512936
0.4551566869442766
0.45400421290828585
0.4528542953292567
0.45170695596844934
0.4505622163612294
0.4494200978158852
0.44828062141249714
0.4471438080018394
0.44600967820433157
0.4448782524090368
0.44374955077268785
0.44262359321877487
0.44150039943665964
0.4403799888807425
0.43926238076966706
0.4381475940855676
0.43703564757336044
0.43592655974007355
0.4348203488542187
0.433717032945211
0.4326166298028191
0.43151915697666643
0.4304246317757644
0.42933307126809583
0.4282444922802291
0.4271589113969779
0.42607634496110147
0.4249968090730394
0.4239203195906881
0.42284689212922266
0.4217765420609446
0.4207092845151782
0.41964513437819895
0.41858410629320575
0.41752621466032347
0.4164714736366474
0.4154198971363211
0.4143714988306568
0.41332629214827865
0.4122842902753191
0.4112455061556367
0.4102099524910726
0.40917764174174454
0.4081485861263723
0.4071227976226368
0.4061002879675707
0.405081068657986
0.404065150950933
0.4030525458641866
0.40204326417676983
0.4010373164295066
0.400034712925604
0.3990354637312641
0.3980395786763312
0.3970470673549622
0.3960579391263278
0.39507220311534175
0.3940898682134213
0.3931109430792725
0.3921354361397005
0.39116335559045157
0.3901947093970801
0.3892295052958331
0.3882677507945762
0.38730945317372856
0.38635461948723193
0.385403256563539
0.3844553710066262
0.383510969197031
0.3825700572929117
0.3816326412311243
0.38069872672832894
0.37976831928210864
0.37884142417211797
0.3779180464612434
0.37699819099678733
0.3760818624116734
0.3751690651256663
0.3742598033466109
0.373354081071691
0.3724519020887046
0.3715532699773548
0.37065818811055895
0.3697666596557718
0.36887868757632636
0.3679942746327891
0.36711342338432706
0.36623613619009565
0.36536241521062884
0.36449226240925825
0.36362567955353076
0.3627626682166456
0.36190322977890355
0.36104736542916327
0.3601950761663142
0.35934636280075527
0.3585012259558895
0.35765966606962196
0.3568216833958697
0.3559872780060839
0.355156449790775
0.35432919846105204
0.35350552355016196
0.35268542441504713
0.35186890023789563
0.3510559500277134
0.35024657262189096
0.3494407666877818
0.34863853072428597
0.3478398630634315
0.34704476187197486
0.3462532251529912
0.3454652507474766
0.3446808363359547
0.3438999794400769
0.3431226774242403
0.34234892749719525
0.3415787267136652
0.34081207197595653
0.3400489600355837
0.33928938749488646
0.3385333508086481
0.3377808462857217
0.33703187009064917
0.3362864182452825
0.3355444866304055
0.3348060709873534
0.3340711669196377
0.3333397698945567
0.3326118752448233
0.33188747817016884
0.33116657373897007
0.3304491568898481
0.32973522243328446
0.32902476505322553
0.3283177793086871
0.3276142596353536
0.3269142003471711
0.3262175956379473
0.32552443958293364
0.3248347261404133
0.32414844915328234
0.3234656023506205
0.32278617934926845
0.32211017365538874
0.32143757866602984
0.32076838767067695
0.32010259385280515
0.3194401902914228
0.31878116996260697
0.31812552574103703
0.3174732504015193
0.316824336620502
0.3161787769775972
0.31553656395707363
0.31489768994936185
0.3142621472525451
0.31362992807383827
0.31300102453107126
0.3123754286541507
0.3117531323865256
0.3111341275866346
0.310518406029359
0.30990595940745347
0.30929677933297617
0.3086908573387106
0.308088184879574
0.30748875333402725
0.3068925540054588
0.3062995781235832
0.3057098168458081
0.3051232612586078
0.3045399023788803
0.3039597311552972
0.3033827384696445
0.30280891513815356
0.3022382519128253
0.30167073948274126
0.30110636847536554
0.3005451294578414
0.29998701293827035
0.2994320093669952
0.2988801091378531
0.2983313025894413
0.297785580006353
0.29724293162042004
0.2967033476119312
0.29616681811085577
0.2956333331980381
0.29510288290640363
0.2945754572221354
0.2940510460858565
0.2935296393937875
0.293011226998908
0.2924957987120983
0.29198334430327344
0.2914738535025072
0.290967316001153
0.2904637214529334
0.28996305947505097
0.2894653196492607
0.2889704915229463
0.2884785646101836
0.28798952839279546
0.2875033723213881
0.28702008581639304
0.28653965826908223
0.28606207904258074
0.2855873374728749
0.2851154228697953
0.28464632451800576
0.28418003167797046
0.2837165335869173
0.28325581945978984
0.2827978784901869
0.28234269985129445
0.28189027269680833
0.2814405861618421
0.28099362936383365
0.28054939140343194
0.2801078613653786
0.27966902831938223
0.27923288132098023
0.27879940941238857
0.27836860162334576
0.27794044697194253
0.27751493446544995
0.27709205310112883
0.2766717918670323
0.2762541397428043
0.27583908570046045
0.2754266187051657
0.27501672771599794
0.2746094016867041
0.2742046295664501
0.27380240030055736
0.2734027028312288
0.2730055260982719
0.2726108590398063
0.27221869059296555
0.27182900969459256
0.2714418052819164
0.2710570662932327
0.2706747816685643
0.2702949403503224
0.26991753128395113
0.2695425434185693
0.2691699657075959
0.26879978710937935
0.26843199658780514
0.26806658311290654
0.26770353566145333
0.26734284321754787
0.2669844947731991
0.2666284793289013
0.26627478589418885
0.26592340348820065
0.26557432114022017
0.2652275278902213
0.2648830127893941
0.26454076490067446
0.2642007732992532
0.2638630270730936
0.26352751532342333
0.2631942271652288
0.262863151727747
0.26253427815493613
0.26220759560595086
0.26188309325560055
0.2615607602948118
0.26124058593107247
0.26092255938887343
0.26060666991014436
0.2602929067546791
0.25998125920056225
0.2596717165445708
0.25936426810259416
0.25905890321002456
0.2587556112221506
0.2584543815145528
0.25815520348347143
0.25785806654618726
0.257562960141386
0.2572698737295175
0.2569787967931534
0.25668971883733127
0.256402629389897
0.25611751800184257
0.2558343742476309
0.25555318772552305
0.2552739480578906
0.25499664489153373
0.2547212678979799
0.25444780677378764
0.25417625124083687
0.2539065910466215
0.25363881596452786
0.2533729157941126
0.25310888036137535
0.25284669951902305
0.2525863631467309
0.2523278611513994
0.25207118346740076
0.25181632005682586
0.25156326090972325
0.25131199604433296
0.25106251550731795
0.2508148093739847
0.2505688677485054
0.2503246807641307
0.25008223858340195
0.24984153139835208
0.24960254943071014
0.24936528293209115
0.24912972218419294
0.2488958574989789
0.24866367921885957
0.248433177716871
0.24820434339684683
0.24797716669358705
0.24775163807302414
0.24752774803237731
0.24730548710031375
0.24708484583709855
0.24686581483474124
0.24664838471714023
0.24643254614021803
0.24621828979206517
0.24600560639306324
0.24579448669601567
0.2455849214862731
0.24537690158184866
0.245170417833541
0.24496546112504036
0.24476202237304057
0.24456009252734467
0.24435966257096398
0.2441607235202209
0.24396326642484045
0.24376728236803868
0.24357276246661863
0.24337969787104863
0.2431880797655449
0.2429978993681544
0.2428091479308203
0.24262181673946026
0.2424358971140378
0.24225138040862026
0.2420682580114467
0.24188652134498623
0.24170616186599359
0.2415271710655621
0.24134954046917745
0.2411732616367649
0.2409983261627312
0.24082472567600954
0.24065245184009776
0.240481496353099
0.2403118509477501
0.24014350739145807
0.23997645748632823
0.23981069306918545
0.2396462060116078
0.23948298821993974
0.23932103163531193
0.23916032823366706
0.23900087002576054
0.2388426490571801
0.23868565740835646
0.2385298871945657
0.2383753305659405
0.23822197970746428
0.23806982683898248
0.23791886421519115
0.23776908412564202
0.23762047889472726
0.23747304088168475
0.23732676248057116
0.237181636120266
0.23703765426445145
0.23689480941159236
0.23675309409492507
0.23661250088243635
0.23647302237684187
0.23633465121555852
0.2361973800706867
0.2360612016489806
0.23592610869181618
0.2357920939751671
0.23565915030956608
0.2355272705400765
0.2353964475462571
0.2352666742421201
0.23513794357609796
0.23501024853100094
0.2348835821239742
0.2347579374064589
0.23463330746414357
0.2345096854169193
0.2343870644188334
0.2342654376580392
0.23414479835674473
0.23402513977116224
0.23390645519145747
0.23378873794168864
0.23367198137975664
0.2335561788973477
0.23344132391987193
0.23332740990640544
0.2332144303496294
0.23310237877576745
0.23299124874452515
0.23288103384902137
0.2327717277157263
0.23266332400439194
0.2325558164079885
0.23244919865263236
0.23234346449751453
0.2322386077348334
0.23213462218972392
0.2320315017201794
0.23192924021698136
0.2318278316036223
0.2317272698362317
0.23162754890349857
0.23152866282659446
0.2314306056590928
0.23133337148689048
0.23123695442812808
0.23114134863310687
0.23104654828420834
0.2309525475958104
0.230859340814205
0.2307669222175086
0.2306752861155873
0.23058442684995673
0.2304943387937084
0.23040501635141297
0.23031645395903422
0.2302286460838472
0.23014158722433697
0.230055271910115
0.22996969470182937
0.2298848501910674
0.22980073300026937
0.22971733778263337
0.2296346592220181
0.22955269203285766
0.22947143096005795
0.2293908707789054
0.22931100629497225
0.22923183234401845
0.22915334379189511
0.22907553553444693
0.22899840249741577
0.22892193963634366
0.2288461419364669
0.228771004412628
0.22869652210916447
0.22862269009981862
0.22854950348762781
0.22847695740483387
0.2284050470127713
0.2283337675017746
0.22826311409106792
0.22819308202866928
0.22812366659128436
0.2280548630842052
0.2279866668412036
0.22791907322442995
0.22785207762430837
0.2277856754594324
0.22771986217645834
0.2276546332500038
0.22758998418254128
0.22752591050428805
0.22746240777310567
0.22739947157439255
0.22733709752097697
0.22727528125301022
0.22721401843786093
0.22715330477000484
0.22709313597092307
0.22703350778899056
0.22697441599936707
0.22691585640389633
0.22685782483099137
0.22680031713552795
0.22674332919873696
0.2266868569280981
0.2266308962572272
0.22657544314576938
0.22652049357929327
0.226466043569176
0.22641208915249866
0.22635862639193716
0.22630565137564884
0.22625316021717057
0.2262011490553003
0.22614961405399703
0.22609855140226198
0.22604795731403626
0.2259978280280882
0.2259481598079045
0.2258989489415787
0.2258501917417064
0.22580188454526828
0.2257540237135255
0.22570660563191058
0.22565962670991357
0.22561308338097497
0.22556697210237575
0.2255212893551276
0.2254760316438641
0.2254311954967272
0.22538677746526303
0.22534277412430936
0.22529918207188449
0.22525599792908169
0.22521321833995822
0.22517083997142484
0.22512885951313388
0.22508727367738046
0.22504607919898068
0.22500527283516847
0.22496485136549016
0.22492481159168742
0.2248851503375966
0.2248458644490322
0.22480695079368818
0.22476840626101635
0.22473022776213192
0.22469241222969671
0.2246549566178121
0.2246178579019139
0.2245811130786627
0.22454471916583463
0.22450867320221957
0.22447297224750418
0.22443761338217738
0.22440259370741078
0.22436791034496129
0.22433356043705677
0.2242995411462957
0.22426584965553953
0.2242324831678032
0.22419943890615146
0.22416671411359557
0.22413430605298024
0.22410221200688962
0.22407042927752885
0.22403895518663075
0.22400778707534463
0.2239769223041309
0.22394635825266163
0.22391609231971277
0.22388612192306112
0.2238564444993797
0.22382705750413523
0.2237979584114873
0.22376914471417841
0.2237406139234407
0.2237123635688819
0.22368439119839623
0.22365669437804903
0.22362927069198657
0.2236021177423263
0.2235752331490587
0.22354861454994912
0.22352225960042704
0.2234961659735002
0.22347033135964034
0.22344475346669335
0.22341943001977216
0.22339435876116287
0.2233695374502237
0.22334496386328373
0.22332063579354522
0.22329655105098978
0.22327270746227412
0.2232491028706337
0.22322573513579025
0.22320260213384524
0.22317970175719315
0.22315703191441827
0.2231345905301989
0.22311237554521346
0.22309038491604138
0.22306861661507782
0.22304706863041923
0.22302573896579003
0.22300462564043189
0.2229837266890181
0.2229630401615581
0.22294256412330038
0.22292229665464436
0.2229022358510443
0.22288237982291514
0.2228627266955443
0.22284327460899955
0.22282402171803184
0.22280496619198875
0.2227861062147225
0.22276743998449877
0.22274896571390734
0.22273068162976972
0.22271258597305277
0.22269467699877454
0.22267695297591938
0.2226594121873503
0.22264205292971584
0.22262487351336324
0.22260787226225276
0.22259104751387115
0.22257439761913977
0.22255792094233318
0.22254161586098897
0.22252548076582468
0.2225095140606479
0.22249371416227604
0.22247807950044962
0.22246260851774124
0.2224472996694855
0.2224321514236811
0.2224171622609118
0.22240233067426507
0.22238765516925085
0.2223731342637113
0.222358766487749
0.2223445503836311
0.2223304845057239
0.22231656742040118
0.2223027977059644
0.22228917395256664
0.2222756947621276
0.22226235874825695
0.22224916453617205
0.22223611076262395
0.22222319607581298
0.22221041913531403
0.22219777861199486
0.22218527318794468
0.22217290155639036
0.22216066242162302
0.22214855449892001
0.2221365765144706
0.22212472720529852
0.2221130053191831
0.22210140961459446
0.22208993886060602
0.2220785918368281
0.22206736733333132
0.2220562641505759
0.2220452810993293
0.22203441700060556
0.22202367068558393
0.2220130409955381
0.2220025267817679
0.2219921269055215
0.22198184023793022
0.2219716656599361
0.22196160206221516
0.22195164834511827
0.22194180341859238
0.22193206620211325
0.2219224356246191
0.2219129106244403
0.22190349014922617
0.22189417315588467
0.22188495861051294
0.22187584548832262
0.2218668327735832
0.22185791945954947
0.22184910454839235
0.22184038705114417
0.22183176598761867
0.2218232403863567
0.22181480928455588
0.22180647172800771
0.22179822677103445
0.22179007347642166
0.22178201091535943
0.22177403816737418
0.22176615432027003
0.2217583584700652
0.2217506497209265
0.2217430271851154
0.2217354899829148
0.2217280372425804
0.22172066810027147
0.22171338169999244
0.22170617719353747
0.2216990537404221
0.22169201050783072
0.22168504667055633
0.22167816141093732
0.2216713539188051
0.22166462339142423
0.22165796903343138
0.22165139005678347
0.22164488568069451
0.22163845513158353
0.22163209764301806
0.22162581245565438
0.22161959881718651
0.22161345598228488
0.2216073832125497
0.22160137977644778
0.22159544494926353
0.22158957801304136
0.22158377825653597
0.2215780449751551
0.22157237747090897
0.2215667750523559
0.22156123703454955
0.22155576273899102
0.22155035149357205
0.22154500263252208
0.22153971549636509
0.22153448943186005
0.22152932379195933
0.2215242179357486
0.22151917122840314
0.22151418304113724
0.22150925275115563
0.2215043797416011
0.22149956340151122
0.22149480312576397
0.2214900983150332
0.22148544837574402
0.22148085272001694
0.22147631076562846
0.22147182193596093
0.22146738565995705
0.2214630013720713
0.22145866851222762
0.22145438652577232
0.22145015486342745
0.22144597298124802
0.22144184034057401
0.22143775640799224
0.22143372065528455
0.2214297325593878
0.22142579160235265
0.22142189727129724
0.22141804905836182
0.22141424646067254
0.22141048898029403
0.22140677612419024
0.2214031074041799
0.22139948233689843
0.22139590044375135
0.22139236125088135
0.2213888642891172
0.2213854090939461
0.22138199520546287
0.22137862216833282
0.221375289531755
