0.8065007468579716
0.7259963172576351
0.7250250053609115
0.7240512734467328
0.7230754272078788
0.722097541995868
0.7211176361999188
0.7201357081217232
0.7191517474991582
0.7181657400375892
0.7171776694960322
0.7161875187681555
0.7151952704976028
0.7142009074563176
0.7132044127924568
0.7122057702014826
0.7112049640491087
0.710201979462282
0.7091968023977673
0.7081894196942418
0.7071798191117002
0.7061679893607262
0.70515392012342
0.7041376020672933
0.7031190268531404
0.7020981871376886
0.7010750765716985
0.7000496897940875
0.6990220224225829
0.6979920710413599
0.6969598331860722
0.6959253073266625
0.6948884928482877
0.6938493900306919
0.6928080000263113
0.6917643248373876
0.6907183672923315
0.6896701310215654
0.6886196204330424
0.6875668406876256
0.6865117976744886
0.6854544979866788
0.6843949488969665
0.6833331583340914
0.6822691348594903
0.6812028876445895
0.6801344264487177
0.6790637615976991
0.6779909039631566
0.6769158649425572
0.6758386564400217
0.6747592908479081
0.6736777810291714
0.6725941403005022
0.6715083824162306
0.6704205215529928
0.6693305722951344
0.668238549620837
0.6671444688889467
0.666048345826479
0.6649501965167735
0.6638500373882739
0.6627478852039079
0.6616437570510318
0.6605376703319203
0.6594296427547666
0.6583196923251677
0.6572078373380719
0.6560940963701489
0.6549784882725749
0.6538610321641856
0.6527417474249964
0.6516206536900442
0.6504977708435413
0.649373119013321
0.6482467185655405
0.6471185900996399
0.6459887544435248
0.6448572326489612
0.6437240459871647
0.6425892159445683
0.6414527642187537
0.6403147127145357
0.6391750835401775
0.6380338990037391
0.6368911816095324
0.6357469540546861
0.6346012392257956
0.633454060195666
0.6323054402201229
0.6311554027348978
0.6300039713525671
0.62885116985955
0.6276970222131506
0.6265415525386426
0.6253847851263874
0.6242267444289908
0.6230674550584736
0.6219069417834782
0.6207452295264844
0.619582343361043
0.6184183085090256
0.6172531503378722
0.6160868943578599
0.6149195662193614
0.6137511917101175
0.612581796752498
0.6114114074007693
0.6102400498383542
0.6090677503750892
0.6078945354444691
0.6067204316008961
0.6055454655169052
0.604369663980397
0.6031930538918451
0.6020156622615029
0.6008375162065958
0.5996586429485014
0.5984790698099192
0.5972988242120267
0.5961179336716258
0.5949364257982712
0.5937543282913909
0.5925716689373957
0.5913884756067689
0.5902047762511513
0.5890205989004074
0.5878359716596868
0.5866509227064662
0.585465480287584
0.5842796727162642
0.5830935283691256
0.5819070756831857
0.5807203431528485
0.5795333593268885
0.5783461528054197
0.5771587522368611
0.5759711863148909
0.5747834837753905
0.5735956733933874
0.5724077839799864
0.5712198443792962
0.5700318834653499
0.5688439301390209
0.567656013324936
0.5664681619683791
0.5652804050322
0.5640927714937118
0.5629052903415934
0.5617179905727858
0.5605309011893911
0.5593440511955694
0.558157469594436
0.5569711853849624
0.5557852275588757
0.5545996250975656
0.5534144069689855
0.5522296021245694
0.5510452394961454
0.5498613479928551
0.5486779564980826
0.5474950938663845
0.5463127889204349
0.5451310704479704
0.5439499671987493
0.542769507881516
0.5415897211609797
0.5404106356547989
0.5392322799305815
0.5380546825028953
0.5368778718302871
0.5357018763123247
0.5345267242866398
0.5333524440259974
0.5321790637353734
0.5310066115490499
0.5298351155277261
0.5286646036556479
0.5274951038377544
0.5263266438968401
0.5251592515707417
0.5239929545095363
0.5228277802727688
0.5216637563266924
0.5205009100415319
0.5193392686887741
0.5181788594384698
0.5170197093565723
0.5158618454022859
0.5147052944254475
0.5135500831639268
0.5123962382410576
0.5112437861630885
0.5100927533166599
0.5089431659663151
0.5077950502520256
0.506648432186757
0.5055033376540494
0.5043597924056391
0.5032178220591004
0.5020774520955158
0.5009387078571836
0.49980161454534466
0.4986661972179529
0.49753248078745804
0.4964004900186392
0.49527024952645493
0.49414178377393325
0.4930151170700897
0.49189027356787796
0.4907672772621775
0.4896461519878056
0.4885269214175717
0.4874096090603607
0.4862942382592499
0.4851808321896617
0.484069413857544
0.4829600060976017
0.4818526315715407
0.4807473127663633
0.4796440719926923
0.4785429313831323
0.4774439128906639
0.47634703828707536
0.4752523291614301
0.47415980691856974
0.47306949277765187
0.47198140777072806
0.4708955727413513
0.46981200834322634
0.4687307350388933
0.46765177309844586
0.466575142598289
0.4655008634199369
0.4644289552488349
0.46335943757323195
0.4622923296830824
0.46122765066898375
0.4601654194211545
0.4591056546284471
0.4580483747773959
0.45699359815130547
0.45594134282936916
0.4548916266858317
0.4538444673891785
0.4527998824013729
0.45175788897711866
0.45071850416316483
0.4496817447976452
0.44864762750944975
0.44761616871763954
0.446587384630888
0.44556129124696586
0.44453790435225393
0.44351723952129496
0.4424993121163826
0.44148413728717584
0.4404717299703619
0.43946210488933757
0.4384552765539379
0.43745125926018924
0.43645006709010326
0.43545171391149795
0.4344562133778561
0.43346357892821297
0.4324738237870822
0.43148696096440586
0.43050300325554447
0.4295219632412931
0.42854385328793354
0.42756868554731353
0.4265964719569568
0.4256272242402107
0.4246609539064141
0.42369767225110333
0.42273739035624047
0.4217801190904821
0.4208258691094616
0.41987465085611475
0.41892647456102283
0.41798135024279526
0.41703928770846443
0.4161002965539211
0.41516438616437246
0.414231565714824
0.4133018441705921
0.4123752302878382
0.41145173261413315
0.41053135948904207
0.4096141190447359
0.408700019206631
0.4077890676940451
0.4068812720208813
0.40597663949633866
0.4050751772256397
0.4041768921107821
0.4032817908513161
0.4023898799451354
0.40150116568930283
0.40061565418087985
0.39973335131779164
0.39885426279970504
0.3979783941289261
0.39710575061131925
0.3962363373572465
0.3953701592825186
0.394507221109374
0.39364752736746855
0.39279108239488336
0.3919378903391554
0.3910879551583154
0.3902412806219505
0.3893978703122788
0.38855772762523577
0.38772085577158666
0.38688725777804256
0.38605693648839134
0.3852298945646545
0.38440613448824223
0.38358565856113147
0.3827684689070513
0.3819545674726853
0.38114395602888274
0.3803366361718822
0.37953260932454624
0.3787318767376079
0.3779344394909262
0.37714029849475417
0.3763494544910123
0.3755619080545768
0.3747776595945732
0.37399670935567964
0.3732190574194395
0.37244470370557825
0.3716736479733366
0.3709058898227984
0.37014142869623623
0.3693802638794603
0.36862239450316947
0.367867819544315
0.36711653782746667
0.36636854802617924
0.3656238486643779
0.3648824381177276
0.3641443146150328
0.3634094762396126
0.3626779209307037
0.3619496464848512
0.36122465055731334
0.3605029306634602
0.35978448418018194
0.3590693083472897
0.3583574002689356
0.3576487569150131
0.3569433751225747
0.3562412515972472
0.3555423829146399
0.3548467655217641
0.3541543957384503
0.3534652697587576
0.3527793836523919
0.35209673336612235
0.35141731472519266
0.35074112343473585
0.35006815508118583
0.3493984051336875
0.3487318689455057
0.34806854175543545
0.34740841868919936
0.34675149476086164
0.3460977648742187
0.3454472238241991
0.34479986629826376
0.34415568687778963
0.34351468003946317
0.34287684015666364
0.3422421615008425
0.34161063824290316
0.3409822644545746
0.3403570341097769
0.3397349410859891
0.33911597916560565
0.3385001420372965
0.3378874232973518
0.33727781645103116
0.3366713149139019
0.33606791201317543
0.3354676009890306
0.3348703749959482
0.33427622710401617
0.3336851503002488
0.333097137489891
0.332512181497719
0.3319302750693275
0.3313514108724219
0.33077558149810116
0.3302027794621222
0.329632997206175
0.32906622709913735
0.3285024614383264
0.32794169245075366
0.32738391229435193
0.32682911305921325
0.3262772867688093
0.32572842538121305
0.32518252079030086
0.3246395648269572
0.3240995492602693
0.3235624657987094
0.3230283060913153
0.32249706172886017
0.3219687242450119
0.3214432851174891
0.3209207357692109
0.32040106756942066
0.31988427183483614
0.3193703398307508
0.31885926277215804
0.3183510318248547
0.3178456381065309
0.3173430726878653
0.31684332659359826
0.31634639080360427
0.3158522562539581
0.31536091383797793
0.3148723544072811
0.31438656877281446
0.31390354770588014
0.31342328193916325
0.3129457621677264
0.31247097905002796
0.3119989232089032
0.31152958523255114
0.31106295567551057
0.3105990250596252
0.310137783875004
0.30967922258096137
0.30922333160696847
0.3087701013535752
0.30831952219333836
0.3078715844717309
0.3074262785080456
0.30698359459630054
0.30654352300611054
0.30610605398358093
0.30567117775216524
0.3052388845135351
0.3048091644484243
0.30438200771747936
0.3039574044620874
0.30353534480520894
0.30311581885218863
0.30269881669156906
0.3022843283958897
0.3018723440224732
0.30146285361421843
0.30105584720036427
0.3006513147972615
0.3002492464091291
0.29984963202880355
0.29945246163847683
0.2990577252104324
0.29866541270776237
0.298275514085092
0.2978880192892778
0.29750291826011477
0.2971202009310193
0.2967398572297152
0.29636187707890904
0.2959862503969536
0.29561296709850726
0.29524201709518616
0.2948733902962011
0.29450707660899644
0.29414306593987405
0.293781348194612
0.2934219132790763
0.29306475109982155
0.2927098515646861
0.29235720458338177
0.2920068000680729
0.2916586279339469
0.2913126780997777
0.29096894048848787
0.29062740502769413
0.29028806165025
0.2899509002947821
0.28961591090621874
0.2892830834363077
0.2889524078441278
0.2886238740966006
0.28829747216898804
0.2879731920453782
0.2876510237191775
0.2873309571935857
0.28701298248206797
0.2866970896088161
0.2863832686092095
0.28607150953026583
0.2857618024310824
0.2854541373832741
0.2851485044714085
0.2848448937934248
0.2845432954610537
0.2842436996002292
0.28394609635149626
0.28365047587040104
0.283356828327895
0.28306514391071136
0.2827754128217531
0.28248762528045734
0.2822017715231767
0.28191784180352675
0.2816358263927562
0.28135571558008354
0.2810774996730533
0.28080116899786633
0.2805267138997164
0.2802541247431177
0.27998339191222377
0.2797145058111473
0.2794474568642671
0.2791822355165353
0.2789188322337751
0.27865723750297866
0.27839744183259063
0.278139435752796
0.27788320981579817
0.2776287545960918
0.2773760606907296
0.277125118719586
0.2768759193256173
0.2766284531751161
0.2763827109579514
0.2761386833878242
0.27589636120249483
0.275655735164024
0.2754167960590018
0.27517953469876744
0.27494394191963456
0.2747100085831029
0.2744777255760703
0.2742470838110421
0.2740180742263295
0.27379068778624716
0.27356491548130946
0.2733407483284168
0.2731181773710437
0.2728971936794138
0.2726777883506851
0.2724599525091148
0.27224367730622845
0.27202895392099025
0.27181577355995945
0.2716041274574451
0.2713940068756613
0.2711854031048766
0.2709783074635609
0.2707727112985192
0.2705686059850395
0.2703659829270192
0.2701648335570983
0.2699651493367896
0.2697669217565948
0.2695701423361315
0.26937480262424707
0.26918089419912905
0.2689884086684221
0.2687973376693248
0.2686076728687019
0.2684194059631788
0.26823252867923897
0.26804703277332165
0.267862910031908
0.26768015227160646
0.26749875133924494
0.2673186991119464
0.2671399874972087
0.2669626084329767
0.26678655388772643
0.26661181586051697
0.2664383863810741
0.26626625750984356
0.2660954213380601
0.265925869987798
0.26575759561203316
0.26559059039469546
0.26542484655071974
0.265260356326091
0.26509711199789276
0.2649351058743511
0.26477433029487063
0.264614777630079
0.2644564402818569
0.26429931068337786
0.2641433812991316
0.26398864462495875
0.26383509318807485
0.26368271954709543
0.26353151629205795
0.2633814760444393
0.2632325914571768
0.2630848552146836
0.26293826003285925
0.26279279865910077
0.2626484638723183
0.2625052484829308
0.26236314533288574
0.26222214729564863
0.26208224727621443
0.26194343821110033
0.26180571306834743
0.2616690648475143
0.2615334865796729
0.261398971327396
0.261265512184754
0.2611331022772987
0.26100173476205313
0.26087140282749
0.260742099693526
0.26061381861149424
0.26048655286412803
0.26036029576554
0.26023504066119696
0.26011078092789897
0.2599875099737464
0.25986522123812017
0.2597439081916467
0.2596235643361703
0.25950418320471924
0.2593857583614766
0.2592682834017346
0.25915175195187456
0.259036157669314
0.2589214942424757
0.25880775539074696
0.2586949348644342
0.25858302644472564
0.25847202394364066
0.2583619212039908
0.25825271209932665
0.25814439053389837
0.258036950442598
0.25793038579091476
0.2578246905748811
0.2577198588210231
0.25761588458630447
0.25751276195807193
0.2574104850540019
0.25730904802204335
0.2572084450403542
0.25710867031725304
0.25700971809114925
0.25691158263049096
0.2568142582336955
0.256717739229093
0.25662201997485745
0.25652709485894754
0.25643295829903845
0.25633960474245354
0.2562470286661013
0.2561552245764065
0.2560641870092386
0.25597391052984486
0.25588438973277816
0.25579561924182903
0.255707593709947
0.2556203078191762
0.2555337562805734
0.2554479338341421
0.25536283524875214
0.2552784553220646
0.25519478888045477
0.25511183077894006
0.25502957590109554
0.2549480191589807
0.2548671554930563
0.25478697987210974
0.2547074872931706
0.25462867278142964
0.25455053139016115
0.2544730582006376
0.2543962483220482
0.25432009689141566
0.2542445990735135
0.2541697500607799
0.2540955450732333
0.2540219793583932
0.2539490481911798
0.25387674687384587
0.2538050707358761
0.2537340151339099
0.2536635754516441
0.2535937470997539
0.2535245255158004
0.2534559061641405
0.25338788453583805
0.25332045614858145
0.25325361654657985
0.253187361300486
0.2531216860072959
0.25305658629026595
0.2529920577988135
0.2529280962084304
0.2528646972205899
0.2528018565626522
0.252739569987774
0.2526778332748144
0.25261664222824143
0.25255599267803885
0.2524958804796117
0.2524363015136907
0.2523772516862458
0.2523187269283782
0.25226072319623727
0.2522032364709168
0.2521462627583678
0.2520897980892963
0.25203383851907146
0.2519783801276261
0.25192341901936466
0.25186895132306286
0.2518149731917755
0.2517614808027365
0.25170847035726085
0.251655938080654
0.2516038802221052
0.25155229305460125
0.25150117287481943
0.2514505160030348
0.2514003187830226
0.2513505775819592
0.251301288790324
0.25125244882180386
0.2512040541131907
0.25115610112428877
0.2511085863378123
0.25106150625928914
0.2510148574169616
0.25096863636168865
0.2509228396668487
0.2508774639282373
0.25083250576397254
0.25078796181439567
0.2507438287419702
0.2507001032311883
0.2506567819884632
0.25061386174204403
0.25057133924190345
0.25052921125964733
0.2504874745884135
0.25044612604277405
0.25040516245863753
0.2503645806931468
0.2503243776245848
0.2502845501522727
0.2502450951964753
0.250206009698298
0.25016729061959164
0.25012893494285315
0.25009093967112916
0.25005330182791374
0.2500160184570537
0.24997908662264967
0.2499425034089593
0.24990626592029663
0.24987037128093592
0.24983481663501428
0.24979959914643501
0.24976471599876737
0.24973016439514917
0.24969594155819552
0.2496620447298934
0.24962847117150833
0.24959521816349017
0.2495622830053703
0.24952966301567336
0.24949735553180818
0.24946535790998547
0.24943366752511176
0.24940228177069557
0.24937119805875574
0.24934041381971905
0.24930992650232942
0.2492797335735496
0.24924983251846677
0.24922022084019757
0.24919089605979572
0.24916185571615046
0.24913309736589762
0.2491046185833229
0.2490764169602694
0.24904849010604135
0.24902083564730892
0.2489934512280203
0.2489663345093026
0.24893948316936798
0.24891289490342772
0.2488865674235906
0.24886049845877434
0.2488346857546131
0.24880912707336755
0.2487838201938235
0.2487587629112138
0.24873395303711254
0.24870938839935341
0.24868506684193792
0.24866098622493737
0.24863714442440943
0.24861353933230157
0.24859016885636853
0.24856703092007448
0.24854412346250676
0.24852144443828494
0.24849899181747503
0.24847676358549542
0.24845475774303083
0.2484329723059443
0.24841140530518546
0.24839005478670628
0.2483689188113717
0.24834799545487085
0.2483272828076314
0.24830677897473086
0.24828648207581316
0.24826639024499653
0.24824650163079565
0.24822681439602234
0.24820732671771362
0.2481880367870395
0.24816894280921797
0.24815004300343058
0.24813133560273892
0.24811281885399772
0.24809449101777625
0.24807635036826536
0.24805839519320283
0.24804062379378455
0.24802303448458518
0.24800562559347206
0.24798839546152562
0.2479713424429565
0.2479544649050226
0.24793776122794853
0.24792122980484388
0.2479048690416238
0.24788867735692577
0.2478726531820331
0.24785679496078805
0.24784110114952007
0.24782557021696228
0.24781020064417225
0.24779499092445256
0.24777993956327615
0.24776504507820218
0.2477503059988022
0.2477357208665829
0.24772128823490602
0.24770700666891254
0.24769287474544754
0.24767889105297947
0.2476650541915274
0.2476513627725886
0.2476378154190565
0.24762441076514552
0.24761114745632262
0.24759802414922794
0.2475850395116006
0.24757219222220683
0.24755948097076408
0.24754690445786987
0.2475344613949262
0.24752215050407156
0.24750997051810197
0.24749792018040495
0.24748599824488438
0.24747420347588778
0.24746253464814216
0.24745099054667374
0.24743956996674532
0.24742827171378023
0.24741709460329797
0.24740603746084044
0.2473950991219036
0.2473842784318716
0.24737357424594408
0.24736298542906943
0.24735251085587862
0.24734214941061472
0.2473318999870665
0.2473217614885055
0.24731173282761076
0.2473018129264113
0.24729200071621482
0.24728229513754396
0.24727269514006966
0.24726319968254795
0.24725380773275296
0.247244518267416
0.24723533027215627
0.24722624274142024
0.24721725467842237
0.24720836509506994
0.24719957301191597
0.24719087745808155
0.24718227747120325
0.24717377209737024
0.24716536039105852
0.2471570414150719
0.24714881424048463
0.24714067794657435
0.2471326316207656
0.24712467435856944
0.2471168052635252
0.2471090234471348
0.24710132802881324
0.24709371813582337
0.24708619290321698
0.2470787514737801
0.24707139299797698
0.24706411663388328
0.24705692154714132
0.2470498069108903
0.24704277190572455
0.2470358157196223
0.2470289375479
0.2470221365931521
0.24701541206519906
0.24700876318102694
0.24700218916473882
0.24699568924749593
0.24698926266746712
0.24698290866977146
0.2469766265064287
0.24697041543629938
0.2469642747250419
0.24695820364505183
0.24695220147541386
0.24694626750184623
0.2469404010166535
0.24693460131867084
0.24692886771321765
0.2469231995120419
0.2469175960332738
0.2469120566013734
0.24690658054707926
0.24690116720736477
0.24689581592538035
0.2468905260504145
0.24688529693783334
0.24688012794904257
0.24687501845143667
0.2468699678183467
0.24686497542899632
0.24686004066845613
0.2468551629275918
0.24685034160302344
0.24684557609707536
0.2468408658177288
0.24683621017858215
0.24683160859879694
0.24682706050306003
0.24682256532153535
0.2468181224898185
0.24681373144889562
0.24680939164509652
0.2468051025300514
0.24680086356064657
0.2467966741989841
0.24679253391233635
0.2467884421731038
0.24678439845877198
0.24678040225186992
0.24677645303992912
0.2467725503154421
0.2467686935758192
0.2467648823233478
0.24676111606515372
0.2467573943131588
0.24675371658404
0.24675008239919138
0.24674649128468185
0.24674294277122188
0.24673943639411366
0.24673597169322325
0.246732548212934
0.24672916550211255
0.24672582311406577
0.2467225206065119
0.24671925754153357
0.24671603348554327
0.24671284800925175
0.246709700687621
0.24670659109983573
0.24670351882926456
0.24670048346342244
0.2466974845939376
0.2466945218165133
0.24669159473089286
