0.99891393244943
0.9988844883556435
0.9988603485418945
0.9988343723178477
0.9988071954297528
0.9987787816287422
0.9987492965296177
0.998718603029213
0.9986865635655027
0.998652830939848
0.9986173359002083
0.998580278779692
0.998541555250215
0.9985009924385938
0.9984594397458184
0.9984155325652171
0.9983699944285646
0.9983225464965024
0.9982732884272537
0.9982221644991909
0.9981687697209939
0.9981133353206113
0.9980548838110447
0.9979938715617588
0.9979303445537212
0.9978646658538706
0.9977968568309952
0.9977258534571812
0.99765298172303
0.9975770202015672
0.9974989749769374
0.9974195789370613
0.9973385006764648
0.9972522279385999
0.997164085395491
0.997072936721094
0.9969785073215124
0.9968790617493516
0.996775783423088
0.9966702888973711
0.9965611909728146
0.9964473978230736
0.9963329145550842
0.9962165480288038
0.9960966471624654
0.9959757786275174
0.9958557080800171
0.995734247502623
0.995608997486937
0.9954794027489539
0.9953477942220577
0.9952120894309039
0.9950746612084391
0.9949322371354796
0.9947862535574403
0.9946420365021902
0.9944974039284893
0.9943507333455287
0.9942025730450543
0.9940528571984113
0.9939026077246951
0.9937530888420234
0.9936033709054758
0.9934512382868428
0.9932987492204429
0.9931491918243092
0.9930027469334664
0.9928592723883714
0.9927174654189217
0.9925795769337623
0.9924437305729716
0.9923099442726769
0.9921793086469026
0.9920459168025821
0.9919137557852588
0.9917823492162435
0.9916555781800902
0.9915340313996223
0.9914118504034717
0.9912941790097669
0.9911776259719738
0.991059910787493
0.9909459722496263
0.9908348719678947
0.9907284614301561
0.990626022533775
0.9905244343950804
0.9904297116236902
0.9903385195505731
0.9902472193266951
0.9901575552742491
0.990065841024518
0.9899853463766606
0.9899034316835921
0.9898168252086037
0.9897392794010933
0.9896617493275891
0.9895888628524122
0.9895184220382574
0.9894518747959357
0.9893785513912641
0.989310194318375
0.989239054005633
0.9891739872787876
0.9891141789922778
0.9890643950253173
0.98901377969208
0.9889649371656064
0.9889111722086944
0.9888692282166103
0.9888193066041316
0.9887771742900677
0.9887452679194006
0.9887194612473126
0.9886905657873752
0.9886635890124663
0.9886400310807645
0.9886103096130303
0.9885877618472507
0.9885689054918111
0.9885645129995966
0.9885495780098706
0.9885438808036077
0.9885373468948543
0.9885285053509417
0.9885221411807825
0.9885135443800471
0.9885110872108108
0.9885017091226531
0.9884913551363268
0.9884771976313501
0.9884665264986102
0.9884573662403233
0.9884562568943361
0.9884625418812156
0.988457061132575
0.988447767102187
0.9884419780734497
0.9884445912313575
0.9884501842298837
0.9884550779321921
0.9884688706708482
0.9884741689990648
0.9884859195934728
0.9885003186705266
0.9885064842858129
0.9885055964351835
0.988507637614276
0.9885034977125745
0.9885042591352148
0.9884939558871333
0.9884872100194048
0.9884903952390376
0.9884990292531816
0.9885099787221944
0.9885239475844426
0.9885439465131266
0.9885584115476223
0.9885664394023465
0.988572132092222
0.9885738706602808
0.9885754233699833
0.988573752800264
0.9885680744527965
0.9885738918630733
0.988578792328513
0.9885791009005999
0.9885721085041265
0.9885600814760145
0.9885545411697169
0.9885462132355225
0.9885329261542599
0.988525908092768
0.9885254771442926
0.9885208928275231
0.9885239885226997
0.9885275381614269
0.9885330284292528
0.9885354512707413
0.9885371223297094
0.9885352153977487
0.9885275873436832
0.9885143535896418
0.9885077412054641
0.9885054944287006
0.9885138249859526
0.9885176052314766
0.9885308998944546
0.9885500607434528
0.9885677276347492
0.9885749231353879
0.9885744119125628
0.9885732519181161
0.9885768567602671
0.9885889214197612
0.9886015109262832
0.9886136504205896
0.9886169498115944
0.988617410625756
0.9886251651184607
