0.7883766511838695
0.9151369259807357
0.9118786417387574
0.9083166096210536
0.9047405082011073
0.9010979871802006
0.8973859790745545
0.8936179704702697
0.8898030873370513
0.8857525459283889
0.881557009259925
0.87726024003434
0.8728658869039214
0.8683779203836958
0.8638005102989551
0.8591379043061297
0.8543943061100512
0.8495737548139727
0.844680010364373
0.839716453073358
0.8346860069699131
0.8295910958491208
0.8244336344529947
0.8192150393461458
0.8139362029681613
0.8083081805408145
0.8025205319790991
0.7965426993204946
0.790322935927765
0.7837694290525659
0.7767300206727739
0.7690105234369722
0.7605357098963375
0.7514658521467208
0.741921254849591
0.7319447666800125
0.7215674149530266
0.7108276761517531
0.6997748867652491
0.6884690820159645
0.6769797183076629
0.6653838298831558
0.6537637914035743
0.642204778700978
0.6307920181782832
0.619607930408421
0.6087292818295507
0.5982244512223545
0.5881508881738078
0.5785527701445714
0.5694587002065244
0.5608789195933244
0.5528009207644536
0.5451831140524386
0.5379565365289485
0.5310615892937012
0.5244883835919696
0.5182490161300254
0.5123438223840024
0.5067602379361632
0.5014807596662016
0.49648854964822786
0.49177004472173136
0.4873156367413092
0.48311928241077073
0.4791775942944656
0.47548871803001425
0.4720511009928061
0.46886210515336935
0.46591635026675216
0.46320382983897423
0.4607084518556944
0.458408470809451
0.4562795022456767
0.4542975265390248
0.4524390754013887
0.45068244605887586
0.44901559413952075
0.4474426289090331
0.44597724046118814
0.4446316774185537
0.44341215840764314
0.44231952136249375
0.44135128073949936
0.44050357031012577
0.43977298668792764
0.43915870516468436
0.43866462143844087
0.43830116461760027
0.43808792378543926
0.4380586129270716
0.43826713928790284
0.43876612311577523
0.43921253308846375
0.4385402745123421
0.4378062919172214
0.4372962197592982
0.43700481519287737
0.43689910207224625
0.43695137717163546
0.43714500307057913
0.43747736472147125
0.43796370676312657
0.43863962698824777
0.4395682883411486
0.44086139139558533
0.4427138447261465
0.44544211835205627
0.4415611208154141
0.438552022152474
0.43655853406845424
0.4355159001429927
0.435314346377523
0.4358418962957604
0.43700547150215097
0.43875131560391634
0.4410944685893051
0.44417975078368377
0.4403982493444182
0.4375195021374729
0.43581541859067763
0.43528556354185344
0.43578372677645116
0.4371524141233216
0.4392785370837571
0.44211682352704285
0.43882773665886576
0.4365847234424217
0.43535457907940645
0.43503875773574974
0.43552426974154146
0.4367119466591527
0.43853464959612
0.4409737417960097
0.43834529942008327
0.43655664340619516
0.4355958408955729
0.4353956565978522
0.43586015042570736
0.4368903458973643
0.4384016364340897
0.4403345292212757
0.442661710182095
0.4398936318347365
0.4379403087471734
0.4367837263926778
0.43636778643116925
0.4366142205641217
0.43743847185055007
0.4387621924074252
0.44052244597706103
0.442678815742245
0.44036663451072233
0.4387367839327503
0.4377603557471136
0.43738775073789427
0.4375554013315782
0.4381944238657618
0.43923842801820245
0.4406295034381562
0.4423224510854342
0.44025197967649965
0.4388609669588387
0.4380984110889451
0.43790256139267725
0.438206257580516
0.43894260032745036
0.4400499261546795
0.44147574132485135
0.4397866074245589
0.43867144195240027
0.43808039966238077
0.4379584622057693
0.43824839890523815
0.43889402448625836
0.4398431688091652
0.44105009069773304
0.4395093440985559
0.43850551657458225
0.4379878635568413
0.43790284902524734
0.43819646104926036
0.4388167016766368
0.43971587677508406
0.4385610885614021
0.437861394923879
0.4375679593900548
0.43763224370088893
0.4380072437270076
0.4386488634381531
0.4377426363941841
0.4372471200621858
0.43711635656998216
0.4373055875357834
0.4377724244918043
0.43708318293134774
0.43674998683648214
0.4367300024071995
0.4369823352061112
0.4365051973281363
