0.8052766017239269
0.7382410609031467
0.7372196132924018
0.7361939863243614
0.7351648942178206
0.7341327229244565
0.7330976801386598
0.7320598822130426
0.7310193954258499
0.7299762567578536
0.728930485141132
0.7278820879552597
0.7268310649901717
0.7257774109784191
0.724721117278438
0.723662173031878
0.7226005659826154
0.7215362830707275
0.7204693108721936
0.7193996359298787
0.7183272450059572
0.7172521252762178
0.7161742644804594
0.7150936510390566
0.7140102741429994
0.7129241238228212
0.7118351910004828
0.7107434675273616
0.7096489462108002
0.7085516208311742
0.7074514861510693
0.7063485379178782
0.7052427728609014
0.7041341886838786
0.7030227840537262
0.7019085585861584
0.7007915128287692
0.6996716482420724
0.6985489671789498
0.6974234728628685
0.6962951693652129
0.6951640615820065
0.6940301552102788
0.6928934567242842
0.6917539733517588
0.6906117130503691
0.6894666844844841
0.6883188970023768
0.6871683606139501
0.686015085969053
0.6848590843364484
0.6837003675834707
0.6825389481564166
0.6813748390616698
0.6802080538475941
0.6790386065871845
0.6778665118614755
0.6766917847437066
0.6755144407842214
0.6743344959960949
0.6731519668414564
0.6719668702184969
0.6707792234491321
0.6695890442672896
0.6683963508078041
0.6672011615958844
0.6660034955371266
0.6648033719080468
0.6636008103471018
0.6623958308461744
0.6611884537424941
0.6599786997109638
0.6587665897568729
0.6575521452089677
0.6563353877128548
0.6551163392247157
0.6538950220053124
0.652671458614261
0.6514456719045509
0.6502176850172952
0.6489875213766929
0.6477552046851827
0.6465207589187782
0.6452842083225623
0.644045577406333
0.6428048909403863
0.6415621739514152
0.6403174517185277
0.6390707497693624
0.6378220938762902
0.636571510052703
0.635319024549371
0.6340646638508636
0.6328084546720263
0.6315504239545067
0.6302905988633243
0.629029006783475
0.6277656753165648
0.6265006322774758
0.6252339056910439
0.6239655237887616
0.622695515005486
0.6214239079761634
0.6201507315325536
0.6188760146999588
0.6175997866939547
0.6163220769171145
0.6150429149557313
0.6137623305765345
0.6124803537233929
0.6111970145140126
0.6099123432366214
0.6086263703466366
0.6073391264633243
0.60605064236644
0.6047609489928538
0.6034700774331587
0.6021780589282624
0.6008849248659618
0.599590706777493
0.5982954363340744
0.5969991453434211
0.5957018657462427
0.5944036296127253
0.59310446913899
0.5918044166435386
0.5905035045636726
0.589201765451902
0.5878992319723271
0.586595936897012
0.5852919131023326
0.583987193565312
0.5826818113599355
0.5813757996534532
0.5800691917026648
0.5787620208501896
0.5774543205207194
0.5761461242172632
0.5748374655173714
0.5735283780693545
0.572218895588481
0.570909051853173
0.5695988807011867
0.5682884160257811
0.5669776917718798
0.5656667419322274
0.5643556005435317
0.5630443016826043
0.5617328794624918
0.5604213680286056
0.559109801554845
0.557798214239712
0.556486640302436
0.555175113979083
0.5538636695186723
0.552552341179289
0.5512411632242
0.549930169917972
0.5486193955225844
0.5473088742935583
0.545998640476081
0.5446887283011335
0.5433791719816357
0.5420700057085825
0.5407612636472052
0.5394529799331245
0.5381451886685258
0.5368379239183398
0.5355312197064324
0.534225110011812
0.5329196287648483
0.531614809843497
0.5303106870695553
0.5290072942049167
0.5277046649478545
0.5264028329293129
0.5251018317092249
0.5238016947728428
0.5225024555270927
0.5212041472969475
0.5199068033218199
0.5186104567519825
0.5173151406450056
0.5160208879622226
0.5147277315652181
0.5134357042123419
0.5121448385552485
0.510855167135464
0.5095667223809837
0.5082795366028885
0.5069936419920034
0.5057090706155736
0.5044258544139817
0.5031440251974848
0.5018636146429953
0.5005846542908823
0.49930717554181536
0.4980312096536379
0.49675678773827203
0.4954839407586681
0.4942126995257746
0.49294309469555875
0.4916751567660538
0.4904089160744497
0.48914440279421645
0.487881646932267
0.4866206783261643
0.4853615266413551
0.4841042213684582
0.4828487918205826
0.481595267130686
0.48034367624898155
0.4790940479403799
0.47784641078197343
0.476600793160566
0.4753572232702391
0.47411572910996813
0.4728763384812741
0.4716390789859298
0.4704039780236918
0.4691710627900959
0.46794036027428565
0.46671189725688655
0.4654857003079267
0.4642617957848034
0.4630402098302905
0.4618209683705987
0.46060409711347083
0.45938962154633456
0.4581775669344912
0.45696795831935433
0.45576082051673816
0.45455617811518323
0.45335405547433816
0.45215447672337894
0.45095746575948115
0.44976304624633656
0.4485712416127129
0.44738207505106653
0.4461955695161933
0.4450117477239335
0.4438306321499198
0.44265224502836853
0.44147660835092495
0.4403037438655456
0.43913367307543316
0.437966417238018
0.4368019973639735
0.4356404342162993
0.434481748309426
0.4333259599083831
0.4321730890280008
0.4310231554321682
0.4298761786331211
0.42873217789078966
0.4275911722121811
0.4264531803508116
0.42531822080617687
0.4241863118232698
0.42305747139214833
0.42193171724752687
0.42080906686843544
0.41968953747790183
0.4185731460426866
0.4174599092730561
0.4163498436225962
0.4152429652880759
0.4141392902093357
0.41303883406923236
0.4119416122936179
0.41084764005135366
0.40975693225437515
0.40866950355778375
0.4075853683599877
0.4065045408028721
0.40542703477201447
0.4043528638969366
0.4032820415513876
0.4022145808536711
0.40115049466700603
0.4000897955999202
0.39903249600668356
0.39797860798777684
0.3969281433903894
0.39588111380895696
0.3948375305857281
0.3937974048113705
0.3927607473256005
0.3917275687178543
0.3906978793279846
0.38967168924699036
0.3886490083177795
0.38762984613595663
0.3866142120506463
0.3856021151653418
0.38459356433878567
0.3835885681858745
0.3825871350785953
0.3815892731469871
0.38059499028013033
0.379604294127163
0.37861719209831957
0.377633691365998
0.37665379886585326
0.3756775212979092
0.37470486512770107
0.3737358365874357
0.37277044167717566
0.3718086861660518
0.37085057559348467
0.36989611527044264
0.36894531028070787
0.3679981654821697
0.3670546855081357
0.36611487476865967
0.36517873745189444
0.3642462775254566
0.36331749873781016
0.3623924046196718
0.36147099848542685
0.36055328343456916
0.3596392623531449
0.358728937915223
0.35782231258437547
0.3569193886151738
0.3560201680546965
0.35512465274404914
0.3542328443199054
0.3533447442160492
0.35246035366493655
0.351579673699269
0.3507027051535716
0.34982944866578725
0.34895990467888105
0.3480940734424518
0.34723195501435233
0.346373549262322
0.34551885586562614
0.3446678743167
0.3438206039228068
0.34297704380769545
0.3421371929132734
0.34130105000127686
0.3404686136549516
0.3396398822807435
0.3388148541099806
0.3379935272005805
0.3371758994387356
0.33636196854063083
0.33555173205414324
0.33474518736055137
0.33394233167625287
0.33314316205447747
0.3323476753870058
0.331555868405886
0.33076773768515766
0.32998327964257224
0.32920249054131634
0.3284253664917308
0.3276519034530371
0.32688209723506
0.3261159434999471
0.3253534377638898
0.3245945753988462
0.32383935163425326
0.32308776155874896
0.322339800121883
0.32159546213583046
0.32085474227709954
0.3201176350882361
0.3193841349795322
0.31865423623071754
0.3179279329926623
0.3172052192890624
0.31648608901813413
0.3157705359542896
0.31505855374981884
0.31435013593656347
0.31364527592758085
0.31294396701881244
0.3122462023907352
0.31155197511001553
0.31086127813115383
0.3101741042981231
0.3094904463460022
0.3088102969025982
0.30813364849006886
0.30746049352653515
0.30679082432768146
0.3061246331083579
0.3054619119841656
0.30480265297304143
0.30414684799683334
0.303494488882861
0.3028455673654843
0.30220007508764046
0.3015580036023956
0.3009193443744729
0.30028408878177515
0.2996522281169066
0.29902375358867195
0.2983986563235771
0.29777692736731776
0.29715855768625765
0.29654353816889667
0.29593185962733204
0.2953235127987087
0.2947184883466606
0.29411677686273785
0.2935183688678332
0.29292325481358805
0.29233142508379695
0.29174286999580035
0.2911575798018552
0.2905755446905185
0.28999675478800047
0.289421200159515
0.2888488708106186
0.28827975668854144
0.28771384768350716
0.28715113363003386
0.2865916043082405
0.2860352494451269
0.2854820587158514
0.2849320217449982
0.2843851281078287
0.2838413673315284
0.28330072889643576
0.2827632022372698
0.2822287767443358
0.28169744176472966
0.2811691866035231
0.28064400052494953
0.2801218727535625
0.27960279247540143
0.27908674883912965
0.27857373095717575
0.2780637279068535
0.2775567287314771
0.27705272244146195
0.2765516980154197
0.2760536444012315
0.27555855051712486
0.2750664052527316
0.274577197470129
0.2740909160048849
0.2736075496670809
0.27312708724232715
0.2726495174927669
0.27217482915807345
0.2717030109564297
0.27123405158550284
0.2707679397234064
0.2703046640296517
0.2698442131460902
0.2693865756978342
0.26893174029419387
0.2684796955295714
0.2680304299843663
0.26758393222586385
0.26714019080911033
0.26669919427778643
0.26626093116505734
0.26582538999442595
0.2653925592805667
0.26496242753015686
0.26453498324268754
0.2641102149112756
0.26368811102345735
0.2632686600619786
0.26285185050557003
0.2624376708297139
0.2620261095074049
0.2616171550098939
0.26121079580742956
0.2608070203699855
0.2604058171679804
0.2600071746729852
0.25961108135843014
0.25921752570028644
0.25882649617775366
0.25843798127393514
0.2580519694764899
0.257668449278301
0.25728740917811344
0.2569088376811647
0.25653272329982624
0.25615905455420995
0.255787819972781
0.2554190080929609
0.2550526074617182
0.254688606636154
0.25432699418407057
0.25396775868454935
0.25361088872849835
0.25325637291920755
0.2529041998728898
0.2525543582192148
0.2522068366018341
0.2518616236788963
0.2515187081235589
0.2511780786244917
0.25083972388636466
0.25050363263033715
0.25016979359453595
0.24983819553452802
0.24950882722377632
0.2491816774541008
0.24885673503612527
0.24853398879971778
0.24821342759442155
0.2478950402898854
0.24757881577627583
0.24726474296469458
0.2469528107875818
0.24664300819911
0.24633532417557902
0.24602974771579766
0.24572626784146168
0.24542487359752274
0.24512555405255254
0.2448282982991007
0.24453309545404434
0.244239934658932
0.24394880508032113
0.24365969591011172
0.24337259636586606
0.24308749569113475
0.2428043831557648
0.24252324805620473
0.2422440797158104
0.2419668674851353
0.2416916007422203
0.2414182688928812
0.24114686137097896
0.24087736763869305
0.240609777186794
0.2403440795348898
0.24008026423169693
0.23981832085528054
0.23955823901329898
0.2393000083432425
0.2390436185126692
0.2387890592194294
0.23853632019189652
0.23828539118917158
0.23803626200130978
0.23778892244951855
0.23754336238636675
0.23729957169597948
0.2370575402942331
0.23681725812894205
0.23657871518004236
0.23634190145977696
0.23610680701285813
0.23587342191665106
0.23564173628133067
0.23541174025004474
0.23518342399907255
0.23495677773797574
0.2347317917097459
0.23450845619095118
0.2342867614918721
0.23406669795664203
0.233848255963374
0.2336314259242923
0.23341619828585392
0.23320256352886826
0.23299051216861566
0.23278003475495368
0.232571121872433
0.23236376414039395
0.2321579522130749
0.23195367677970458
0.23175092856459745
0.23154969832724415
0.23134997686239478
0.2311517550001504
0.2309550236060316
0.2307597735810637
0.23056599586184623
0.23037368142062442
0.2301828212653524
0.22999340643976252
0.2298054280234182
0.2296188771317773
0.22943374491624624
0.22925002256422233
0.2290677012991571
0.2288867723805863
0.228707227104183
0.22852905680179003
0.22835225284146043
0.22817680662749285
0.22800270960045654
0.22782995323722588
0.22765852905100203
0.227488428591339
0.22731964344416455
0.22715216523179282
0.22698598561294447
0.2268210962827616
0.22665748897281401
0.22649515545110444
0.22633408752208517
0.22617427702665172
0.22601571584214464
0.22585839588235468
0.22570230909751177
0.22554744747428845
0.22539380303577883
0.22524136784150162
0.22509013398737954
0.2249400936057312
0.22479123886524877
0.224643561970987
0.22449705516433138
0.22435171072299154
0.22420752096096208
0.22406447822850872
0.22392257491212986
0.22378180343453513
0.22364215625460881
0.22350362586737837
0.22336620480397895
0.22322988563161783
0.22309466095353014
0.22296052340894779
0.2228274656730509
0.22269548045692156
0.2225645605075114
0.22243469860757903
0.2223058875756524
0.22217812026597505
0.22205138956845394
0.22192568840861204
0.2218010097475246
0.22167734658177096
0.22155469194337796
0.22143303889975552
0.22131238055364
0.22119271004303698
0.22107402054114889
0.2209563052563226
0.22083955743197536
0.2207237703465319
0.22060893731335973
0.22049505168069494
0.22038210683157722
0.2202700961837719
0.22015901318970765
0.2200488513363954
0.21993960414535563
0.2198312651725427
0.21972382800827017
0.21961728627713117
0.21951163363792114
0.219406863783556
0.219302970440992
0.21919994737114734
0.21909778836881488
0.2189964872625808
0.21889603791474033
0.2187964342212131
0.2186976701114558
0.21859973954837109
0.21850263652822954
0.21840635508056938
0.21831088926811792
0.2182162331866916
0.21812238096511027
0.21802932676510556
0.21793706478122388
0.2178455892407355
0.21775489440354379
0.21766497456208433
0.2175758240412331
0.2174874371982093
0.2173998084224794
0.21731293213565628
0.21722680279140805
0.21714141487535066
0.2170567629049538
0.21697284142944195
0.21688964502969188
0.21680716831812719
0.216725405938627
0.21664435256641434
0.2165640029079573
0.21648435170086777
0.21640539371379441
0.21632712374631946
0.21624953662885382
0.21617262722253427
0.21609639041911732
0.2160208211408695
0.21594591434046462
0.21587166500087707
0.21579806813527347
0.21572511878690614
0.21565281202900344
0.21558114296466213
0.21551010672674165
0.2154396984777479
0.21536991340973444
0.21530074674418243
0.2152321937318994
0.2151642496529017
0.21509690981630836
0.21503016956022958
0.2149640242516565
0.21489846928634593
0.2148335000887135
0.21476911211172045
0.21470530083675943
0.21464206177354261
0.21457939045999586
0.21451728246213497
0.21445573337396262
0.21439473881734628
0.21433429444191587
0.21427439592494124
0.21421503897122307
0.2141562193129749
0.2140979327097171
0.21404017494815542
0.213982941842071
0.21392622923220195
0.2138700329861355
0.2138143489981893
0.2137591731892977
0.21370450150689368
0.2136503299248046
0.2135966544431246
0.21354347108810823
0.21349077591205434
0.21343856499318647
0.21338683443554662
0.21333558036887046
0.21328479894848051
0.2132344863551653
0.2131846387950701
0.21313525249957366
0.21308632372518466
0.2130378487534147
0.21298982389067123
0.2129422454681421
0.2128951098416758
0.2128484133916696
0.21280215252295698
0.21275632366469
0.21271092327022423
0.21266594781700432
0.21262139380645095
0.21257725776384717
0.21253353623821736
0.2124902258022221
0.21244732305203762
0.2124048246072423
0.21236272711070592
0.21232102722846913
0.21227972164963804
0.21223880708626375
0.2121982802732315
0.21215813796814587
0.21211837695122016
0.21207899402515773
0.2120399860150446
0.21200134976823348
0.21196308215423176
0.21192518006458527
0.2118876404127743
0.21185046013409226
0.2118136361855366
0.21177716554570047
0.2117410452146541
0.21170527221383884
0.21166984358595176
0.21163475639483698
0.21160000772537468
0.21156559468336422
0.21153151439542495
0.21149776400887477
0.2114643406916228
0.21143124163206595
0.2113984640389669
0.21136600514135562
0.21133386218841232
0.21130203244936396
0.2112705132133712
0.21123930178942174
0.21120839550621884
0.21117779171207662
0.21114748777481207
0.2111174810816333
0.2110877690390348
0.21105834907269283
0.2110292186273517
0.2110003751667221
0.21097181617337302
0.21094353914862474
0.2109155416124464
0.21088782110334403
0.21086037517826128
0.21083320141247264
0.21080629739947254
0.21077966075087973
0.21075328909632907
0.21072718008336622
0.2107013313773446
0.21067574066132388
0.21065040563596504
0.2106253240194268
0.21060049354726462
0.2105759119723266
0.21055157706465666
0.21052748661138532
0.21050363841663267
0.21048003030140816
0.2104566601035064
0.21043352567741025
0.21041062489419105
0.21038795564140178
0.21036551582298768
0.2103433033591795
0.21032131618639938
0.2102995522571599
0.21027800953996423
0.210256686019214
0.2102355796951082
0.21021468858354186
0.21019401071601873
0.2101735441395456
0.210153286916543
0.21013323712474408
0.2101133928571045
0.21009375222170068
0.21007431334163984
0.2100550743549675
0.21003603341456378
0.21001718868806274
0.20999853835774773
0.2099800806204648
0.2099618136875282
0.2099437357846251
0.20992584515173052
0.2099081400430095
0.2098906187267251
0.20987327948515533
0.20985612061449233
0.20983914042476137
0.20982233723972232
0.20980570939678922
0.20978925524693437
0.20977297315459753
0.2097568614976103
0.20974091866709055
0.20972514306736967
0.2097095331158937
0.20969408724314842
0.20967880389255777
0.20966368152041426
0.20964871859577772
0.20963391360039874
0.20961926502863504
0.20960477138735711
0.20959043119587506
0.20957624298584498
0.20956220530119418
0.20954831669802765
0.20953457574455658
0.2095209810210058
0.2095075311195379
0.20949422464416834
0.2094810602106847
0.20946803644656742
0.20945515199090614
0.20944240549432003
0.2094297956188802
0.20941732103802801
0.2094049804364957
0.20939277251022848
0.2093806959663067
0.20936874952286288
0.20935693190901394
0.20934524186477288
0.2093336781409768
0.20932223949921447
0.2093109247117414
0.20929973256141
0.20928866184159378
0.20927771135610806
0.20926687991913828
0.20925616635517075
0.2092455694989055
0.20923508819519643
0.2092247212989674
0.2092144676751495
0.20920432619859752
0.20919429575402682
0.20918437523593847
0.20917456354854413
0.2091648596057003
0.2091552623308367
0.20914577065688356
0.20913638352620378
0.20912709989052203
0.2091179187108554
0.20910883895744858
0.20909985960969868
0.20909097965609302
0.20908219809413608
0.2090735139302905
0.2090649261798978
0.2090564338671238
0.20904803602488642
0.20903973169478673
0.20903151992705304
0.2090233997804649
0.20901537032229667
0.20900743062824623
0.20899957978237715
0.20899181687705226
0.20898414101286844
0.20897655129859383
0.20896904685111206
0.20896162679534747
0.2089542902642152
0.2089470363985545
0.20893986434706457
0.20893277326624637
0.2089257623203471
0.2089188306812909
0.20891197752862511
0.20890520204945717
0.2088985034383981
0.2088918808975061
0.20888533363622097
0.20887886087131147
0.20887246182681585
0.20886613573398505
0.20885988183122473
0.2088536993640403
0.2088475875849779
0.2088415457535694
0.2088355731362802
0.20882966900644895
0.20882383264423154
0.2088180633365534
0.20881236037704898
0.20880672306601156
0.20880115071033556
0.20879564262346717
0.20879019812534894
0.20878481654236625
0.2087794972072995
0.20877423945926654
0.20876904264367535
0.20876390611216922
0.20875882922258138
0.20875381133887305
0.20874885183109548
0.2087439500753362
0.2087391054536618
0.20873431735408
0.20872958517048212
0.20872490830259782
0.20872028615594518
0.2087157181417879
0.20871120367707607
0.20870674218441054
0.20870233309198793
0.2086979758335592
0.20869366984837845
0.2086894145811593
0.20868520948202607
0.2086810540064743
0.2086769476153184
0.20867288977465093
0.20866887995579464
0.20866491763526318
0.20866100229471007
0.20865713342088954
0.2086533105056131
0.20864953304570433
