1.0058556306114381
1.004705978376497
1.003505388873447
1.0021557239750785
1.0006526799905289
0.9989843047991669
0.9971861571683035
0.9952602855227305
0.9931972764581808
0.9910041211266346
0.988676712880335
0.986268391500973
0.983766295244419
0.981176709402768
0.9784852846329425
0.9757191398243666
0.9729044032454911
0.9700396348870133
0.9671263625784328
0.964166565504947
0.9611773170803422
0.9581376451640347
0.9550950125567081
0.9520366213633875
0.9489560401434199
0.9458893358453413
0.9428244258693985
0.9397753539835597
0.9367532677307968
0.9337497631417924
0.9307726920866348
0.9278378192082811
0.9249483547913232
0.9220410936795305
0.9191627944310073
0.9163467563444184
0.9136102411720239
0.9109755373251799
0.908422217187616
0.9059711384593387
0.9035680059440578
0.9012626895344225
0.898986142933838
0.8968222588453325
0.8947152633422167
0.8927035668677428
0.8907382308969819
0.8888374050670556
0.8870648797292209
0.8853363896359987
0.8837147592337196
0.8820912368268977
0.8804644275726073
0.8789117474702337
0.8773331429909154
0.87578920091695
0.8743204372023197
0.8729153076796062
0.871453995091035
0.8699930818256388
0.868612507049065
0.8672649126133095
0.8660222089730213
0.8648472558599632
0.8635719913248833
0.8623960973009188
0.8613646698077994
0.8604389380311251
0.8595707991848827
0.8587411540129143
0.8578278661590639
0.8570144208630227
0.8560893995892084
0.8552861582867697
0.8545878505166408
0.8539567077748875
0.853205414834186
0.8524784789927311
0.8516812985875388
0.850873533799523
0.8501797033982629
0.8496063238510723
0.8490053712137389
0.848460666937469
0.8480354234679193
0.8475421743904725
0.8471621700603135
0.8467188497439433
0.8464520000406743
0.8460924593099208
0.8458227763544387
0.8457000415514083
0.8454910060700217
0.8451349691642709
0.844787149489279
0.8445430692688699
0.8443456122753575
0.8442941562621399
0.8443249150729174
0.8443242410262921
0.8440762537142185
0.8439330388626666
0.843926762028186
0.8436339886470662
0.8434692595385676
0.8434638538806339
0.843403739658105
0.8434659841563684
0.8436142399455286
0.8437027106715681
0.8437450548169054
0.8438794871378134
0.8439685397804462
0.8439554213427936
0.8440231189254755
0.8440145861616042
0.8438342288927633
0.8437181397482593
0.8436194674698034
0.8435116488054292
0.8435110396237379
0.8435702066937607
0.8436498914665266
0.8436066699786156
0.8435423187769343
0.843639570532614
0.8438843475180579
0.8441001824307734
0.8439941663648944
0.8438426052734764
0.8436924627422463
0.8435972084950596
0.8436550420995841
0.8437878731477725
0.8438425487129729
0.8438591954417575
0.8439756371942533
0.8440801216069647
0.8440793900046778
0.8439494788362525
0.8439767874367445
0.8440467910932884
0.8441712702651248
0.8443766750403244
0.8441896921197858
0.8441094925527043
0.8440774647531116
0.8440525061086348
0.8440483026184905
0.8440460672269932
0.8440216797640352
0.8441304154089267
0.8443979309205671
0.8445375891971668
0.8446869586253101
0.8448402513707987
0.8446648016936242
0.844569166231004
0.8445181315240355
0.8445698582966162
0.8445108540847037
0.8445234729586175
0.844527687122259
0.8445330139719975
0.8446398191728314
0.8447543737344622
0.8447874852955508
0.8449310927553965
0.844998913206198
0.8449032706636309
0.8449254726893666
0.8449420654084523
0.8449322499955091
0.8449593590928574
0.844969058505171
0.8450582402800911
0.8451796509771093
0.8452375194754429
0.8451427368138429
0.8451621338927944
0.8452569957517687
0.8452263325539825
0.8452810339656212
0.8454211276757783
0.8455858746888056
0.8457140918086313
0.8456450685702027
0.8456597214756516
0.8456444314480389
0.84569805670824
0.8457934430425788
0.8459259684586727
0.8459870130937319
0.8460474411361161
0.8461270849608475
0.8461152210749237
0.8461066867002214
0.8462767279892244
0.8462999710342558
0.8463060801155122
