0.9999741971657371
0.9999662088059701
0.9999554901556084
0.9999434742824453
0.9999265351522089
0.9999049005844389
0.9998778883137771
0.9998445597940279
0.9998039737152771
0.9997550496974855
0.9996968245839163
0.9996280384112449
0.9995474607772554
0.9994539872137732
0.9993464049778398
0.9992235976347509
0.9990845262188424
0.9989284928037865
0.9987545664407441
0.9985620912444725
0.9983511293429154
0.9981212663051673
0.9978724877164293
0.9976041463327604
0.9973162614297953
0.9970078004803515
0.9966790264005712
0.9963283687815021
0.9959556525926573
0.9955606953733042
0.9951406435432038
0.994694443334563
0.9942189294061187
0.9937141645517873
0.9931779937064541
0.9926080781314578
0.9920016651587147
0.9913559435489655
0.9906702176280541
0.9899418572653931
0.9891669820933977
0.988345889534185
0.9874753693264684
0.986554519167472
0.9855790120278806
0.9845495645653454
0.9834652386492891
0.9823193750179581
0.98111073658842
0.9798372557148388
0.9785076407775525
0.9771153676527929
0.9756657789424482
0.9741556590672774
0.9725817851678817
0.9709444052444745
0.9692404042113548
0.9674875458540224
0.9656855917579168
0.9638320531110276
0.9619254199264536
0.9599789741851901
0.9579915896426593
0.9559597399498989
0.9539016776943177
0.9518090896955014
0.9496906618970636
0.9475412284492946
0.9453789047562887
0.9432043236966753
0.9410073360557435
0.9388096011737174
0.9365990948953425
0.934378173518617
0.9321357742933103
0.9299187370121947
0.9277088647090921
0.9255107505199005
0.9233343606396818
0.9211803637193112
0.9190622295383593
0.9169855113897626
0.9149518919768146
0.9129611509819198
0.9110102443695854
0.9090811589691248
0.9071755707279291
0.9053293577875459
0.9035191061504173
0.901753515930775
0.9000342774110778
0.8983655817738956
0.8967458080114799
0.8951716565133155
0.8936372929937137
0.8921330013364444
0.8906600282775896
0.8892296218745017
0.8878582803146371
0.8865233699868814
0.8852419718187119
0.8840020804762027
0.8827943157827055
0.881638560407008
0.8805238068272905
0.8794260036387591
0.8783637849691229
0.8773531620159263
0.8764095964932528
0.8755103468859168
0.8746365022367638
0.8738055344194333
0.8730278217382242
0.8722964029183233
0.8715914473955365
0.8709051943913088
0.8702358651304869
0.8695946292143063
0.8689816053900488
0.8683836478854654
0.8678156208767589
0.8672587035502335
0.8667405351182967
0.8662367162787379
0.8657575633166694
0.8652783332408613
0.8648110320254646
0.864353075816894
0.8639566380903482
0.8635837689999365
0.8632236905449375
0.8629172364259263
0.8626184525018774
0.8623636940972393
0.8621061885662235
0.8618657355951846
0.8615870461294686
0.8613193478548676
0.861085127974179
0.8608821120178792
0.860679274998405
0.8605144403818631
0.8603761737246497
0.8602524915726505
0.8601301661541392
0.8600161029482255
0.8599493877272618
0.8598783032332027
0.8598060481082228
0.8597307648312403
0.859659948203758
0.8596186995386377
0.8595668530611658
0.8595410488447933
0.8595158644840482
0.8594893696304649
0.8594908785987325
0.859520186756354
0.8595461820287134
0.8595989483301567
0.8596458191423222
0.8596896019733362
0.8597329121641735
0.8597804270558776
0.8598286016546872
0.859906849343225
0.8599759289491933
0.860012227801176
0.8600650389792637
0.8601214554811055
0.8601902783189166
0.8602728441264804
0.8603841342180172
0.860510494475176
0.860652099324558
0.8607824293766956
0.860927059178643
0.8610809757113403
0.8656605772122622
0.8658125959711741
0.8659384107672212
0.8660761031135267
0.8662482341373018
0.8623386736574592
0.8625651673918406
0.8627782046768384
0.8629899944835642
0.8632131836202701
0.8634286832657945
0.8674521341936693
0.8676545030036008
0.8678545944898166
0.8680553669630833
0.8682556379083894
0.8684857118402599
0.8687081504314855
0.8689356720344534
0.8691658045019963
0.8693970153874644
0.8696127749157472
