0.9976841461418212
0.9974345763367881
0.9971981950907981
0.9969336435031391
0.996649152143857
0.99633977684091
0.9960051424237699
0.9956472031928176
0.9952632190149894
0.9948485878674845
0.9943951650004285
0.9939098928286547
0.9933897985645401
0.992834885883543
0.9922181052773265
0.9915576037195017
0.9908466178518666
0.990086905276803
0.9892771684344415
0.988406754060586
0.9874706906619868
0.9864605409967085
0.9853683840209383
0.9841640207993542
0.9828719440062719
0.9814604776982311
0.9799933368246744
0.9784232815836346
0.9767475483261232
0.9749575354649459
0.9730745841818207
0.9710917665346855
0.9689575560940421
0.9667512580712795
0.9644119401716698
0.9619359811288218
0.9593191967021659
0.9565545073454974
0.9536639048529706
0.9506798553489304
0.9475930920345255
0.9443347708618433
0.9409413716737093
0.9373925087163177
0.9336836871616243
0.9298385716129893
0.9258367224000906
0.9216939537664
0.9174398313202466
0.9129710272562119
0.9083971698936029
0.9038194978409531
0.8992257667731005
0.894501140348338
0.8896297513678607
0.8846716883334401
0.8795073711323553
0.8744488171563831
0.8692500828565346
0.8640802099020096
0.8588655405765702
0.8535525796671072
0.8482285423184317
0.8428690585255927
0.8375724172002811
0.8322350301811154
0.8268859888343346
0.8215314029936002
0.8161428300220411
0.810556905352044
0.8050431714655479
0.7996202462491836
0.7940664234542867
0.7886697746046605
0.7832661243236277
0.7779831008432254
0.7729533083297442
0.7679666990117744
0.7630306046986485
0.7580942927110981
0.7533332725437664
0.7486641277041635
0.7438480724319798
0.7393144317499583
0.7349622124603638
0.7307047188241935
0.7265607217349914
0.7226917076443183
0.7186261874507542
0.714818748231165
0.7110031956119176
0.7073048595756
0.7037353905323123
0.700162406092641
0.696799966589884
0.6935962465100447
0.6903324504610655
0.6871444408855236
0.6841319408460498
0.6813579997994089
0.6787946359189756
0.6758479132326041
0.6732592420982633
0.6705541880213823
0.6681134481767741
0.6658920234068275
0.663953059471369
0.6620566634871898
0.6601648179396378
0.658290076753972
0.6562106220846348
0.6543864596730398
0.652496012548516
0.6507145515737818
0.648767733288172
0.6473546899501206
0.6463466530521029
0.6454466673928465
0.6447695156539225
0.64391689964291
0.6429093794132711
0.6421664445938395
0.6411336695426091
0.6405286941433229
0.6397605816613283
0.6389733484609026
0.6382458135436541
0.6377063285144448
0.6374105511886632
0.6371326649918031
0.6370278121378901
0.6371815509559484
0.637455600799625
0.6376893778038899
0.6378624565311777
0.6378418816363376
0.6377777219387202
0.6378164875460066
0.6377734804810073
0.638019712429349
0.638362462970909
0.6382435546076732
0.6380607508635772
0.6381648965110243
0.6383767405963935
0.6383484802294921
0.6383634293508029
0.6384965208346383
0.6386056650704517
0.6384004933600023
0.6383285860139255
0.6385074661857143
0.6389779738392329
0.6392051947315888
0.6393591510716847
0.6395697489409891
0.639591157509201
0.6393856446268968
0.6395795703805724
0.6393081525976803
0.6392840214211633
0.639801269438159
0.6399957829947214
0.6399841093769438
0.6403073496948344
0.6403191948700011
0.640245875192658
0.640358340227374
0.6407455617307167
0.6406751267501897
0.6407514250974764
0.6409373392391804
0.6407621060526589
0.6411197194790754
0.6412653817095336
0.6413231142404429
0.6414419097626913
0.6416100490635226
0.6420000642154334
0.6423554011365606
0.6423649052303022
0.6424583511041055
0.6421909149189808
0.6420245404318847
0.6421516772160398
0.642317416013403
0.6424777501185372
0.6423616115197405
0.6419170039375366
0.641780401139754
0.6420106304370833
0.6424075077256354
0.6428870041413204
0.6430878509422494
0.6432075587462691
0.6431174775615326
0.6431081861555382
0.6433875956266835
0.6438299469780371
0.6441202216998162
