0.9997176066927739
0.9997000932147426
0.9996847032034978
0.9996673177574674
0.9996478908616017
0.999626323920979
0.999602541250824
0.9995761631027836
0.9995470821842041
0.9995149346082215
0.9994796562010653
0.9994411800273939
0.9993989340366554
0.9993530713412294
0.9993028906280803
0.9992486083962875
0.9991898781809262
0.9991261191220975
0.9990569301595474
0.9989827579888735
0.9989026634641687
0.9988160443004032
0.998723928648552
0.9986255843776708
0.9985205085674416
0.9984089813271849
0.998290029509202
0.9981631412285147
0.9980269408188833
0.9978828380780492
0.9977297704204233
0.9975675877588899
0.9973937750529789
0.9972110425772363
0.9970175254430355
0.9968133230331631
0.9965994980386782
0.996376125301092
0.9961421539335032
0.9958983352593133
0.9956450047818428
0.9953811882350241
0.9951038678911472
0.9948125974798616
0.9945130074414796
0.9942023660830959
0.993880026705369
0.99354536351144
0.9932005471037411
0.9928469227712639
0.9924816632932787
0.9921050860808162
0.9917222488066859
0.9913296251260649
0.9909279369338168
0.9905197306467011
0.9901046959716657
0.989681934325156
0.9892579021289922
0.9888235918461988
0.9883863078180606
0.9879462698961584
0.9875066339052232
0.9870592738426492
0.9866083761394846
0.9861538517742952
0.9856932725966798
0.9852224868652546
0.9847519082576583
0.9842855115651046
0.9838235702863243
0.9833630600147085
0.982899255494018
0.9824210920786239
0.9819465836039797
0.9814844437484865
0.9810310123934678
0.9805820726819939
0.9801419170954172
0.9797138231406765
0.9792882425182817
0.9788659160216161
0.9784473328663548
0.9780356994886292
0.9776177283625767
0.9772176983380215
0.9768260583034736
0.9764291500941751
0.9760425068013289
0.9756665418155012
0.9753028898274239
0.9749482577920339
0.9746025191522246
0.9742803573578566
0.9739738454058136
0.9736514022828082
0.9733416815972743
0.9730523116782411
0.9727777079571989
0.9725219843566358
0.9722808225062578
0.9720268393245259
0.9717896502804464
0.9715646631921512
0.9713489415908698
0.9711454943111959
0.9709480224291777
0.9707632198887487
0.9705776079781673
0.970401181261192
0.9702300939193526
0.9700668643464787
0.9699171489985495
0.9697754772875291
0.9696404231412223
0.9695107869852949
0.9693630090989018
0.9692181209959746
0.9690861317738078
0.968936576633445
0.9688067688067384
0.9686937712095668
0.9685743971415727
0.9684614327935912
0.9683506582508313
0.9682463019566276
0.968136387991893
0.9680462821609831
0.9679589711436749
0.9678795578492286
0.9677932381502137
0.9676921231896453
0.9676010502809443
0.9675246887260979
0.9674629294816848
0.9674021654922389
0.967331069934246
0.9672469774089323
0.9671661122308974
0.9670725668403477
0.9669953760577188
0.9669027520220904
0.9668164748704133
0.9667305167664898
0.9666515972981833
0.9665783908581905
0.9665149847480107
0.9664492715295123
0.9663927833276875
0.9663343471470925
0.9662798991650281
0.9662171531979337
0.9661537429526765
0.9661230798408307
0.9660738305864065
0.9660143519249329
0.9659723075581351
0.9659364001971665
0.9658974450444625
0.9658644908825412
0.9658418592796442
0.9658080964306024
0.9657901125132768
0.9657738913042141
0.9657615754143691
0.9657496886862055
0.9657208723107494
0.9656961404637787
0.9656806913478133
0.9656602069431365
0.9656537946754818
0.9656477649547627
0.9656234487025541
0.9656053457406449
0.9656044591923024
0.9656030663831909
0.9656025134349135
0.965598851442228
0.9655806199922505
0.9655598781630715
0.9655383335650736
0.9655198741626039
0.9655044705587393
0.9655130617387929
0.9655182174184737
0.9655313202149307
0.9655445030839482
0.9655343170784907
0.9655226993804701
0.9655265252944113
0.9655344506320264
0.96553824734042
0.9655490314840482
0.9655612120567464
0.9655810029050603
0.9655890245204443
0.9655975478021036
0.9655871895261267
0.965576411046833
0.9655819230348481
