0.9997268841233958
0.9997127960038897
0.9997005873612714
0.9996869659391997
0.9996717607065966
0.9996549459239913
0.9996364632477726
0.9996161463317367
0.9995938021174903
0.9995693939493975
0.9995428335262959
0.9995137820546531
0.9994820543783575
0.9994476396217755
0.999410619666785
0.9993707051161006
0.9993272258668545
0.9992801536603941
0.9992298263912035
0.9991755818097754
0.9991177430454345
0.9990553399112483
0.9989884599454661
0.998916997884918
0.9988407975945404
0.9987603106113073
0.9986747952688408
0.9985851132335727
0.9984905050532403
0.998389759295899
0.9982825733504223
0.9981695115114164
0.9980499631773508
0.9979231326769968
0.9977902179796483
0.9976491939459585
0.997500479526373
0.9973453362541137
0.99718407191403
0.9970162761172933
0.996840578028323
0.9966563632315688
0.9964660260101237
0.9962692572295166
0.9960654099167384
0.9958550521474457
0.9956363541191049
0.9954107353110244
0.9951799498511855
0.9949440193016916
0.994698819721896
0.9944488071364747
0.9941907000353523
0.9939268840653215
0.9936572442050016
0.99338545031287
0.993108770404659
0.9928283619323989
0.9925438397105208
0.9922583519709158
0.9919679429873969
0.9916775490542689
0.9913847126838164
0.9910929432314671
0.9907987768349107
0.9904978647383422
0.9901951188813954
0.9898918737119348
0.9895893075992055
0.9892848025818608
0.9889821579478899
0.9886785673703498
0.9883736699864298
0.9880702021620537
0.9877701933745904
0.9874714695119937
0.98717486425447
0.9868799016598899
0.9865883911479276
0.9862976417776051
0.9860111972389995
0.9857266697279582
0.9854454976287047
0.9851716779693244
0.9848991970740371
0.9846399887379192
0.9843898484422074
0.9841401116593502
0.9838997943413154
0.9836597594934019
0.9834194637735474
0.9832032600344909
0.9829881721613158
0.9827782155678861
0.9825701635426229
0.9823634608381191
0.9821549889237964
0.9819612151256515
0.9817815357856595
0.981605238986437
0.9814338073768968
0.98125967997949
0.9810968520321345
0.9809406405682433
0.9807843844334799
0.9806436046849226
0.9805051467079415
0.980374651788967
0.9802441262112308
0.9801225148441112
0.9800008399602057
0.9798951379775498
0.9797999501727628
0.9797074211648878
0.9796223262016834
0.979537568694324
0.979455112504739
0.9793851904321056
0.9793093027486728
0.9792363658440479
0.9791569505455942
0.9790806764727114
0.9790005173145697
0.9789223799815057
0.978854518966918
0.9787884761462995
0.9787382430118863
0.9786845991353015
0.9786313217599992
0.9785896092572607
0.9785398550773325
0.978485025539796
0.9784433495664681
0.9783970713301425
0.9783474523064756
0.9783007906255476
0.9782423647676605
0.9781948370156606
0.9781491045866071
0.9780919967876928
0.9780402098715459
0.9779911970472611
0.9779348903350945
0.977900894330605
0.9778806814437269
0.9778593378902498
0.977825070918051
0.9777923254600595
0.9777569794227096
0.9777218692175625
0.9776879096913191
0.9776542685825055
0.977613791600218
0.97758454341542
0.9775570542606671
0.977548848713495
0.9775452233535082
0.9775196539749998
0.9775062386415156
0.9774929932000919
0.9774740654577323
0.9774634114664198
0.977442890277064
0.9774306635141774
0.9774183632013665
0.9774204181283884
0.9774092559904715
0.9774048021395636
0.9774032581640003
0.9774027939349388
0.9773980136236273
0.9773974566893904
0.9773835363632445
0.9773714324698924
0.9773669473015517
0.9773697383873154
0.9773699950763228
0.9773679609899981
0.9773662283407764
0.9773661236719581
0.9773649795496633
0.9773583000599327
0.9773585663749251
0.9773547267958707
0.977361660788902
0.977378356446821
0.9773937265243134
0.9774090573980753
0.9774130588279779
0.9774202946251127
0.9774175143154301
0.9774221158526252
0.9774269131190925
0.9774284017887196
0.9774281671196978
0.977437557392513
0.9774453134444613
0.9774658166691912
0.9774741561561727
0.9774834788150627
