0.9928906974665712
0.992887097618171
0.9925476860702327
0.9921634424256978
0.991759431519146
0.9913288880533255
0.9908676556524829
0.9903855373414399
0.9898850997135854
0.9893597410584758
0.9888083975391527
0.9882117781635376
0.9875880808088281
0.9869338510261826
0.9862450737863675
0.9855198595358307
0.9847543544795557
0.9839535560518661
0.9831276552423984
0.9822688371709904
0.9813760069125403
0.9804534055720865
0.9795096967678805
0.9785379336763657
0.9775075111229883
0.9764444437161979
0.9753557708376628
0.974255810487411
0.9731221352841557
0.9719468857137921
0.9707476637033456
0.9694581450595243
0.9681290366286347
0.9667541102122369
0.9653204491528926
0.9638566389460985
0.9623656795779119
0.960860825946957
0.9592941217434374
0.9576699683373152
0.9559722669091157
0.9542205480460465
0.9524236481055208
0.9505622615595677
0.9486543075781999
0.9466954090845473
0.9447088811165034
0.9426992256002446
0.9406712742870019
0.9385671366448423
0.936453509877517
0.9342723333608752
0.9320699404194881
0.9298536789147915
0.9272475722909902
0.9247783204633966
0.9223210680274543
0.9199284799407865
0.9176730421744487
0.9151358116888648
0.9126681985588224
0.9102575460389419
0.9078493047555147
0.9055008397481062
0.9031791110201566
0.9007934103442912
0.8983733690879121
0.8959767515753754
0.8935966391925251
0.891025303614288
0.8883546345057025
0.8857000416569337
0.8830740708937187
0.8803908232749529
0.877777712207292
0.8752174699136672
0.872705343801647
0.870218551775331
0.8677304092585122
0.8653441568173333
0.8630310267797999
0.8606627737852437
0.8583069531015612
0.8560672805481646
0.8536519114807628
0.8513564104335415
0.8491686293699285
0.8471396112665619
0.8452503737038335
0.8431628729272312
0.8413626176118734
0.8397242079118947
0.8379175859764814
0.8362989586117933
0.8348023777187509
0.8335704122029379
0.8321241970226126
0.8306710527089957
0.8293726956830564
0.8281440862884771
0.8269482362507947
0.8258308095376851
0.8248841413425207
0.8240499138571948
0.8231440836593522
0.8223146277898947
0.8215628760811773
0.8209591579063533
0.8202827093884543
0.8197200214620278
0.8191183657953441
0.8185647943968177
0.8178262968976684
0.8171326011620457
0.8165863393519728
0.8161302471571459
0.8158167534224832
0.8155857760205121
0.815418659512054
0.8151254724199863
0.8148591114494851
0.8145534781381856
0.8143382166840235
0.8141032344174716
0.8138688754428112
0.8136215863050771
0.8135330479173322
0.8135352431667596
0.8135618296299758
0.8134684215299774
0.8132248962828827
0.8131032641498063
0.8130677644522167
0.8129804516524212
0.8130190309961449
0.8130485446384096
0.8130552452376277
0.8130674369389123
0.813112491319122
0.8130003151006817
0.81302366308014
0.812940910229076
0.8127816200093139
0.8127232456975032
0.8127869741230455
0.8128568157315463
0.812686696751588
0.8126908155284915
0.8126477252082535
0.8126380741837549
0.8127793336951519
0.8128430304454498
0.8130664141169825
0.8133290526150084
0.8129945469652975
0.8128546187967035
0.812794774866494
0.8126698010950382
0.8125278442432795
0.812330692770911
0.8123743763555338
0.8125616296640955
0.812516717824121
0.8124580510586105
0.8124739729925633
0.8124344469110092
0.8125673887722564
0.8124799750279321
0.8125114407897507
0.8124990799010591
0.8126145847021825
0.8129445899039914
0.8128037976632816
0.8126794261735022
0.8126005301521193
0.8125667205954852
0.8125409569558684
0.8126296929798995
0.8127008483111446
0.812871687306177
0.8128416777187736
0.8126863085703602
0.812574040523796
0.8125568552956336
0.812642486021489
0.8128339150027855
0.8128084793458735
0.8127971845306832
0.8128295713390512
0.8129094405366053
0.8127016996583076
0.812615661233193
0.8126065748081059
0.8126589591262323
0.8127580018553917
0.8129283885538525
0.8131004978257286
0.8129371926431617
0.8130748238994745
0.8129643844146232
