0.7904669041027003
0.760605155318701
0.7552208235382982
0.7497375360086298
0.7441634338631148
0.7385043617396208
0.732763816428083
0.7269440073517641
0.7210464491699773
0.7150722783946559
0.7090224311953968
0.7028977495022637
0.6966990481157203
0.6904271594618638
0.6840829648733755
0.6776674173530224
0.671181558698174
0.6646265327163325
0.6580035956028236
0.6513141241611737
0.6445596223084935
0.6377417261593643
0.6308622078868626
0.623922978497992
0.6169260896206219
0.6098737343726075
0.6027682473664651
0.5956121038917026
0.5884079183098474
0.5811584416929789
0.5738665587343514
0.5665352839588738
0.5591677572613827
0.5517672388014898
0.5443371032851347
0.5368808336646316
0.5294020142908449
0.5219043235531251
0.5143915260446141
0.5068674642925366
0.4993360500949663
0.4918012555073862
0.48426710352393065
0.47673765849967875
0.46921701636155
0.46170929465632626
0.4542186224850103
0.4467491303731401
0.43930494012675725
0.43189015472353975
0.4245088482880308
0.417165056199056
0.409862765376214
0.4026059047908065
0.3953983362447774
0.3882438454590602
0.3811461335103967
0.3741088086529625
0.3671353785582928
0.36022924300386894
0.35339368703746477
0.3466318746409036
0.3399468429133755
0.3333414967907964
0.3268186043140896
0.3203807924555614
0.3140305435089231
0.3077701920449335
0.3016019224311486
0.29552776691091553
0.2895496042335113
0.2836691588243535
0.277888000481298
0.27220754458051166
0.2666290527729642
0.2611536341504923
0.2557822468584998
0.2505157001307551
0.24535465672038548
0.24029963570010482
0.2353510156038675
0.23050903788158827
0.22577381063821844
0.22114531262839943
0.21662339747799741
0.21220779810419532
0.20789813130628854
0.20369390250002117
0.1995945105691499
0.19559925280885915
0.19170732993673223
0.18791785114816983
0.18422983919437763
0.1806422354623577
0.17715390503769812
0.17376364173231618
0.17047017306072465
0.1672721651497504
0.16416822756804894
0.16115691806308863
0.15823674719460834
0.15540618285483354
0.15266365466696907
0.1500075582546665
0.14743625937630644
0.14494809791892793
0.14254139174774494
0.14021444040801212
0.13796552867693812
0.13579292996410164
0.13369490955960073
0.13166972772979146
0.12971564266111402
0.1278309132530353
0.12601380176165244
0.124262576295886
0.12257551316866655
0.12095089910575074
0.1193870333151984
0.11788222942071869
0.11643481726234395
0.11504314456805564
0.11370557850015439
0.11242050708023843
0.11118634049678777
0.11000151229939814
0.10886448048375152
0.10777372847143496
0.1067277659887359
0.1057251298485199
0.10476438463929882
0.10384412332551662
0.10296296776310587
0.10211956913425035
0.10131260830525901
0.10054079611140898
0.09980287357247875
0.09909761204269996
0.09842381329869199
0.09778030956892003
0.09716596350809192
0.09657966811984986
0.09602034663096448
0.0954869523202283
0.09497846830507373
0.09449390728887952
0.09403231127184608
0.09359275122818389
0.09317432675229986
0.09277616567655178
0.09239742366304826
0.09203728377186637
0.09169495600799582
0.0913696768491774
0.09106070875674843
0.09076733967149442
0.09048888249643161
0.09022467456833594
0.08997407711977023
0.08973647473322632
0.08951127478899845
0.08929790690822126
0.08909582239249725
0.08890449366143283
0.08872341368930059
0.08855209544203346
0.08839007131559085
0.08823689257676293
0.08809212880732098
0.0879553673524246
0.08782621277407998
0.08770428631040528
0.08758922534140101
0.08748068286183985
0.08737832696186709
0.08728184031581121
0.08719091967968884
0.08710527539781998
0.08702463091889656
0.08694872232186979
0.08687729785189668
0.08681011746661949
0.08674695239294017
0.086687584694496
0.086631806849928
0.08657942134205865
0.08653024025803635
0.08648408490048343
0.08644078540966504
0.08640018039664177
0.08636211658739434
0.08632644847783844
0.08629303799965582
0.08626175419684412
0.08623247291286751
0.08620507648827747
0.08617945346864786
0.08615549832269165
0.08613311117035449
0.08611219752074428
0.08609266801966564
0.08607443820661131
0.0860574282809522
0.08604156287717413
0.08602677084889931
0.08601298506150801
0.08600014219311836
0.08598818254371621
0.08597704985219812
0.0859666911211101
0.08595705644885321
0.08594809886912691
0.08593977419739318
0.08593204088412565
0.08592485987463816
0.08591819447525195
0.08591201022560535
0.08590627477687773
0.08590095777572104
0.08589603075368857
0.08589146702195993
0.08588724157116834
0.08588333097611489
0.08587971330519606
0.08587636803435039
0.08587327596535
0.08587041914823157
0.0858677808077365
0.08586534527354972
0.08586309791420221
0.08586102507446147
0.08585911401606194
0.08585735286163232
0.0858557305416604
0.08585423674436365
0.08585286186834473
0.08585159697786449
0.08585043376064716
0.08584936448807856
0.08584838197766753
0.08584747955768801
0.08584665103387001
0.08584589065804415
0.08584519309863914
0.08584455341294495
0.08584396702103214
0.08584342968125902
0.08584293746726879
0.08584248674640582
0.08584207415947276
0.08584169660174334
0.08584135120518
0.085841035321783
0.08584074650798978
0.0858404825100968
0.08584024125062639
0.0858400208155673
0.08583981944248487
0.085839635509398
0.08583946752441529
0.08583931411606172
0.08583917402427022
0.08583904609198179
0.08583892925733105
0.08583882254637654
0.08583872506633428
0.08583863599928743
0.08583855459635714
0.0858384801722708
0.08583841210033538
0.0858383498077756
0.08583829277140576
0.08583824051362665
0.08583819259872028
0.08583814862942019
0.08583810824373739
0.08583807111203601
0.08583803693432068
0.08583800543774556
0.08583797637430657
0.08583794951872503
0.08583792466648443
0.08583790163203753
0.085837880247143
0.08583786035935026
0.08583784183059828
0.08583782453593136
0.08583780836232036
0.085837793207582
0.08583777897939504
0.08583776559438727
0.08583775297730856
0.08583774106027775
0.0858377297820837
0.0858377190875591
0.08583770892700049
0.08583769925564633
0.08583769003319397
0.08583768122336843
0.08583767279352694
0.08583766471429499
0.08583765695924672
0.08583764950459905
0.08583764232895419
0.08583763541305023
0.08583762873954381
0.08583762229281167
0.08583761605876905
0.08583761002471135
0.08583760417916564
0.08583759851176165
0.08583759301311356
0.08583758767471261
0.08583758248883333
0.08583757744844644
0.08583757254714675
0.08583756777908036
0.08583756313888513
0.08583755862163756
0.08583755422280026
0.08583754993818704
0.085837545763915
0.0858375416963737
0.08583753773219804
0.08583753386824122
0.08583753010154205
0.08583752642931775
0.0858375228489342
0.08583751935789552
0.0858375159538266
0.08583751263446582
0.0858375093976469
0.08583750624129227
0.0858375031634061
0.08583750016206737
0.08583749723541789
0.085837494381661
0.0858374915990584
0.08583748888592246
0.0858374862406116
0.08583748366153132
0.08583748114712764
0.0858374786958861
0.08583747630632999
0.08583747397701635
0.08583747170653899
0.08583746949352022
0.08583746733661535
0.08583746523451052
0.085837463185919
0.08583746118958169
0.08583745924426855
0.08583745734877601
0.08583745550192468
0.0858374537025609
0.08583745194955716
0.08583745024180922
0.08583744857823594
0.08583744695777906
0.08583744537940641
0.0858374438421029
0.08583744234488189
0.08583744088677248
0.08583743946682831
0.08583743808412125
0.08583743673774746
0.08583743542681965
0.08583743415047118
0.0858374329078565
0.08583743169814595
0.08583743052053217
0.08583742937422112
0.08583742825844076
0.08583742717243703
0.08583742611546852
0.08583742508681569
0.08583742408577122
0.08583742311164977
0.08583742216377477
0.08583742124148952
0.08583742034415309
0.08583741947113521
0.08583741862182526
0.08583741779562404
0.0858374169919468
0.08583741621022167
0.08583741544989254
0.08583741471041362
0.08583741399125222
0.08583741329189232
0.08583741261182365
0.08583741195055328
0.08583741130759648
0.08583741068248252
0.08583741007475021
0.08583740948394969
0.08583740890964131
0.08583740835139864
0.08583740780880145
0.08583740728144307
0.08583740676892282
0.08583740627085434
0.0858374057868575
0.08583740531656092
0.08583740485960556
0.08583740441563659
0.08583740398431094
0.08583740356529279
0.08583740315825583
0.08583740276287966
0.08583740237885251
0.08583740200587098
0.0858374016436384
0.08583740129186623
0.08583740095027148
0.08583740061857936
0.08583740029652276
0.08583739998383955
0.08583739968027493
0.08583739938557988
0.08583739909951327
0.08583739882183672
0.08583739855232242
0.08583739829074488
0.0858373980368855
0.08583739779053079
0.08583739755147313
0.08583739731950979
0.08583739709444416
0.08583739687608338
0.08583739666424117
0.08583739645873345
0.08583739625938458
0.08583739606601892
0.08583739587847072
0.08583739569657423
0.08583739552016867
0.0858373953491004
0.08583739518321565
0.08583739502236831
0.08583739486641428
0.08583739471521346
0.08583739456862904
0.08583739442652949
0.08583739428878523
0.08583739415527025
0.08583739402586243
0.08583739390044398
0.08583739377889643
0.0858373936611102
0.08583739354697428
0.08583739343638197
0.08583739332922968
0.0858373932254165
0.08583739312484362
0.08583739302741711
0.08583739293304227
0.08583739284163128
0.08583739275309321
0.08583739266734547
0.08583739258430345
0.085837392503887
0.08583739242601807
0.08583739235061938
0.08583739227761755
0.08583739220694075
0.08583739213851971
0.08583739207228369
0.08583739200816842
0.08583739194611029
0.08583739188604567
0.08583739182791372
0.08583739177165617
0.08583739171721616
0.08583739166453774
0.08583739161356652
0.08583739156424997
0.08583739151653857
0.08583739147038061
0.08583739142573055
0.08583739138253943
0.08583739134076307
0.0858373913003575
0.0858373912612801
0.08583739122348943
0.08583739118694567
0.08583739115160904
0.08583739111744082
0.0858373910844078
0.08583739105246913
0.08583739102159516
0.08583739099174836
0.08583739096289822
0.08583739093501341
0.0858373909080622
0.0858373908820157
0.08583739085684405
0.08583739083251984
0.08583739080901642
0.08583739078630614
0.08583739076436625
0.0858373907431681
0.08583739072269048
0.08583739070290941
0.08583739068380158
0.08583739066534646
0.08583739064752194
0.08583739063030815
0.08583739061368334
0.08583739059763129
0.08583739058213002
0.0858373905671641
0.08583739055271489
0.08583739053876549
0.0858373905252986
0.08583739051229944
0.08583739049975214
0.08583739048764161
0.08583739047595296
0.08583739046467265
0.08583739045378758
0.08583739044328331
0.08583739043314809
0.08583739042336969
0.08583739041393468
0.08583739040483362
0.08583739039605265
0.0858373903875832
0.0858373903794144
0.08583739037153493
0.08583739036393567
0.08583739035660676
0.08583739034954097
0.08583739034272675
0.08583739033615567
0.08583739032982096
0.08583739032371407
0.08583739031782545
0.08583739031215043
0.08583739030667958
0.08583739030140602
0.0858373902963242
0.08583739029142645
0.08583739028670723
0.08583739028215864
0.08583739027777482
0.08583739027355286
0.08583739026948434
0.08583739026556492
0.08583739026178927
0.08583739025815229
0.08583739025464843
0.08583739025127457
0.08583739024802461
0.08583739024489556
0.0858373902418812
0.08583739023897918
0.08583739023618486
0.08583739023349501
0.08583739023090475
0.08583739022841108
0.08583739022601022
0.08583739022370063
0.08583739022147696
0.08583739021933534
0.08583739021727566
0.08583739021529369
0.08583739021338699
0.08583739021155079
0.08583739020978465
0.08583739020808567
0.08583739020645142
0.08583739020487868
0.08583739020336567
0.08583739020191095
0.08583739020051107
0.0858373901991657
0.08583739019787107
0.08583739019662684
0.08583739019542935
0.08583739019427927
0.08583739019317294
0.08583739019210979
0.08583739019108683
0.08583739019010439
0.08583739018915904
0.08583739018825076
0.0858373901873789
0.08583739018653935
0.08583739018573378
0.08583739018495928
0.08583739018421499
0.08583739018349912
0.085837390182813
0.08583739018215308
0.08583739018151915
0.08583739018091008
0.08583739018032543
0.08583739017976333
0.0858373901792241
0.0858373901787054
0.08583739017820857
0.08583739017773062
0.08583739017727154
0.08583739017683112
0.08583739017640901
0.08583739017600334
0.0858373901756132
0.08583739017523906
0.08583739017488001
0.08583739017453673
0.08583739017420522
0.08583739017388847
0.08583739017358394
0.08583739017329217
0.08583739017301217
0.08583739017274372
0.08583739017248604
0.08583739017223768
0.0858373901720012
0.08583739017177339
0.08583739017155556
0.0858373901713464
0.08583739017114544
0.08583739017095315
0.08583739017076863
0.08583739017059255
0.08583739017042225
0.08583739017025993
0.0858373901701045
0.08583739016995506
0.0858373901698114
0.08583739016967495
0.08583739016954184
0.08583739016941694
0.08583739016929581
0.08583739016918068
0.08583739016906977
0.08583739016896319
0.08583739016886216
0.0858373901687649
0.08583739016867176
0.08583739016858172
0.08583739016849634
0.08583739016841496
0.08583739016833647
0.08583739016826131
0.08583739016818892
0.08583739016812009
0.08583739016805436
0.08583739016799019
0.08583739016793068
0.08583739016787251
0.085837390167817
0.08583739016776493
0.08583739016771375
0.08583739016766545
0.08583739016761827
0.08583739016757475
0.08583739016753178
0.08583739016749081
0.08583739016745306
0.0858373901674151
0.08583739016738035
0.08583739016734582
0.08583739016731362
0.0858373901672832
0.08583739016725245
0.08583739016722447
0.0858373901671966
0.08583739016717074
0.08583739016714576
0.08583739016712189
0.08583739016709957
0.08583739016707781
0.08583739016705694
0.08583739016703695
0.08583739016701752
0.08583739016700054
0.08583739016698289
0.08583739016696645
0.08583739016695036
0.08583739016693548
0.0858373901669216
0.08583739016690728
0.08583739016689451
0.08583739016688152
0.08583739016686998
0.08583739016685865
0.08583739016684733
0.08583739016683722
0.08583739016682779
0.08583739016681824
0.0858373901668088
0.0858373901668007
0.0858373901667916
0.08583739016678349
0.08583739016677627
0.08583739016676939
0.0858373901667625
0.0858373901667554
0.0858373901667493
0.08583739016674441
0.08583739016673819
0.08583739016673231
0.08583739016672787
0.08583739016672254
0.08583739016671743
0.08583739016671288
0.085837390166709
0.08583739016670522
0.08583739016670167
0.08583739016669767
0.0858373901666939
0.08583739016669067
0.08583739016668768
0.08583739016668523
0.0858373901666819
0.08583739016667868
0.0858373901666768
0.08583739016667291
0.08583739016667058
0.0858373901666688
0.08583739016666625
0.08583739016666447
0.08583739016666225
0.08583739016666103
0.08583739016665881
0.08583739016665726
0.08583739016665592
0.0858373901666547
0.08583739016665248
0.08583739016665115
0.08583739016665015
0.08583739016664882
0.08583739016664726
0.0858373901666466
0.08583739016664482
0.08583739016664438
0.08583739016664349
0.08583739016664227
0.08583739016664149
0.08583739016664049
0.08583739016663972
0.08583739016663883
0.08583739016663816
0.08583739016663738
0.08583739016663683
0.08583739016663638
0.08583739016663594
0.08583739016663516
0.08583739016663461
0.08583739016663416
0.0858373901666335
0.08583739016663305
0.08583739016663239
0.08583739016663205
0.0858373901666315
0.08583739016663106
0.08583739016663083
0.08583739016663017
0.08583739016663017
0.08583739016663017
0.08583739016662939
0.08583739016662939
0.08583739016662928
0.0858373901666285
0.08583739016662861
0.08583739016662817
