0.8065004591888878
0.7260105833350279
0.725039215222945
0.7240654252480775
0.7230895194670696
0.7221115735534074
0.7211316061006892
0.720149615540752
0.7191655916969932
0.7181795203326338
0.7171913852467012
0.7162011693609274
0.7152088553387603
0.7142144259660863
0.7132178644007472
0.7122191543447438
0.7112182801679683
0.7102152269997575
0.7092099807978978
0.70820252840104
0.7071928575683454
0.7061809570089479
0.7051668164030291
0.704150426415832
0.7031317787056242
0.7021108659264266
0.7010876817261735
0.700062220740889
0.6990344785853779
0.6980044518408999
0.6969721380402273
0.6959375356504771
0.6949006440540567
0.6938614635280491
0.692819995222333
0.6917762411367028
0.6907302040972421
0.6896818877321724
0.6886312964473726
0.6875784354017666
0.6865233104827226
0.6854659282816186
0.6844062960696928
0.6833444217742886
0.6822803139555822
0.6812139817838727
0.680145435017498
0.6790746839814212
0.6780017395465332
0.676926613109698
0.6758493165745588
0.6747698623331186
0.6736882632480982
0.672604532636073
0.6715186842513752
0.6704307322707557
0.6693406912787856
0.6682485762539832
0.6671544025556373
0.6660581859113108
0.664959942404993
0.6638596884658796
0.6627574408577472
0.6616532166688982
0.6605470333026484
0.6594389084683248
0.6583288601727504
0.6572169067121876
0.6561030666647107
0.6549873588829838
0.6538698024874192
0.65275041685969
0.651629221636574
0.650506236704107
0.6493814821920232
0.6482549784684613
0.6471267461349204
0.6459968060214407
0.6448651791819999
0.6437318868900987
0.6425969506345293
0.6414603921153055
0.6403222332397451
0.6391824961186872
0.6380412030628364
0.6368983765792193
0.6357540393677465
0.6346082143178655
0.6334609245052989
0.6323121931888571
0.6311620438073213
0.6300104999763838
0.6288575854856431
0.6277033242956469
0.6265477405349742
0.6253908584973564
0.6242327026388279
0.6230732975749029
0.6219126680777756
0.6207508390735372
0.6195878356394107
0.6184236830009959
0.6172584065295217
0.6160920317391094
0.6149245842840352
0.6137560899559962
0.6125865746813763
0.6114160645185103
0.6102445856549439
0.6090721644046881
0.60789882720547
0.6067246006159708
0.6055495113130598
0.604373586089022
0.6031968518487643
0.6020193356070256
0.6008410644855637
0.5996620657103393
0.59848236660868
0.5973019946064413
0.5961209772251457
0.5949393420791178
0.5937571168725992
0.5925743293968575
0.5913910075272775
0.5902071792204424
0.5890228725112059
0.5878381155097421
0.5866529363985964
0.5854673634297152
0.5842814249214687
0.583095149255662
0.5819085648745332
0.580721700277748
0.5795345840193755
0.5783472447048619
0.57715971098799
0.5759720115678364
0.5747841751857157
0.5735962306221192
0.5724082066936467
0.5712201322499322
0.5700320361705644
0.5688439473620011
0.5676558947544807
0.5664679072989278
0.5652800139638561
0.56409224373227
0.562904625598565
0.5617171885654213
0.5605299616407033
0.5593429738343556
0.5581562541553
0.5569698316083336
0.5557837351910304
0.5545979938906425
0.5534126366810077
0.5522276925194589
0.551043190343738
0.5498591590689188
0.548675627584329
0.5474926247504843
0.5463101793960299
0.5451283203146844
0.5439470762621994
0.5427664759533235
0.5415865480587776
0.5404073212022413
0.5392288239573515
0.5380510848447095
0.5368741323289032
0.5356979948155443
0.5345227006483142
0.5333482781060301
0.5321747553997216
0.5310021606697266
0.529830521982799
0.5286598673292418
0.5274902246200464
0.5263216216840603
0.5251540862651691
0.5239876460194968
0.5228223285126266
0.5216581612168476
0.5204951715084147
0.5193333866648342
0.5181728338621729
0.5170135401723877
0.5158555325606791
0.5146988378828679
0.5135434828827994
0.512389494189768
0.5112368983159716
0.5100857216539876
0.5089359904742787
0.5077877309227234
0.5066409690181761
0.5054957306500534
0.5043520415759459
0.5032099274192658
0.5020694136669155
0.5009305256669938
0.4997932886265205
0.49865772760920557
0.4975238675332391
0.4963917331691118
0.4952613491374743
0.49413273990702156
0.49300592979241264
0.4918809429522185
0.49075780338690855
0.4896365349368681
0.488517161280445
0.48739970593203374
0.4862841922401948
0.48517064338580096
0.484059082380229
0.4829495320635727
0.4818420151029039
0.48073655399055537
0.4796331710424505
0.4785318883964611
0.47743272801080117
0.47633571166246114
0.475240860945671
0.4741481972704046
0.4730577418609174
0.471969515754322
0.4708835397991986
0.46979983465424
0.4687184207869388
0.46763931847230367
0.4665625477916189
0.465488128631235
0.46441608068139906
0.4633464234351209
0.4622791761870759
0.46121435803254407
0.4601519878663852
0.45909208438205285
0.45803466607064103
0.4569797512199725
0.45592735791371986
0.45487750403055804
0.45383020724336964
0.4527854850184653
0.45174335461485815
0.45070383308355955
0.44966693726692364
0.4486326837980177
0.44760108910003515
0.44657216938573885
0.445545940656943
0.444522418704028
0.4435016191054918
0.4424835572275362
0.4414682482236858
0.4404557070344458
0.43944594838698725
0.4384389867948715
0.43743483655780724
0.4364335117614422
0.43543502627718256
0.4344393937620543
0.43344662765859077
0.4324567411947552
0.4314697473838919
0.43048565902472014
0.4295044887013445
0.4285262487833106
0.4275509514256819
0.4265786085691522
0.4256092319401922
0.4246428330512164
0.4236794232007889
0.4227190134738562
0.4217616147420066
0.42080723766376404
0.4198558926849034
0.41890759003880307
0.4179623397468172
0.4170201516186779
0.4160810352529325
0.41514500003739363
0.4142120551496272
0.4132822095574632
0.4123554720195324
0.41143185108582403
0.41051135509827785
0.40959399219139636
0.40867977029287517
0.40776869712426855
0.4068607802016738
0.40595602683643217
0.4050544441358649
0.40415603900402686
0.4032608181424743
0.4023687880510666
0.40147995502878364
0.4005943251745633
0.3997119043881583
0.3988326983710233
0.397956712627202
0.3970839524642594
0.3962144229942096
0.3953481291344719
0.3944850756088538
0.3936252669485313
0.392768707493069
0.39191540139144065
0.3910653526030732
0.39021856489890483
0.38937504186246574
0.3885347868909629
0.387697803196386
0.386864093806635
0.38603366156664565
0.3852065091395426
0.3843826390078008
0.3835620534744226
0.38274475466412194
0.3819307445245269
0.38112002482739427
0.3803125971698288
0.37950846297552077
0.37870762349599485
0.37791007981186187
0.3771158328340857
0.37632488330526714
0.3755372318009197
0.3747528787307709
0.37397182434006615
0.37319406871087746
0.3724196117634234
0.3716484532574019
0.37088059279332075
0.3701160298138386
0.36935476360512065
0.36859679329818096
0.3678421178702572
0.36709073614616705
0.3663426467996863
0.36559784835492026
0.36485633918768967
0.3641181175269128
0.36338318145599935
0.362651528914238
0.36192315769819994
0.3611980654631348
0.3604762497243753
0.3597577078587407
0.35904243710594674
0.35833043457001357
0.3576216972206795
0.3569162218948093
0.3562140052978129
0.3555150440050556
0.3548193344632793
0.3541268729920116
0.35343765578498487
0.3527516789115517
0.3520689383180998
0.3513894298294652
0.35071314915034824
0.35004009186672214
0.3493702534472485
0.34870362924468334
0.3480402144972844
0.3473800043302201
0.34672299375696924
0.3460691776807209
0.3454185508957778
0.34477110808894484
0.34412684384092407
0.343485752627705
0.34284782882194575
0.34221306669435647
0.341581460415079
0.340953004055057
0.34032769158740506
0.3397055168887776
0.3390864737407232
0.33847055583104657
0.3378577567551527
0.3372480700173984
0.33664148903242663
0.3360380071265069
0.33543761753886214
0.33484031342299025
0.3342460878479877
0.333654933799855
0.3330668441828072
0.33248181182057357
0.3318998294576865
0.33132088976077423
0.3307449853198374
0.3301721086495255
0.3296022521904005
0.32903540831020106
0.3284715693050909
0.3279107274009072
0.32735287475440267
0.3267980034544694
0.3262461055233702
0.3256971729179502
0.32515119753085175
0.3246081711917075
0.3240680856683419
0.3235309326679524
0.32299670383829016
0.3224653907688292
0.32193698499192747
0.32141147798398373
0.320888861166583
0.3203691259076292
0.3198522635224825
0.3193382652750767
0.3188271223790323
0.31831882599876005
0.317813367250562
0.3173107372037126
0.3168109268815439
0.3163139272625103
0.3158197292812579
0.31532832382967146
0.31483970175792564
0.31435385387551174
0.3138707709522789
0.3133904437194386
0.3129128628705873
0.3124380190626983
0.3119659029171219
0.31149650502056314
0.3110298159260614
0.31056582615395467
0.31010452619283935
0.30964590650051405
0.3091899575049285
0.3087366696051017
0.3082860331720586
0.30783803854973524
0.3073926760558824
0.3069499359829678
0.3065098085990604
0.30607228414870635
0.3056373528538018
0.3052050049144547
0.30477523050983224
0.3043480197990117
0.30392336292180777
0.3035012499996017
0.3030816711361646
0.30266461641845355
0.3022500759174239
0.30183803968881406
0.30142849777393266
0.3010214402004263
0.3006168569830562
0.30021473812444555
0.2998150736158348
0.29941785343781857
0.29902306756107977
0.2986307059471126
0.2982407585489413
0.29785321531182307
0.29746806617394517
0.29708530106712405
0.29670490991748044
0.2963268826461153
0.295951209169779
0.2955778794015266
0.2952068832513669
0.2948382106269105
0.29447185143399646
0.2941077955773248
0.29374603296107005
0.29338655348949594
0.29302934706755845
0.2926744036014933
0.2923217129994168
0.291971265171893
0.2916230500325119
0.2912770574984537
0.2909332774910466
0.2905916999363155
0.2902523147655236
0.28991511191570984
0.28958008133021307
0.2892472129591953
0.28891649676015696
0.2885879226984368
0.28826148074771585
0.28793716089050914
0.2876149531186486
0.28729484743376255
0.2869768338477473
0.28666090238322806
0.2863470430740228
0.2860352459655878
0.2857255011154628
0.28541779859370997
0.28511212848334233
0.2848084808807533
0.2845068458961292
0.28420721365386115
0.28390957429295494
0.28361391796742375
0.28332023484668556
0.28302851511594895
0.28273874897658935
0.2824509266465265
0.2821650383605937
0.2818810743708964
0.28159902494717104
0.2813188803771344
0.28104063096682774
0.2807642670409555
0.28048977894322
0.28021715703664407
0.2799463917038997
0.2796774733476176
0.2794103923907011
0.27914513927662965
0.27888170446976224
0.2786200784556251
0.27836025174120804
0.27810221485523956
0.27784595834847625
0.27759147279396645
0.2773387487873241
0.2770877769469897
0.2768385479144895
0.2765910523546885
0.27634528095603705
0.27610122443081797
0.2758588735153844
0.2756182189703891
0.27537925158102083
0.27514196215722464
0.2749063415339217
0.2746723805712269
0.274440070154658
0.27420940119534387
0.2739803646302247
0.27375295142225076
0.2735271525605766
0.273302959060747
0.27308036196488794
0.27285935234187886
0.27263992128753667
0.27242205992478674
0.2722057594038264
0.27199101090229794
0.27177780562543896
0.2715661348062498
0.27135598970563723
0.27114736161257014
0.27094024184421717
0.27073462174609864
0.27053049269221463
0.27032784608518323
0.27012667335637275
0.2699269659660245
0.2697287154033784
0.2695319131867965
0.2693365508638724
0.26914262001154843
0.26895011223622733
0.2687590191738741
0.2685693324901245
0.2683810438803772
0.2681941450699007
0.26800862781392
0.2678244838977085
0.2676417051366754
0.267460283376452
0.26728021049297024
0.2671014783925437
0.26692407901194193
0.266748004318463
0.2665732463100007
0.2663997970151192
0.2662276484931082
0.2660567928340497
0.2658872221588745
0.2657189286194205
0.265551904398484
0.2653861417098695
0.26522163279844235
0.2650583699401682
0.2648963454421618
0.2647355516427242
0.2645759809113817
0.2644176256489231
0.2642604782874304
0.26410453129031275
0.2639497771523339
0.2637962083996378
0.2636438175897724
0.2634925973117165
0.263342540185893
0.263193638864189
0.2630458860299748
0.26289927439811145
0.2627537967149657
0.2626094457584167
0.2624662143378681
0.2623240952942484
0.2621830815000127
0.26204316585915255
0.2619043413071859
0.261766600811162
0.26162993736965
0.26149434401273863
0.26135981380202544
0.2612263398306105
0.261093915223077
0.26096253313548745
0.260832186755362
0.26070286930166564
0.2605745740247881
0.26044729420652457
0.26032102316005334
0.2601957542299149
0.2600714807919843
0.25994819625344645
0.25982589405276857
0.259704567659674
0.2595842105751024
0.25946481633118734
0.25934637849122144
0.25922889064961163
0.2591123464318591
0.25899673949450663
0.2588820635251067
0.25876831224218355
0.25865547939518396
0.25854355876444013
0.2584325441611274
0.2583224294272094
0.2582132084354004
0.25810487508911495
0.2579974233224195
0.25789084709997734
0.25778514041700706
0.2576802972992184
0.2575763118027675
0.257473178014199
0.2573708900503896
0.25726944205849767
0.25716882821589315
0.2570690427301092
0.2569700798387813
0.25687193380957984
0.2567745989401571
0.25667806955807737
0.25658234002075886
0.2564874047154059
0.25639325805894275
0.25629989449795154
0.25620730850860174
0.25611549459658234
0.2560244472970331
0.25593416117447754
0.2558446308227488
0.2557558508649188
0.25566781595323074
0.25558052076901994
0.255493960022644
0.2554081284534071
0.2553230208294881
0.2552386319478589
0.25515495663421583
0.25507198974289624
0.2549897261567994
0.25490816078731704
0.2548272885742454
0.25474710448571036
0.2546676035180858
0.2545887806959112
0.2545106310718146
0.2544331497264255
0.254356331768295
0.2542801723338114
0.2542046665871186
0.2541298097200304
0.25405559695194524
0.2539820235297614
0.2539090847277926
0.25383677584767905
0.2537650922183047
0.25369402919570716
0.25362358216298897
0.2535537465302333
0.25348451773441527
0.25341589123930675
0.25334786253539443
0.2532804271397908
0.2532135805961354
0.253147318474512
0.2530816363713564
0.25301652990936496
0.2529519947374004
0.25288802653040554
0.25282462098930436
0.25276177384091625
0.2526994808378563
0.2526377377584522
0.252576540406637
0.2525158846118689
0.25245576622902943
0.25239618113833195
0.2523371252452261
0.2522785944803033
0.2522205847992035
0.25216309218251787
0.2521061126356945
0.2520496421889439
0.25199367689713814
0.25193821283972506
0.2518832461206194
0.25182877286811467
0.251774789234788
0.25172129139739574
0.25166827555678195
0.25161573793778336
0.25156367478912534
0.2515120823833322
0.25146095701662274
0.2514102950088185
0.2513600927032448
0.251310346466627
0.25126105268900456
0.2512122077836193
0.2511638081868286
0.25111585035800077
0.2510683307794198
0.2510212459561859
0.2509745924161181
0.2509283667096529
0.25088256540975307
0.250837185111796
0.2507922224334921
0.2507476740147728
0.25070353651769695
0.2506598066263539
0.2506164810467615
0.2505735565067676
0.2505310297559573
0.25048889756554626
0.2504471567282839
0.2504058040583622
0.2503648363913059
0.2503242505838824
0.2502840435140007
0.2502442120806103
0.2502047532036068
0.2501656638237316
0.2501269409024718
0.2500885814219652
0.2500505823849014
0.25001294081442005
0.24997565375401776
0.24993871826744762
0.24990213143862017
0.24986589037150686
0.2498299921900431
0.24979443403802948
0.24975921307903226
0.24972432649629106
0.2496897714926143
0.24965554529029033
0.24962164513098328
0.24958806827563718
0.24955481200438212
0.24952187361643763
0.24948925043001002
0.2494569397822004
0.24942493902891238
0.24939324554474396
0.24936185672290356
0.2493307699751086
0.249299982731487
0.24926949244048735
0.24923929656878008
0.24920939260116193
0.24917977804046287
0.2491504504074462
0.24912140724072251
0.24909264609664217
0.2490641645492171
0.24903596019001117
0.24900803062805366
0.24898037348974678
0.24895298641876706
0.2489258670759743
0.24889901313931695
0.2488724223037425
0.2488460922811
0.24882002080004906
0.24879420560596943
0.2487686444608651
0.24874333514327374
0.24871827544817504
0.2486934631868981
0.24866889618703347
0.24864457229233505
0.24862048936263725
0.24859664527375525
0.24857303791740504
0.24854966520110178
0.24852652504807793
0.24850361539719168
0.24848093420283357
0.2484584794348429
0.24843624907841322
0.24841424113400734
0.24839245361726503
0.24837088455892065
0.24834953200470666
0.2483283940152733
0.24830746866609743
0.24828675404739675
0.24826624826403743
0.2482459494354562
0.24822585569556743
0.24820596519267812
0.24818627608940236
0.24816678656257452
0.24814749480316667
0.24812839901620043
0.24810949742066268
0.2480907882494211
0.24807226974914132
0.24805394018019822
0.2480357978165989
0.2480178409458934
0.24800006786909323
0.24798247690058994
0.24796506636806903
0.2479478346124333
0.2479307799877123
0.24791390086098908
0.2478971956123136
0.24788066263462272
0.24786430033365903
0.24784810712789085
0.24783208144843083
0.24781622173895768
0.2478005264556321
0.24778499406702548
0.24776962305402994
0.24775441190979286
0.24773935913962186
0.247724463260921
0.24770972280310632
0.2476951363075267
0.24768070232739092
0.24766641942768952
0.24765228618511392
0.2476383011879858
0.24762446303617736
0.24761077034103518
0.2475972217253083
0.24758381582306999
0.2475705512796439
0.2475574267515266
0.247544440906319
0.2475315924226481
0.24751887999009503
0.2475063023091204
0.247493858090993
0.24748154605771788
0.24746936494195582
0.24745731348696598
0.2474453904465218
0.2474335945848437
0.24742192467652924
0.24741037950648115
0.24739895786983424
0.2473876585718915
0.24737648042804794
0.24736542226372393
0.24735448291429785
0.24734366122503137
0.24733295605100947
0.2473223662570634
0.24731189071770487
0.2473015283170673
0.24729127794882322
0.24728113851613254
0.24727110893156412
0.24726118811703557
0.24725137500374716
0.24724166853211038
0.24723206765169226
0.24722257132114278
0.24721317850812996
0.24720388818928152
0.24719469935011296
0.24718561098497271
0.24717662209696922
0.2471677316979154
0.2471589388082589
0.24715024245702777
0.24714164168176145
0.2471331355284514
0.24712472305147826
0.24711640331355433
0.24710817538565755
0.2471000383469747
0.24709199128484105
0.24708403329467343
0.24707616347992278
0.24706838095200456
0.24706068483024513
0.24705307424181766
0.24704554832169157
0.2470381062125666
0.24703074706481953
0.24702347003644787
0.2470162742930061
0.2470091590075566
0.2470021233606089
0.24699516654006282
0.24698828774115433
0.2469814861664007
0.2469747610255436
0.2469681115354917
0.24696153692027256
0.24695503641097327
0.2469486092456844
0.24694225466945496
0.24693597193422756
0.2469297602987931
0.24692361902873794
0.24691754739638716
0.24691154468075238
0.24690561016748414
0.24689974314881902
0.24689394292352318
0.24688820879684859
0.2468825400804766
0.24687693609247097
0.2468713961572261
0.24686591960541593
0.24686050577395002
0.24685515400591596
0.2468498636505373
0.24684463406312085
0.24683946460501038
0.24683435464353687
0.24682930355197386
0.24682431070948452
0.24681937550108046
0.24681449731757044
0.2468096755555137
0.24680490961717927
0.24680019891049232
0.24679554284899285
0.24679094085178932
0.24678639234351307
0.24678189675427353
0.24677745351961444
0.24677306208046568
0.24676872188310695
0.24676443237911416
0.24676019302532426
0.24675600328378788
0.2467518626217271
0.24674777051148944
0.2467437264305149
0.24673972986128334
0.24673578029127674
0.24673187721294043
0.24672802012363615
0.24672420852560617
0.24672044192592912
0.24671671983648047
0.24671304177389242
0.24670940725951374
0.24670581581937157
0.24670226698412856
0.24669876028904592
0.24669529527394474
0.24669187148316885
0.24668848846553948
0.24668514577432443
0.24668184296719886
0.24667857960620598
0.24667535525771844
0.2466721694924049
0.24666902188518858
0.2466659120152167
0.24666283946581824
0.2466598038244706
0.24665680468276363
0.2466538416363614
0.24665091428497343
