0.9861489143750402
0.9865008485261805
0.9855110468678523
0.9844167713314808
0.9832312656139695
0.9819322779448013
0.9805419918806598
0.9790569286144909
0.9774612316775676
0.975768134884881
0.9739566255428841
0.9720576271740192
0.9700283065954233
0.9678584270120989
0.9655416154457077
0.9631255172686642
0.9605612074120196
0.9579056713667129
0.9549779596266893
0.9519206950991068
0.9487401735294556
0.945461145279513
0.9420820451406214
0.9385876602361263
0.9349860129296526
0.9312774086452689
0.927411641339034
0.9233126870762806
0.918922641924827
0.9144007651045041
0.9096361206765138
0.9045327094417521
0.8993332051765769
0.8938533281564048
0.8882105643238851
0.8823327752219244
0.8762523434540872
0.8698465025406379
0.863250199173394
0.856452387808466
0.8494390708313622
0.842280090696462
0.8349434986545448
0.8271688735014322
0.8192710867075415
0.8105388103791137
0.8018043906024448
0.7928001193974332
0.7835067133659297
0.7740943292250048
0.7644688927602705
0.7548261947700999
0.744907376700122
0.7350077042021201
0.7249692425722297
0.7149463335738568
0.7045933435811393
0.694323024311809
0.6837652835748276
0.6731089053614099
0.6623704420546881
0.6516439804430765
0.6404716378681363
0.6294377721985107
0.6184096145629925
0.6068464608708972
0.5951403295722266
0.5838413593132906
0.5730056561036284
0.5620785350947886
0.551478882172039
0.5410107096563694
0.5304692122984442
0.5197494582841943
0.5087691780122308
0.49790650335190134
0.48711639951841434
0.47649945032855323
0.46611889012807317
0.4557361383750804
0.4451359521842022
0.43525672988728814
0.4254455221926845
0.415910055590492
0.40651098509031136
0.39750606518811626
0.38928839291820905
0.3818426515140565
0.374647186855978
0.3665903672407028
0.35930164044793067
0.35234410419707896
0.3459295323888103
0.339420359264031
0.333892708354406
0.3285669638111044
0.32411639146912197
0.3191511371532103
0.31534467144026446
0.3118540543134348
0.30832938875590354
0.30500511956479315
0.30203572242993315
0.2987040985962821
0.2960638318487899
0.2928040266405495
0.29003096382048443
0.28757224142276383
0.2845456598507379
0.282542595272816
0.28111882464850746
0.27991654848466085
0.27983135104542756
0.27821465161372505
0.2771510637644222
0.2767131060854361
0.2765389992373759
0.27685756817164087
0.2777893739788463
0.27705325462404984
0.2753616382889197
0.27350363529451005
0.2718658740481854
0.27101978281765693
0.2709275746121629
0.2711667927603648
0.2716038245178267
0.2718335791842743
0.27231085450354353
0.2728080226345082
0.2731999727175073
0.2738892767822838
0.2743421035702044
0.27438770160440995
0.27474551095789124
0.2757564251928134
0.2770552789325781
0.27725909780788505
0.2767853442818229
0.2762362684248454
0.27501446117944606
0.27471246893276846
0.27414491920023265
0.27443422236401993
0.27469561228232453
0.2756192389839772
0.27647686171549024
0.27739861706444546
0.2768649575587451
0.2770261534129911
0.2770384955390618
0.2770698026728723
0.27777833000664043
0.2776637267970048
0.2767074331670465
0.27614789237116
0.2759197059737789
0.27615048522372365
0.27605686458822276
0.2765860032621861
0.27695498893472337
0.2772830970962815
0.2774320062321467
0.2770440170599131
0.27757298853415624
0.27824171614824345
0.2799527032630581
0.2812358526552915
0.28185216564891613
0.2819904493744251
0.2817726835844897
0.28184569346446653
0.28185603689633787
0.28176850831054123
0.28131559377720117
0.2815657536046492
0.2827798314862384
0.28494762076002567
0.28454505111691164
0.283865202011202
0.28360589416856574
0.2835479199958276
0.2837849853178226
0.2837548943288868
0.28370481406078707
0.2839659817110397
0.2844519695954718
0.2847273877938312
0.28417166676470973
0.2839328708611878
0.2836083798068775
0.2823079559823142
0.2815287385848123
0.2812184234764801
0.2817258589176035
0.28147324182721745
0.28147647809731047
0.28106285861502833
0.2814019973926063
0.28197295169596537
