0.7920235268811651
0.759799786154297
0.7549983853121338
0.750116578743961
0.7451614686277742
0.7401380354882501
0.7350492108467424
0.7298968013757747
0.7246819997134923
0.71940565615361
0.714068430597744
0.708670882777354
0.7032135289558863
0.6976968794520997
0.6921214646410929
0.6864878537112042
0.6807966686658524
0.6750485950706264
0.6692443904784298
0.663384891128687
0.6574710173108376
0.651503777653401
0.6454842725172965
0.6394136966182256
0.6332933409672128
0.6271245941944852
0.6209089433056592
0.6146479739082151
0.6083433699387433
0.6019969129163956
0.595610480744613
0.5891860460809875
0.5827256742938101
0.5762315210230948
0.569705829363546
0.5631509266869916
0.5565692211219537
0.5499631977084847
0.5433354142468398
0.5366884968591592
0.5300251352839151
0.5233480779235331
0.5166601266662096
0.5099641315035779
0.5032629849664216
0.4965596164012095
0.4898569861106591
0.4831580793819591
0.47646590042659864
0.4697834662559671
0.46311380051704243
0.45645992731248575
0.4498248650293951
0.4432116202007471
0.4366231814232504
0.4300625133548771
0.42353255081477614
0.41703619300757555
0.41057629789328987
0.4041556767231077
0.3977770887603048
0.3914432362044016
0.3851567593354368
0.37892023189392354
0.372736156710643
0.3666069615989703
0.3605349955209254
0.3545225250365567
0.3485717310446783
0.34268470582138777
0.33686345036115406
0.33110987202366937
0.32542578248805853
0.31981289601450413
0.3142728280117879
0.30880709390784566
0.30341710831896895
0.29810418451202914
0.2928695341527915
0.28771426733226413
0.2826393928619657
0.27764581882799977
0.27273435339299024
0.26790570583414286
0.2631604878050755
0.2584992148084658
0.25392230786617775
0.2494300953731159
0.24502281512090363
0.24070061647723684
0.23646356270681723
0.23231163341972294
0.22824472713325383
0.22426266393345318
0.2203651882227904
0.21655197154082317
0.21282261544505154
0.20917665443959332
0.2056135589398559
0.20213273826181855
0.19873354362518503
0.19541527116017887
0.19217716490837677
0.18901841980860334
0.18593818465950473
0.18293556505104613
0.18000962625781358
0.17715939608758313
0.17438386767927005
0.17168200224490748
0.16905273175090685
0.16649496153441457
0.1640075728510787
0.1615894253510769
0.15923935948073364
0.15695619880751488
0.15473875226659783
0.1525858163276741
0.1504961770809614
0.14846861224179675
0.14650189307348427
0.1445947862283833
0.14274605550749442
0.14095446353905838
0.13921877337687183
0.13753775001929858
0.13591016185005256
0.13433478200207238
0.13281038964586944
0.13133577120393125
0.12990972149279667
0.12853104479458954
0.12719855585978157
0.12591108084310054
0.1246674581745143
0.12346653936723673
0.12230718976478261
0.12118828922907987
0.12010873277165679
0.1190674311299631
0.11806331129082193
0.11709531696305786
0.11616240900127817
0.11526356578281571
0.11439778353976804
0.11356407664808066
0.11276147787555313
0.11198903859065856
0.11124582893398316
0.11053093795407909
0.10984347370950054
0.10918256333870147
0.10854735309949126
0.10793700837966391
0.10735071368036264
0.10678767257375676
0.10624710763649103
0.1057282603603582
0.10523039104163512
0.10475277865039045
0.104294720681124
0.10385553298598593
0.10343454959182485
0.1030311225022178
0.10264462148568365
0.10227443385111634
0.10191996421154548
0.1015806342372293
0.10125588239906236
0.1009451637032237
0.10064794941799915
0.1003637267936055
0.10009199877586716
0.09983228371452713
0.09958411506694098
0.09934704109787429
0.09912062457609438
0.09890444246840158
0.0986980856317009
0.09850115850373442
0.09831327879298934
0.09813407716833433
0.09796319694886568
0.09780029379441968
0.09764503539719926
0.09749710117493071
0.09735618196591245
0.09722197972632907
0.09709420723016138
0.09697258777199502
0.09685685487302431
0.09674675199050131
0.09664203223088474
0.0965424580668982
0.09644780105872153
0.09635784157946226
0.09627236854510446
0.09619117914907538
0.09611407860153964
0.0960408798735638
0.09597140344623034
0.09590547706479491
0.0958429354979572
0.09578362030230325
0.09572737959195132
0.09567406781347643
0.09562354552606933
0.09557567918701215
0.09553034094242363
0.09548740842329628
0.09544676454678669
0.09540829732276379
0.09537189966555193
0.09533746921086228
0.09530490813784509
0.09527412299622018
0.09524502453843697
0.0952175275567918
0.09519155072544272
0.09516701644725423
0.09514385070538756
0.0951219829195793
0.09510134580700091
0.09508187524765221
0.09506351015416425
0.09504619234594802
0.09502986642760824
0.09501447967150067
0.09499998190437331
0.09498632539797336
0.09497346476355384
0.09496135685015261
0.09494996064658245
0.09493923718701158
0.09492914946006115
0.09491966232131299
0.09491074240913111
0.09490235806372349
0.09489447924932926
0.09488707747945069
0.09488012574504456
0.09487359844556931
0.09486747132281359
0.09486172139741544
0.09485632690797141
0.09485126725268944
0.09484652293344753
0.09484207550223378
0.09483790750984156
0.09483400245677787
0.09483034474627416
0.09482691963936374
0.09482371321191085
0.09482071231355682
0.09481790452848504
0.09481527813795976
0.0948128220845551
0.0948105259380122
0.09480837986268431
0.09480637458646946
0.094804501371203
0.09480275198444355
0.094801118672589
0.09479959413528238
0.09479817150103509
0.094796844304045
0.09479560646212593
0.09479445225574212
0.09479337630804319
0.09479237356593728
0.09479143928206435
0.09479056899771399
0.0947897585265931
0.09478900393941492
0.09478830154930407
0.09478764789792804
0.09478703974237268
0.0947864740426857
0.09478594795009954
0.09478545879585631
0.09478500408064117
0.09478458146458146
0.09478418875778705
0.09478382391139817
0.09478348500913236
0.0947831702592884
0.09478287798719875
0.09478260662809801
0.09478235472039398
0.0947821208993137
0.09478190389091845
0.09478170250644569
0.09478151563698889
0.09478134224847867
0.09478118137695324
0.09478103212411126
0.09478089365311415
0.09478076518465028
0.09478064599322478
0.09478053540366893
0.09478043278786519
0.09478033756166404
0.09478024918199601
0.09478016714414661
0.09478009097922013
0.09478002025173071
0.09477995455737387
0.09477989352091087
0.09477983679420776
0.09477978405438081
0.09477973500206593
0.0947796893598084
0.09477964687053675
0.09477960729615154
0.09477957041619545
0.09477953602662137
0.09477950393862411
0.09477947397756692
0.09477944598197041
0.09477941980256432
0.09477939530141732
0.09477937235110867
0.09477935083396938
0.09477933064136712
0.09477931167304388
0.09477929383649553
0.09477927704640055
0.0947792612240832
0.09477924629701695
0.09477923219835749
0.09477921886651952
0.09477920624477043
0.09477919428086912
0.09477918292671017
0.09477917213801657
0.09477916187403279
0.09477915209725873
0.09477914277319022
0.09477913387008863
0.0947791253587571
0.09477911721234367
0.0947791094061522
0.09477910191747141
0.0947790947254149
0.09477908781077116
0.09477908115587408
0.09477907474447278
0.09477906856161666
0.0947790625935464
0.09477905682760213
0.09477905125212838
0.09477904585639096
0.09477904063049813
0.09477903556533607
0.09477903065249837
0.0947790258842266
0.09477902125336168
0.09477901675328526
0.09477901237787867
0.09477900812147944
0.09477900397884076
0.0947789999451003
0.09477899601574169
0.09477899218656871
0.09477898845367527
0.09477898481342661
0.09477898126242623
0.09477897779750377
0.09477897441569183
0.09477897111420985
0.09477896789044671
0.09477896474194913
0.09477896166640642
0.09477895866163666
0.0947789557255786
0.0947789528562839
0.09477895005189974
0.09477894731067016
0.09477894463092174
0.0947789420110583
0.09477893944955884
0.09477893694496586
0.09477893449588404
0.09477893210097355
0.09477892975894742
0.09477892746856809
0.09477892522863873
0.09477892303800994
0.09477892089556617
0.09477891880023204
0.09477891675096262
0.0947789147467466
0.09477891278660111
0.09477891086957346
0.09477890899473473
0.09477890716118276
0.0947789053680369
0.09477890361444208
0.09477890189955984
0.09477890022257573
0.09477889858269506
0.09477889697913777
0.0947788954111437
0.09477889387797112
0.09477889237889325
0.09477889091319758
0.09477888948018853
0.09477888807918655
0.09477888670952195
0.09477888537054258
0.09477888406161084
0.09477888278209778
0.09477888153138869
0.09477888030888237
0.09477887911398974
0.09477887794613205
0.09477887680474195
0.0947788756892648
0.09477887459915557
0.09477887353388059
0.09477887249291561
0.09477887147574815
0.09477887048187472
0.09477886951080239
0.0947788685620462
0.09477886763513321
0.09477886672959734
0.09477886584498307
0.0947788649808432
0.09477886413673986
0.09477886331224272
0.09477886250692913
0.09477886172038907
0.09477886095221633
0.09477886020201165
0.09477885946938969
0.09477885875396608
0.09477885805536868
0.09477885737323077
0.09477885670719177
0.09477885605690195
0.09477885542201403
0.09477885480219184
0.0947788541971023
0.09477885360642146
0.09477885302983113
0.09477885246701911
0.09477885191768198
0.0947788513815172
0.09477885085823379
0.09477885034754385
0.09477884984916518
0.09477884936282477
0.09477884888824883
0.09477884842517581
0.09477884797334613
0.09477884753250454
0.09477884710240392
0.09477884668280134
0.09477884627345634
0.09477884587413765
0.09477884548461601
0.09477884510466816
0.09477884473407394
0.09477884437261952
0.09477884402009584
0.09477884367629541
0.0947788433410196
0.09477884301406869
0.09477884269525161
0.09477884238437939
0.0947788420812673
0.09477884178573459
0.09477884149760474
0.0947788412167041
0.0947788409428636
0.09477884067591769
0.09477884041570361
0.09477884016206362
0.09477883991484226
0.09477883967388756
0.09477883943905085
0.09477883921018648
0.09477883898715334
0.09477883876981219
0.09477883855802727
0.09477883835166534
0.09477883815059573
0.094778837954692
0.09477883776382934
0.09477883757788774
0.09477883739674642
0.09477883722029079
0.09477883704840695
0.0947788368809821
0.09477883671790976
0.09477883655908392
0.09477883640439888
0.09477883625375505
0.09477883610705151
0.09477883596419445
0.09477883582508673
0.0947788356896363
0.09477883555775302
0.09477883542934895
0.09477883530433762
0.0947788351826343
0.09477883506415763
0.094778834948826
0.0947788348365628
0.09477883472728832
0.0947788346209304
0.09477883451741365
0.09477883441666812
0.09477883431862377
0.0947788342232112
0.09477883413036514
0.09477883404001985
0.09477883395211217
0.09477883386658092
0.09477883378336394
0.09477883370240237
0.09477883362364004
0.09477883354701888
0.09477883347248539
0.09477883339998527
0.09477883332946435
0.09477883326087566
0.09477883319416625
0.09477883312928748
0.09477883306619272
0.0947788330048357
0.09477883294517186
0.0947788328871555
0.09477883283074406
0.09477883277589638
0.09477883272257082
0.09477883267072562
0.09477883262032627
0.09477883257133168
0.09477883252370456
0.09477883247740992
0.09477883243241203
0.09477883238867602
0.09477883234616913
0.09477883230485828
0.09477883226471195
0.09477883222569938
0.09477883218778826
0.09477883215095118
0.09477883211515892
0.09477883208038318
0.09477883204659587
0.09477883201377102
0.0947788319818832
0.09477883195090675
0.09477883192081527
0.09477883189158653
0.09477883186319713
0.09477883183562374
0.09477883180884383
0.09477883178283608
0.09477883175757895
0.09477883173305202
0.09477883170923695
0.09477883168611001
0.09477883166365642
0.0947788316418553
0.09477883162069034
0.09477883160014156
0.09477883158019307
0.09477883156082967
0.09477883154203282
0.09477883152378663
0.09477883150607802
0.09477883148889099
0.09477883147220967
0.0947788314560215
0.09477883144031096
0.09477883142506605
0.09477883141027343
0.09477883139592025
0.09477883138199206
0.09477883136848098
0.09477883135537057
0.09477883134265441
0.0947788313303164
0.09477883131834952
0.0947788313067407
0.09477883129547948
0.09477883128455866
0.09477883127396591
0.0947788312636938
0.09477883125373143
0.09477883124407027
0.09477883123470265
0.09477883122561837
0.09477883121681063
0.09477883120827046
0.09477883119999131
0.0947788311919654
0.09477883118418318
0.09477883117663899
0.09477883116932662
0.09477883116223973
0.09477883115536956
0.09477883114871144
0.09477883114225782
0.09477883113600305
0.09477883112994256
0.09477883112406937
0.0947788311183787
0.09477883111286456
0.09477883110752083
0.09477883110234464
0.09477883109732943
0.09477883109246987
0.09477883108776286
0.09477883108320351
0.09477883107878693
0.09477883107450946
0.09477883107036555
0.09477883106635243
0.0947788310624662
0.09477883105870266
0.09477883105505736
0.09477883105152729
0.09477883104810969
0.09477883104480034
0.09477883104159679
0.09477883103849527
0.09477883103549178
0.09477883103258389
0.0947788310297697
0.09477883102704487
0.09477883102440832
0.09477883102185658
0.09477883101938656
0.09477883101699491
0.09477883101468165
0.09477883101244278
0.09477883101027507
0.09477883100817941
0.0947788310061507
0.09477883100418716
0.0947788310022889
0.09477883100045137
0.09477883099867357
0.09477883099695383
0.09477883099529072
0.09477883099368212
0.09477883099212647
0.09477883099062157
0.09477883098916517
0.09477883098775719
0.09477883098639595
0.09477883098507889
0.09477883098380568
0.09477883098257467
0.09477883098138484
0.09477883098023454
0.09477883097912165
0.09477883097804629
0.09477883097700712
0.09477883097600148
0.09477883097502993
0.09477883097409079
0.09477883097318296
0.09477883097230577
0.09477883097145812
0.09477883097063888
0.0947788309698473
0.0947788309690818
0.09477883096834328
0.09477883096762874
0.09477883096693862
0.0947788309662716
0.09477883096562767
0.09477883096500583
0.0947788309644042
0.09477883096382411
0.094778830963263
0.09477883096272122
0.09477883096219808
0.09477883096169293
0.09477883096120487
0.09477883096073347
0.09477883096027873
0.0947788309598393
0.0947788309594152
0.0947788309590063
0.0947788309586105
0.09477883095822903
0.0947788309578601
0.09477883095750406
0.09477883095716189
0.09477883095682971
0.0947788309565093
0.09477883095620143
0.094778830955903
0.09477883095561568
0.09477883095533812
0.09477883095507045
0.09477883095481188
0.09477883095456263
0.09477883095432216
0.09477883095409023
0.09477883095386597
0.09477883095365058
0.09477883095344242
0.09477883095324124
0.09477883095304762
0.0947788309528611
0.09477883095268058
0.09477883095250661
0.09477883095233886
0.0947788309521771
0.09477883095202067
0.09477883095187023
0.09477883095172601
0.09477883095158524
0.09477883095145101
0.09477883095132145
0.09477883095119655
0.09477883095107575
0.09477883095095929
0.09477883095084694
0.09477883095073869
0.09477883095063477
0.09477883095053452
0.09477883095043727
0.09477883095034378
0.09477883095025474
0.09477883095016804
0.09477883095008455
0.09477883095000417
0.09477883094992745
0.09477883094985273
0.09477883094978068
0.09477883094971185
0.09477883094964523
0.09477883094958062
0.09477883094951933
0.09477883094945938
0.09477883094940243
0.09477883094934658
0.09477883094929351
0.09477883094924211
0.09477883094919326
0.0947788309491453
0.09477883094909967
0.09477883094905604
0.09477883094901352
0.09477883094897255
0.09477883094893347
0.09477883094889605
0.09477883094885964
0.09477883094882456
0.09477883094879103
0.09477883094875805
0.09477883094872741
0.0947788309486971
0.09477883094866879
0.09477883094864037
0.09477883094861406
0.09477883094858841
0.09477883094856354
0.0947788309485399
0.09477883094851702
0.09477883094849548
0.09477883094847395
0.09477883094845352
0.09477883094843387
0.09477883094841522
0.09477883094839712
0.09477883094837958
0.09477883094836292
0.09477883094834672
0.09477883094833073
0.09477883094831618
0.09477883094830197
0.09477883094828876
0.09477883094827544
0.09477883094826256
0.09477883094825046
0.0947788309482388
0.09477883094822737
0.09477883094821637
0.09477883094820605
0.09477883094819617
0.09477883094818662
0.09477883094817718
