0.9852045473300048
0.985623486646524
0.9845529389678976
0.983356883770654
0.9820508597538319
0.9806393699899741
0.9791244104824558
0.9775178572098717
0.9758111187007319
0.9739596256009934
0.9720034038259088
0.9699257789743484
0.9677215121510389
0.9653500051771065
0.9628002612369284
0.960088186069809
0.9572758064820329
0.9542685163490041
0.9510644109319599
0.9476842839411006
0.9441680297971167
0.9405362651615667
0.9367710912661733
0.9328802930917305
0.9288668521713317
0.9247384126566462
0.9204417881914646
0.9160102879773154
0.9111628109534
0.906127265274669
0.9008233238716337
0.8953085402752281
0.8895179040923359
0.8833997501370321
0.8771143445229962
0.8705926081376539
0.8637264423890019
0.8565896595790421
0.8492035310219734
0.8417653947330069
0.8341499946910579
0.8262720143020796
0.817968745238205
0.809468067148488
0.8006049199241005
0.7916740638238595
0.7821315861211114
0.7721230247370945
0.7616279238433666
0.7510452740463456
0.7401965467466451
0.7292446295354384
0.7181010809818549
0.7070021176539599
0.6958982964672296
0.684799578971433
0.6737310801120584
0.662747973085344
0.6510045303688713
0.6390912939464436
0.6270038496950809
0.6152257629011789
0.6030729043786222
0.5917523173569343
0.5786267880735778
0.5660101067732926
0.5537977176490039
0.5421259934111826
0.530663405402459
0.5189395170723882
0.5070954679994335
0.49562669564496287
0.4841908979004894
0.47192662141156205
0.46008792878927907
0.44784364157353385
0.4359528803585643
0.42460869097293663
0.41319355164308436
0.4021655280591032
0.3909549380328531
0.38022746475155633
0.3707701128718329
0.3611341115907273
0.35093528144854225
0.3402435657226137
0.3302853134331123
0.3209182768084551
0.3120883353339535
0.3038117363000903
0.2959657876732935
0.28919009311536525
0.28304046975038877
0.2781257039886158
0.2705596456946975
0.26356738173741534
0.257344477226232
0.2519598183302465
0.2461950051503895
0.2411169606781859
0.2364376864669343
0.23267869700327637
0.22918876767596685
0.22602495346101492
0.22228345173722563
0.2184163823586125
0.21520932438915652
0.21278272826903555
0.21088344705463102
0.2084781308653586
0.20672427802872384
0.20457664847274037
0.2023163625314487
0.20013707697855132
0.1985568585478079
0.1979076457357526
0.19769828224632913
0.197731370421792
0.19715468879392617
0.19722646550914802
0.19602527349148302
0.19470213944779213
0.1937453662657449
0.19326419123904204
0.19230997249436876
0.19259448479401475
0.19198053273175308
0.192088677606445
0.19153593553321313
0.1920227485678666
0.19318341228646674
0.19356882292194133
0.19387652242053355
0.19425081753753537
0.194035488577058
0.1936383925947066
0.19359531585823075
0.1935040445499826
0.1928003294667059
0.19313686843344136
0.19406728234658843
0.1948410913744053
0.1955892348270326
0.19600139951384254
0.1960917710994864
0.19546650912143515
0.19532208276876772
0.1948773766798354
0.19376536664481347
0.19344704413833946
0.19323268193235166
0.1927894869050497
0.19290352590756787
0.19300788680511516
0.19374162214342694
0.19437959839758223
0.1946167144233204
0.19514126807416587
0.19557181536080415
0.19593021543396083
0.1967594869269339
0.1988401929956144
0.1978957267249749
0.19807075143653274
0.19834966074893878
0.1966717368405435
0.1953424230810843
0.1949725593451993
0.19458680557855856
0.19491557387147151
0.19518619036676121
0.19538820000621937
0.19521103349048896
0.19485812109481093
0.19506201404561174
0.19548910557035892
0.19624428345997103
0.19718717149806797
0.1984251622755293
0.19946229515213498
0.19908946820935414
0.1988235144100977
0.19912728092458876
0.19990309680992102
0.20102585870909973
0.2021038543533169
0.20393984142732224
0.2029815570689424
0.20309950380185737
0.20432409606026203
0.20502482951811762
0.20554594528202497
0.2068247267681278
0.20745668154229835
0.2088690601053026
0.20899526473773122
0.2096746261414737
0.2110379791548037
0.21038337469767
0.20991974663496127
