0.8048679916696743
0.7402003233731204
0.7391704657243408
0.7381361155062276
0.7370980663682789
0.7360567601023826
0.7350124375927807
0.733965235610574
0.7329152335573741
0.7318624771502873
0.7308069912844548
0.7297487874726662
0.7286878683868412
0.7276242307603473
0.7265578673166966
0.7254887680948545
0.7244169213864365
0.7233423144148601
0.7222649338377523
0.7211847661249766
0.720101797846934
0.7190160158966362
0.7179274076618679
0.7168359611590038
0.7157416651368562
0.7146445091567333
0.71354448365337
0.7124415799802932
0.7113357904424136
0.7102271083180576
0.7091155278722213
0.708001044362518
0.706883654039026
0.7057633541390584
0.7046401428777225
0.7035140194350031
0.702384983940006
0.7012530374529125
0.7001181819451168
0.6989804202779601
0.697839756180421
0.696696194226069
0.6955497398095505
0.6944003991228381
0.6932481791314407
0.6920930875507445
0.6909351328226209
0.6897743240924277
0.6886106711864969
0.6874441845901889
0.6862748754265766
0.6851027554358105
0.6839278369551935
0.6827501329000019
0.6815696567450564
0.6803864225070579
0.6792004447276834
0.6780117384574402
0.6768203192402628
0.6756262030988383
0.674429406520644
0.6732299464446722
0.6720278402488193
0.6708231057379137
0.6696157611323565
0.6684058250573444
0.6671933165326498
0.6659782549629312
0.6647606601285381
0.6635405521767921
0.6623179516137101
0.6610928792961457
0.6598653564243213
0.6586354045347287
0.6574030454933655
0.6561683014893003
0.654931195028521
0.6536917489280698
0.6524499863104232
0.651205930598111
0.6499596055085521
0.6487110350490883
0.6474602435121972
0.6462072554708806
0.6449520957741948
0.6436947895429308
0.64243536216541
0.6411738392934028
0.6399102468381437
0.6386446109664428
0.6373769580968784
0.6361073148960623
0.6348357082749718
0.6335621653853398
0.6322867136160908
0.6310093805898247
0.6297301941593365
0.6284491824041665
0.6271663736271746
0.6258817963511429
0.6245954793153845
0.623307451472376
0.6220177419843904
0.6207263802201397
0.6194333957514184
0.6181388183497476
0.6168426779830138
0.6155450048121043
0.6142458291875343
0.6129451816460643
0.6116430929073065
0.6103395938703182
0.6090347156101825
0.6077284893745707
0.6064209465802926
0.6051121188098261
0.6038020378078306
0.6024907354776428
0.6011782438777495
0.599864595218248
0.5985498218572773
0.5972339562974378
0.5959170311821873
0.5945990792922158
0.5932801335418008
0.591960226975146
0.5906393927626914
0.5893176641974163
0.5879950746911087
0.5866716577706275
0.5853474470741391
0.5840224763473361
0.5826967794396425
0.5813703903003926
0.5800433429750071
0.5787156716011346
0.5773874104047947
0.5760585936964937
0.5747292558673327
0.5733994313850963
0.5720691547903367
0.5707384606924333
0.5694073837656526
0.5680759587451887
0.5667442204231978
0.5654122036448246
0.5640799433042127
0.562747474340517
0.5614148317339027
0.5600820505015429
0.5587491656936046
0.5574162123892359
0.5560832256925501
0.5547502407286036
0.5534172926393732
0.552084416579735
0.5507516477134407
0.5494190212090995
0.5480865722361521
0.546754335960862
0.5454223475422968
0.5440906421283236
0.5427592548516065
0.5414282208256094
0.5400975751406099
0.5387673528597203
0.537437589014913
0.5361083186030677
0.5347795765820165
0.5334513978666091
0.532123817324792
0.5307968697736958
0.5294705899757408
0.5281450126347607
0.5268201723921357
0.5254961038229515
0.5241728414321702
0.5228504196508261
0.5215288728322351
0.52020823524823
0.5188885410854154
0.5175698244414488
0.5162521193213381
0.5149354596337705
0.5136198791874633
0.5123054116875381
0.5109920907319305
0.509679949807814
0.5083690222880661
0.5070593414277513
0.5057509403606435
0.5044438520957721
0.5031381095140028
0.5018337453646495
0.5005307922621172
0.49922928268258315
0.4979292489607027
0.4966307232863616
0.4953337377014537
0.49403832409670023
0.49274451420850074
0.49145233961582646
0.49016183173714956
0.48887302182740633
0.48758594097500596
0.4863006200988762
0.48501708994554205
0.4837353810862589
0.48245552391417224
0.48117754864152906
0.4799014852969238
0.4786273637225913
0.4773552135717395
0.4760850643059301
0.4748169451924936
0.4735508853019975
0.47228691350575347
0.4710250584733713
0.46976534867035535
0.46850781235575156
0.4672524775798296
0.4659993721818241
0.4647485237877117
0.46349995980803904
0.4622537074357974
0.4610097936443399
0.45976824518535053
0.4585290885868598
0.4572923501513054
0.45605805595364024
0.45482623183949
0.45359690342335834
0.4523700960868803
0.4511458349771199
0.4499241450049194
0.44870505084329604
0.4474885769258873
0.4462747474454424
0.445063586352363
0.44385511735329386
0.44264936390975473
0.44144634923683335
0.4402460963019117
0.4390486278234492
0.43785396626981454
0.43666213385815833
0.4354731525533375
0.43428704406689356
0.4331038298560632
0.43192353112285164
0.4307461688131443
0.4295717636158688
0.42840033596219784
0.4272319060248113
0.4260664937171914
0.4249041186929706
0.42374480034532525
0.42258855780641313
0.4214354099468568
0.4202853753752741
0.4191384724378503
0.4179947192179575
0.4168541335358157
0.41571673294820377
0.41458253474820195
0.41345155596499183
0.4123238133636916
0.411199323445233
0.4100781024462843
0.4089601663392112
0.40784553083208575
0.4067342113687278
0.4056262231287936
0.4045215810279027
0.4034202997178026
0.4023223935865756
0.4012278767588878
0.4001367630962672
0.39904906619742886
0.39796479939863183
0.39688397577408063
0.39580660813635615
0.39473270903688495
0.3936622907664461
0.3925953653557155
0.3915319445758385
0.39047203993903834
0.38941566269926986
0.38836282385289067
0.38731353413937264
0.3862678040420481
0.38522564378888613
0.38418706335329555
0.38315207245496696
0.382120680560741
0.38109289688550296
0.3800687303931163
0.3790481897973751
0.37803128356299187
0.3770180199066101
0.3760084067978413
0.375002451960338
0.3740001628728836
0.3730015467705089
0.37200661064564555
0.37101536124928325
0.37002780509217403
0.3690439484460418
0.36806379734482586
0.3670873575859427
0.3661146347315699
0.36514563410995327
0.36418036081673544
0.36321881971630166
0.36226101544314515
0.3613069524032625
0.3603566347755497
0.35941006651323526
0.35846725134531643
0.35752819277802306
0.3565928940962907
0.3556613583652587
0.3547335884317737
0.3538095869259176
0.3528893562625469
0.35197289864284254
0.3510602160558811
0.3501513102802143
0.3492461828854644
0.3483448352339248
0.3474472684821862
0.3465534835827596
0.34566348128572066
0.3447772621403583
0.34389482649683956
0.3430161745078746
0.34214130613040095
0.341270221127272
0.34040291906895237
0.3395393993352225
0.3386796611168915
0.33782370341751744
0.3369715250551292
0.33612312466396144
0.3352785006961889
0.3344376514236741
0.3336005749397094
0.3327672691607684
0.3319377318282686
0.33111196051032377
0.3302899526035098
0.329471705334632
0.32865721576248774
0.32784648077964473
0.3270394971142062
0.3262362613315878
0.3254367698362918
0.3246410188736847
0.3238490045317658
0.3230607227429507
0.3222761692858427
0.32149533978701006
0.320718229722755
0.3199448344208906
0.31917514906251243
0.3184091686837647
0.31764688817760656
0.31688830229557885
0.31613340564956616
0.3153821927135517
0.31463465782537714
0.31389079518848895
0.31315059887368957
0.3124140628208839
0.31168118084080865
0.3109519466167767
0.3102263537064024
0.30950439554332376
0.3087860654389277
0.3080713565840557
0.3073602620507191
0.30665277479379505
0.3059488876527242
0.3052485933531979
0.30455188450884274
0.3038587536228933
0.30316919308986234
0.3024831951972008
0.3018007521269491
0.3011218559573865
0.3004464986646701
0.2997746721244602
0.29910636811354185
0.2984415783114467
0.297780294302051
0.2971225075751698
0.2964682095281562
0.2958173914674668
0.2951700446102441
0.2945261600858665
0.2938857289375084
0.29324874212367613
0.2926151905197454
0.2919850649194826
0.2913583560365588
0.29073505450604964
0.29011515088593665
0.2894986356585819
0.2888854992322073
0.28827573194235834
0.28766932405335277
0.2870662657597247
0.28646654718766307
0.2858701583964205
0.2852770893797386
0.2846873300672348
0.2841008703258051
0.2835176999609931
0.28293780871836327
0.28236118628485396
0.2817878222901289
0.281217706307909
0.28065082785729656
0.2800871764040922
0.27952674136209055
0.27896951209437626
0.2784154779146051
0.2778646280882664
0.27731695183394744
0.27677243832457343
0.276231076688649
0.27569285601147664
0.27515776533637215
0.2746257936658675
0.2740969299628938
0.27357116315196894
0.2730484821203598
0.27252887571923956
0.2720123327648324
0.2714988420395471
0.2709883922931021
0.2704809722436331
0.2699765705787933
0.2694751759568459
0.2689767770077348
0.2684813623341613
0.26798892051262646
0.2674994400944847
0.26701290960697477
0.2665293175542397
0.26604865241833864
0.26557090266024586
0.2650960567208397
0.2646241030218843
0.2641550299669898
0.2636888259425726
0.26322547931879925
0.26276497845052127
0.26230731167819943
0.26185246732881673
0.26140043371677557
0.2609511991447975
0.2605047519047984
0.26006108027876085
0.2596201725395927
0.2591820169519802
0.2587466017732232
0.25831391525406444
0.25788394563950945
0.25745668116963494
0.2570321100803873
0.25661022060436434
0.2561910009716052
0.25577443941034694
0.2553605241477871
0.25494924341083347
0.2545405854268411
0.25413453842433587
0.253731090633743
0.2533302302880869
0.2529319456236968
0.25253622488089367
0.25214305630467193
0.25175242814537013
0.25136432865933644
0.25097874610957416
0.2505956687663907
0.25021508490803057
0.2498369828213024
0.24946135080219067
0.24908817715646903
0.24871745020029323
0.24834915826079484
0.2479832896766595
0.24761983279870126
0.24725877599042878
0.24690010762859405
0.24654381610374543
0.24618988982076184
0.24583831719938776
0.24548908667475178
0.2451421866978768
0.2447976057361968
0.24445533227404448
0.2441153548131455
0.2437776618730968
0.24344224199184683
0.24310908372615814
0.2427781756520616
0.24244950636531903
0.2421230644818545
0.24179883863819918
0.2414768174919154
0.2411569897220195
0.240839344029395
0.24052386913720147
0.24021055379127443
0.23989938676051425
0.23959035683727814
0.23928345283774932
0.23897866360232445
0.2386759779959614
0.23837538490855092
0.23807687325526405
0.23778043197689447
0.2374860500402024
0.2371937164382455
0.23690342019070076
0.23661515034419323
0.23632889597259965
0.2360446461773621
0.23576239008778688
0.23548211686134024
0.23520381568393978
0.23492747577023232
0.23465308636387538
0.23438063673780973
0.23411011619452082
0.23384151406630505
0.23357481971552152
0.23331002253483524
0.2330471119474754
0.23278607740745494
0.23252690839982282
0.23226959444087514
0.23201412507838726
0.23176048989182962
0.23150867849257495
0.23125868052411247
0.23101048566224225
0.230764083615281
0.2305194641242464
0.23027661696304913
0.23003553193867388
0.2297961988913575
0.22955860769476388
0.2293227482561493
0.2290886105165293
0.22885618445083777
0.2286254600680807
0.22839642741149146
0.2281690765586709
0.227943397621733
0.2277193807474468
0.22749701611736273
0.22727629394794613
0.22705720449070288
0.22683973803230206
0.22662388489469443
0.22640963543521941
0.22619698004672306
0.22598590915766315
0.22577641323220632
0.22556848277033092
0.22536210830792214
0.22515728041686078
0.22495398970511504
0.22475222681681883
0.2245519824323584
0.22435324726844819
0.22415601207820102
0.22396026765120436
0.22376600481358266
0.223573214428065
0.22338188739404485
0.22319201464763727
0.2230035871617294
0.2228165959460432
0.22263103204717183
0.2224468865486301
0.222264150570899
0.2220828152714609
0.2219028718448396
0.22172431152263083
0.22154712557353573
0.221371305303388
0.22119684205518253
0.22102372720909214
0.22085195218249043
0.22068150842997447
0.22051238744336776
0.22034458075174734
0.2201780799214429
0.22001287655604695
0.21984896229642115
0.21968632882070083
0.2195249678442902
0.21936487111986036
0.21920603043735476
0.21904843762396764
0.2188920845441461
0.2187369630995747
0.21858306522916637
0.21843038290903893
0.21827890815250706
0.21812863301005303
0.21797954956931542
0.21783164995505933
0.21768492632915015
0.21753937089052988
0.21739497587518797
0.21725173355612226
0.21710963624331592
0.21696867628369665
0.2168288460611031
0.2166901379962437
0.21655254454665618
0.21641605820666665
0.21628067150734986
0.2161463770164761
0.21601316733846998
0.21588103511435897
0.21574997302172594
0.21561997377465525
0.21549103012367798
0.21536313485572212
0.21523628079405344
0.21511046079821738
0.21498566776397832
0.2148618946232621
0.2147391343440973
0.21461737993054253
0.21449662442262918
0.2143768608962927
0.21425808246330724
0.21414028227121396
0.21402345350325647
0.21390758937830423
0.21379268315078104
0.21367872811059685
0.2135657175830704
0.21345364492884888
0.213342503543838
0.21323228685911966
0.2131229883408764
0.21301460149030638
0.21290711984355204
0.21280053697160184
0.2126948464802233
0.2125900420098733
0.2124861172356044
0.21238306586699462
0.21228088164804726
0.21217955835710856
0.21207908980678225
0.21197946984383131
0.2118806923490929
0.21178275123738988
0.2116856404574321
0.21158935399172563
0.211493885856484
0.21139923010152428
0.2113053808101819
0.21121233209920431
0.2111200781186665
0.2110286130518616
0.21093793111520853
0.21084802655815305
0.21075889366306788
0.21067052674515196
0.2105829201523295
0.21049606826514922
0.21040996549668367
0.2103246062924241
0.21023998513017528
0.2101560965199586
0.210072935003902
0.20999049515613732
0.20990877158269472
0.20982775892139705
0.20974745184175025
0.20966784504484393
0.20958893326323313
0.20951071126084253
0.20943317383284976
0.20935631580557879
0.2092801320363925
0.20920461741358176
0.20912976685625406
0.2090555753142288
0.20898203776791735
0.208909149228222
0.20883690473641758
0.20876529936404242
0.20869432821278344
0.20862398641437163
0.2085542691304596
0.2084851715525149
0.20841668890170073
0.2083488164287718
0.20828154941395083
0.20821488316682146
0.2081488130262078
0.2080833343600662
0.2080184425653656
0.2079541330679745
0.20789040132254633
0.20782724281239995
0.20776465304941116
0.2077026275738899
0.20764116195446947
0.20758025178798445
0.20751989269936422
0.20746008034150376
0.20740081039515756
0.20734207856881826
0.20728388059859848
0.20722621224812043
0.20716906930838774
0.20711244759768255
0.20705634296143327
0.20700075127211115
0.206945668429101
0.20689109035859155
0.20683701301345614
0.20678343237313312
0.20673034444351035
0.20667774525680438
0.20662563087144992
0.20657399737197257
0.20652284086888084
0.20647215749853964
0.2064219434230563
0.20637219483016656
0.20632290793311026
0.20627407897051941
0.20622570420629394
0.20617777992949315
0.20613030245421005
0.20608326811945643
0.20603667328904873
0.2059905143514854
0.2059447877198316
0.20589948983160367
0.2058546171486496
0.20581016615703474
0.2057661333669185
0.20572251531244767
0.2056793085516292
0.20563650966621827
0.20559411526160298
0.20555212196668604
0.20551052643376855
0.20546932533843176
0.20542851537942608
0.2053880932785498
0.20534805578053472
0.20530839965293446
0.20526912168600153
0.20523021869257807
0.20519168750797823
0.2051535249898725
0.20511572801817612
0.2050782934949288
0.20504121834418465
0.20500449951189603
0.2049681339657995
0.20493211869530314
0.20489645071137197
0.20486112704641046
0.2048261447541576
0.2047915009095641
0.20475719260869008
0.20472321696857987
0.20468957112715847
0.20465625224311956
0.20462325749580668
0.20459058408510689
0.20455822923133715
0.2045261901751344
0.20449446417734218
0.20446304851890063
0.20443194050073676
0.20440113744365362
0.2043706366882193
0.20434043559465653
0.20431053154273826
0.20428092193166847
0.20425160417998256
0.20422257572543379
0.20419383402488733
0.2041653765542062
0.20413720080815168
0.2041093043002703
0.20408168456278497
0.20405433914649285
0.20402726562065643
0.20400046157289353
0.2039739246090786
0.20394765235322632
0.20392164244739686
0.20389589255158336
0.20387040034360882
0.20384516351902138
0.20382017979099143
0.203795446890204
0.20377096256475935
0.2037467245800656
0.2037227307187347
0.20369897878048837
0.20367546658204227
0.20365219195701678
0.20362915275582327
0.20360634684557188
0.2035837721099667
0.20356142644920405
0.20353930777987206
0.20351741403485135
0.20349574316321772
0.2034742931301361
0.20345306191676737
0.2034320475201663
0.20341124795318433
0.20339066124437144
0.20337028543787694
0.20335011859335594
0.2033301587858647
0.20331040410577073
0.20329085265865654
0.2032715025652192
0.20325235196117497
0.20323339899716641
0.20321464183866988
0.20319607866589307
0.2031777076736888
0.20315952707145524
0.20314153508304578
0.20312372994667538
0.20310610991482625
0.20308867325415703
0.20307141824540975
0.2030543431833166
0.203037446376516
0.20302072614744804
0.2030041808322799
0.20298780878080025
0.2029716083563443
0.2029555779356893
0.20293971590897808
0.20292402067962334
0.2029084906642199
0.2028931242924582
0.2028779200070413
0.20286287626358535
0.2028479915305429
0.20283326428911475
0.2028186930331617
0.20280427626911957
0.20279001251591522
0.20277590030488024
0.20276193817966448
0.20274812469615566
0.20273445842239413
0.2027209379384881
0.20270756183653227
0.20269432872052295
0.20268123720627906
0.20266828592135833
0.20265547350497382
0.2026427986079158
0.20263025989247196
0.20261785603234006
0.2026055857125586
0.20259344762941678
0.20258144049038107
0.2025695630140173
0.20255781392990657
0.2025461919785725
0.20253469591140172
0.20252332449056298
0.20251207648894043
0.2025009506900436
0.20248994588793934
0.20247906088717615
0.2024682945027042
0.20245764555980816
0.20244711289401984
0.2024366953510568
0.20242639178674215
0.20241620106693103
0.2024061220674379
0.20239615367396568
0.20238629478203085
0.20237654429689245
0.20236690113347977
0.20235736421632244
0.20234793247947824
0.2023386048664627
0.20232938033018177
0.202320257832857
0.2023112363459596
0.20230231485013916
0.2022934923351586
0.20228476779982218
0.20227614025191054
0.2022676087081101
0.2022591721939464
0.20225082974372255
0.20224258040044607
0.20223442321576313
0.2022263572499
0.20221838157158745
0.20221049525800694
0.20220269739471586
0.2021949870755907
0.20218736340275745
0.20217982548653257
0.2021723724453578
0.20216500340573862
0.20215771750218137
0.20215051387712746
0.2021433916809
0.20213635007163322
0.20212938821521742
0.20212250528523878
0.20211570046291383
0.20210897293703545
0.2021023219039102
0.20209574656729767
0.20208924613835622
0.20208281983557874
0.2020764668847429
0.20207018651884312
0.20206397797804065
0.20205784050960462
0.20205177336785163
0.20204577581409655
0.20203984711658907
0.20203398655046378
0.20202819339767997
0.20202246694697135
0.20201680649378817
0.20201121134024314
0.20200568079505732
0.20200021417351166
0.20199481079738468
0.20198946999490586
0.2019841911006991
0.20197897345573568
0.20197381640728052
0.20196871930883153
0.20196368152008493
0.20195870240686886
0.2019537813411022
0.2019489177007422
0.20194411086972908
0.20193936023794556
0.20193466520115988
0.20193002516098113
0.20192543952480602
0.20192090770577797
0.201916429122731
0.20191200320014746
0.2019076293681067
0.2019033070622429
0.20189903572369172
0.20189481479905147
0.20189064374032784
0.20188652200489932
