0.9918817279192301
0.9919101032098663
0.9914701618813998
0.9910032483545335
0.9904953663181353
0.9899505621775816
0.9893633246554978
0.9887454582541474
0.9880636815421842
0.9873421235550753
0.9865837238458283
0.9857806613880669
0.9849495236429756
0.9840765996272135
0.9831610471904895
0.982196022923963
0.9811728474194041
0.98008597265282
0.978964384693342
0.9777953134336893
0.9765910054340995
0.9753424053994246
0.9740556244646655
0.972748787130587
0.9713833878740719
0.9699780457972953
0.9684804760921885
0.9669545447068802
0.9653484638533019
0.963693188056106
0.9619881465968686
0.9602434170069781
0.9584717094254337
0.9564869129509701
0.954518317978631
0.952486570848666
0.9503405126739918
0.9481305869281358
0.9458581888377977
0.9435644380197593
0.9410322102936536
0.9384394693030185
0.9358085949605873
0.9331241860295868
0.9303914058489245
0.9274538891884734
0.9244632662017638
0.921393062009765
0.9183019736844573
0.9152110633872054
0.9121387110755542
0.9090857990914173
0.9061495440493679
0.9028328517658221
0.8995925919527905
0.8959037941465032
0.8923550984808163
0.8888663535044098
0.8854276867135548
0.8820540005589197
0.878642373141425
0.8752527672842287
0.8718960950594843
0.8685793456771226
0.8652192583311227
0.8616641585436429
0.858191954447218
0.8546795335437137
0.8509242270107812
0.8471786981024695
0.8434706225797195
0.8397179734759547
0.8360232791697828
0.832310005561166
0.8286750232995831
0.8250452694426353
0.821554029861896
0.8178900701366745
0.8143211715978125
0.810849256620086
0.8074819640203625
0.8041911052507936
0.801049580808636
0.7982217170641246
0.795456757156967
0.7926073312887725
0.7900074610916897
0.7872904612026812
0.7842726628367316
0.7815221692010537
0.7789490994985164
0.7765627689017769
0.7741951116904118
0.77208528059342
0.7700482726861392
0.7682466239200884
0.7666410055772235
0.7652921700436177
0.763821588566991
0.7623130568902775
0.7611630710088008
0.7599482274814437
0.7583152154378148
0.7569662117009415
0.7559052365394239
0.7546850191840068
0.7534779663796412
0.7524478095340605
0.7515908603987325
0.750957031580469
0.7505459479536458
0.7500433144979793
0.7495782395841588
0.7490929772718216
0.7486474268648075
0.7481464680481846
0.747697557765512
0.7473304633952992
0.7467479659951448
0.7462639990583575
0.7461106811430456
0.74585481868875
0.7459205991756921
0.745743161442695
0.7450741303923372
0.7445718810155352
0.7442703895176919
0.7440965971816027
0.7438538942486035
0.7437716094708972
0.7437629302331641
0.7437988371120773
0.7439001163510877
0.7439286827828191
0.7436602467980533
0.7433657523636348
0.7429614110213849
0.7429026104232317
0.7429296640383547
0.7429030363233864
0.7431486012217864
0.7431397797671832
0.7433862055026155
0.7436209176995641
0.7431689897246337
0.7430086717674884
0.7432430553739808
0.7435337248225071
0.7435171575234115
0.7436725016160979
0.7440519489275321
0.7442307004165492
0.7441583515854084
0.7441673467668832
0.7444019968593767
0.7443525261772994
0.7443188386115895
0.7444481031596628
0.7446864452691482
0.7448119672894389
0.7447801582158453
0.7449883953455928
0.7447462754766402
0.7447910915608733
0.7447372565547268
0.744969160109139
0.745261692667069
0.7453579420086704
0.7454463794289822
0.7457174397151736
0.7455920095614208
0.74541116510942
0.7454285180125985
0.7454087404768168
0.7453076177326017
0.7452903679104265
0.74527065711111
0.7454980934162911
0.7458062545521578
0.7460675958867597
0.7459735000772214
0.7458366703570144
0.745961762571306
0.7462826511981753
0.7458452690116701
0.7454712240117436
0.7453615028270655
0.7452222139342591
0.7451468685623504
0.7452580675544954
0.7450148529036889
0.7447219299240753
0.7446233292605072
0.744395973124311
0.7439052842329503
0.7437004653537391
0.7437229654170525
0.743627753207057
0.7436589326113003
0.7437541654928441
