0.8064959763201927
0.7262196027664694
0.7252474104681137
0.7242727692128419
0.7232959904242422
0.7223171545044418
0.7213362830455528
0.7203533763878195
0.7193684256082463
0.7183814173179467
0.7173923359021821
0.7164011646937869
0.7154078866462815
0.7144124847496991
0.7134149423036571
0.7124152431058248
0.7114133715871884
0.7104093129119629
0.7094030530527848
0.7083945788477857
0.7073838780438049
0.7063709393286186
0.705355752354186
0.7043383077523875
0.7033185971443714
0.7022966131443933
0.7012723493588828
0.7002458003813536
0.6992169617837007
0.6981858301043661
0.6971524028338034
0.69611667839764
0.6950786561378919
0.6940383362925722
0.6929957199739849
0.6919508091459885
0.6909036066004803
0.6898541159333278
0.6888023415199584
0.6877482884907882
0.6866919627066533
0.6856333707343956
0.6845725198227168
0.6835094178784233
0.6824440734431467
0.6813764956706148
0.6803066943045477
0.6792346796572235
0.6781604625887486
0.6770840544870753
0.6760054672487759
0.6749247132605902
0.6738418053817494
0.672756756927077
0.671669581650859
0.6705802937314691
0.6694889077567379
0.6683954387100441
0.6672999019571075
0.6662023132334582
0.6651026886325593
0.6640010445945546
0.6628973978956159
0.6617917656378596
0.6606841652398046
0.6595746144273467
0.6584631312252172
0.657349733948901
0.6562344411969885
0.6551172718439289
0.6539982450331698
0.6528773801706458
0.6517546969186088
0.6506302151897561
0.6495039551416579
0.6483759371714439
0.6472461819107462
0.6461147102208589
0.6449815431881232
0.6438467021194989
0.6427102085383167
0.6415720841801971
0.6404323509891179
0.6392910311136213
0.638148146903144
0.637003720904463
0.6358577758582469
0.6347103346956964
0.6335614205352711
0.632411056679496
0.6312592666118291
0.6301060739935931
0.6289515026609629
0.6277955766219965
0.6266383200537078
0.6254797572991802
0.6243199128647041
0.6231588114169475
0.621996477780145
0.620832936933309
0.6196682140074505
0.6185023342828186
0.6173353231861423
0.6161672062878845
0.6149980092994967
0.613827758070673
0.6126564785866107
0.6114841969652631
0.6103109394545903
0.6091367324298027
0.607961602390606
0.6067855759584271
0.6056086798736426
0.6044309409927875
0.6032523862857646
0.6020730428330345
0.6008929378227987
0.5997120985481696
0.5985305524043296
0.5973483268856763
0.5961654495829569
0.594981948180388
0.5937978504527646
0.5926131842625575
0.5914279775569908
0.5902422583651199
0.5890560547948824
0.5878693950301477
0.5866823073277505
0.5854948200145118
0.5843069614842509
0.5831187601947843
0.581930244664915
0.5807414434714124
0.5795523852459783
0.5783630986722097
0.577173612482548
0.5759839554552215
0.5747941564111789
0.5736042442110163
0.5724142477519005
0.5712241959644766
0.5700341178097819
0.5688440422761456
0.5676539983760884
0.5664640151432152
0.5652741216291091
0.5640843469002181
0.5628947200347412
0.5617052701195147
0.5605160262468944
0.559327017511642
0.5581382730078097
0.5569498218256228
0.5557616930483724
0.554573915749301
0.5533865189884977
0.5521995318097994
0.5510129832376855
0.5498269022741915
0.5486413178958167
0.5474562590504497
0.5462717546542912
0.5450878335887881
0.5439045246975807
0.5427218567834537
0.5415398586052971
0.5403585588750821
0.5391779862548451
0.5379981693536824
0.5368191367247614
0.5356409168623424
0.5344635381988132
0.5332870291017433
0.5321114178709447
0.5309367327355594
0.5297630018511525
0.5285902532968318
0.5274185150723762
0.5262478150953902
0.5250781811984726
0.5239096411264066
0.5227422225333676
0.5215759529801542
0.520410859931443
0.5192469707530556
0.5180843127092576
0.5169229129600788
0.5157627985586493
0.5146039964485714
0.5134465334613061
0.5122904363135892
0.5111357316048719
0.5099824458147884
0.5088306053006462
0.5076802362949508
0.506531364902949
0.5053840171002051
0.504238218730207
0.503093995501996
0.5019513729878284
0.5008103766208691
0.4996710316929076
0.49853336335211595
0.4973973966008266
0.4962631562933464
0.49513066713380105
0.4939999536740137
0.4928710403114104
0.4917439512869649
0.49061871068316965
0.4894953424220435
0.4883738702631728
0.48725431780178463
0.48613670846685675
0.4850210655192554
0.48390741204991683
0.4827957709780538
0.48168616504940587
0.4805786168345154
0.47947314872704827
0.4783697829421444
0.4772685415148016
0.4761694462983036
0.4750725189626771
0.4739777809931832
0.4728852536888545
0.4717949581610571
0.47070691533209785
0.4696211459338634
0.4685376705064962
0.46745650939710726
0.466377682758529
0.46530121054809825
0.4642271125264823
0.4631554082565369
0.4620861171022054
0.4610192582274508
0.4599548505952248
0.4588929129664773
0.45783346389919954
0.45677652174750316
0.4557221046607385
0.45467023058264655
0.4536209172505512
0.45257418219458156
0.4515300427369381
0.4504885159911911
0.4494496188616116
0.4484133680425455
0.44737978001781786
0.44634887106017707
0.44532065723076986
0.44429515437865474
0.44327237814035036
0.44225234393941826
0.44123506698607906
0.4402205622768659
0.43920884459431375
0.438199928506671
0.4371938283676645
0.4361905583162834
0.435190132276598
0.43419256395762174
0.4331978668531903
0.43220605424189207
0.431217139187012
0.43023113453652384
0.42924805292310464
0.4282679067641826
0.4272907082620182
0.4263164694038174
0.42534520196187053
0.4243769174937242
0.4234116273423888
0.42244934263656553
0.42149007429091045
0.42053383300632474
0.4195806292702736
0.4186304733571382
0.4176833753285861
0.41673934503397947
0.4157983921108065
0.4148605259851371
0.4139257558721112
0.4129940907764492
0.41206553949298874
0.4111401106072502
0.41021781249602296
0.40929865332797943
0.40838264106431377
0.40746978345940454
0.4065600880614978
0.4056535622134172
0.4047502130532993
0.40385004751534326
0.40295307233059197
0.402059294027728
0.4011687189338963
0.4002813531755429
0.3993972026792779
0.39851627317275706
0.39763857018558724
0.3967640990502407
0.3958928649030027
0.39502487268492625
0.3941601271428119
0.39329863283020217
0.3924403941083935
0.39158541514746803
0.3907336999273383
0.3898852522388119
0.38904007568466836
0.38819817368075515
0.3873595494570955
0.3865242060590145
0.3856921463482753
0.38486337300423545
0.3840378885250072
0.3832156952286433
0.38239679525432035
0.3815811905635539
0.38076888294140754
0.37995987399772224
0.3791541651683594
0.378351757716444
0.3775526527336349
0.376756851141389
0.3759643536922429
0.3751751609711085
0.3743892733965659
0.3736066912221734
0.37282741453778756
0.37205144327088624
0.3712787771878969
0.37050941589554176
0.369743358842181
0.3689806053191681
0.3682211544622068
0.36746500525272185
0.36671215651922273
0.36596260693868565
0.36521635503793437
0.36447339919502586
0.3637337376406403
0.36299736845947506
0.36226428959164547
0.36153449883408717
0.36080799384195417
0.36008477213003764
0.35936483107416606
0.3586481679126253
0.3579347797475675
0.357224663546431
0.3565178161433562
0.35581423424060743
0.3551139144099862
0.35441685309425963
0.35372304660857157
0.35303249114187363
0.35234518275833815
0.35166111739878003
0.3509802908820766
0.35030269890658894
0.3496283370515708
0.3489572007785947
0.3482892854329588
0.3476245862451033
0.34696309833201755
0.3463048166986509
0.3456497362393177
0.3449978517390965
0.34434915787523745
0.3437036492185491
0.3430613202348015
0.34242216528611025
0.3417861786323231
0.3411533544324027
0.34052368674580813
0.33989716953386406
0.33927379666113366
0.3386535618967793
0.3380364589159276
0.3374224813010237
0.33681162254317754
0.33620387604351165
0.33559923511450285
0.33499769298130966
0.3343992427831096
0.33380387757441043
0.33321159032637937
0.33262237392814165
0.33203622118809273
0.3314531248351923
0.33087307752025674
0.33029607181724197
0.32972210022452575
0.32915115516617544
0.328583228993212
0.32801831398486936
0.32745640234984263
0.3268974862275328
0.32634155768928197
0.32578860873960036
0.3252386313173886
0.324691617297146
0.32414755849018684
0.3236064466458237
0.32306827345257083
0.32253303053931626
0.3220007094765007
0.32147130177728467
0.3209447988987001
0.32042119224280785
0.3199004731578339
0.3193826329393049
0.3188676628311732
0.31835555402693183
0.31784629767072614
0.3173398848584489
0.31683630663883544
0.31633555401454483
0.31583761794323495
0.3153424893386244
0.3148501590715572
0.3143606179710424
0.31387385682530045
0.31338986638278976
0.3129086373532304
0.31243016040861804
0.3119544261842284
0.3114814252796133
0.31101114825958487
0.31054358565519913
0.3100787279647226
0.30961656565458906
0.30915708916035944
0.30870028888765777
0.3082461552131104
0.30779467848526665
0.30734584902551887
0.3068996571290089
0.3064560930655237
0.30601514708039346
0.3055768093953649
0.3051410702094769
0.3047079196999215
0.3042773480229052
0.3038493453144874
0.30342390169142475
0.30300100725199186
0.3025806520768084
0.3021628262296474
0.30174751975823855
0.3013347226950599
0.3009244250581271
0.30051661685176667
0.3001112880673885
0.29970842868423986
0.2993080286701625
0.2989100779823306
0.2985145665679879
0.2981214843651748
0.297730821303441
0.2973425673045602
0.29695671228322984
0.29657324614775915
0.29619215880076133
0.29581344013982325
0.29543708005817926
0.29506306844536445
0.2946913951878757
0.2943220501698042
0.29395502327348577
0.29359030438011313
0.29322788337037053
0.2928677501250361
0.29250989452559173
0.2921543064548179
0.2918009757973826
0.2914498924404235
0.29110104627412425
0.2907544271922736
0.29041002509283353
0.2900678298784811
0.2897278314571615
0.28939001974261735
0.2890543846549205
0.28872091612099526
0.2883896040751325
0.28806043845949414
0.2877334092246162
0.28740850632990467
0.2870857197441169
0.286765039445843
0.2864464554239795
0.28612995767819294
0.2858155362193787
0.2855031810701143
0.28519288226510586
0.2848846298516229
0.28457841388993266
0.28427422445372674
0.2839720516305392
0.28367188552215616
0.2833737162450266
0.2830775339306605
0.2827833287260221
0.2824910907939161
0.2822008103133714
0.28191247748001314
0.2816260825064366
0.28134161562256266
0.2810590670760037
0.2807784271324074
0.2804996860758052
0.2802228342089519
0.2799478618536595
0.2796747593511236
0.27940351706224675
0.27913412536795545
0.27886657466951315
0.2786008553888216
0.27833695796872704
0.27807487287330845
0.27781459058817404
0.27755610162073985
0.2772993965005127
0.2770444657793635
0.27679130003179564
0.27653988985520683
0.2762902258701536
0.27604229872059705
0.27579609907415836
0.2755516176223617
0.2753088450808713
0.27506777218972667
0.2748283897135725
0.27459068844188506
0.2743546591891918
0.27412029279528516
0.2738875801254367
0.27365651207060593
0.2734270795476358
0.27319927349945783
0.27297308489528016
0.27274850473078394
0.27252552402830277
0.27230413383700525
0.27208432523307247
0.2718660893198718
0.27164941722812364
0.27143430011606695
0.2712207291696217
0.2710086956025427
0.27079819065657507
0.27058920560160427
0.2703817317357965
0.2701757603857472
0.26997128290661443
0.2697682906822535
0.2695667751253509
0.26936672767754877
0.26916813980956567
0.2689710030213259
0.26877530884206513
0.268581048830452
0.26838821457469597
0.2681967976926495
0.2680067898319173
0.2678181826699545
0.2676309679141613
0.26744513730198005
0.2672606826009841
0.2670775956089647
0.266895868154017
0.26671549209462186
0.26653645931972225
0.266358761748799
0.2661823913319469
0.26600734004993887
0.26583359991429845
0.2656611629673624
0.265490021282337
0.26532016696336713
0.2651515921455788
0.2649842889951466
0.264818249709335
0.26465346651654853
0.26448993167638035
0.26432763747965116
0.2641665762484512
0.26400674033618154
0.2638481221275869
0.26369071403878686
0.2635345085173122
0.26337949804213057
0.26322567512367023
0.26307303230385104
0.2629215621560995
0.26277125728537254
0.2626221103281733
0.26247411395256803
0.26232726085819846
0.26218154377628966
0.26203695546966765
0.26189348873275764
0.261751136391593
0.2616098913038186
0.26146974635869313
0.26133069447708346
0.26119272861147047
0.2610558417459323
0.2609200268961537
0.2607852771094016
0.26065158546452916
0.26051894507195283
0.26038734907364824
0.26025679064312934
0.260127262985432
0.2599987593370986
0.2598712729661571
0.2597447971720963
0.25961932528584264
0.2594948506697442
0.2593713667175316
0.2592488668542958
0.2591273445364656
0.2590067932517618
0.2588872065191784
0.25876857788894336
0.258650900942481
0.25853416929238093
0.2584183765823559
0.2583035164872044
0.2581895827127715
0.2580765689959045
0.25796446910440773
0.257853276837007
0.25774298602329304
0.2576335905236812
0.2575250842293634
0.2574174610622554
0.2573107149749493
0.2572048399506607
0.25709983000317627
0.256995679176803
0.2568923815463059
0.2567899312168591
0.2566883223239872
0.25658754903350534
0.25648760554146033
0.2563884860740768
0.2562901848876832
0.2561926962686639
0.2560960145333878
0.25600013402814614
0.25590504912909073
0.2558107542421627
0.2557172438030314
0.2556245122770231
0.25553255415905685
0.25544136397357053
0.2553509362744544
0.2552612656449772
0.25517234669772015
0.2550841740744968
0.25499674244628834
0.2549100465131634
0.2548240810042065
0.25473884067744323
0.25465432031975876
0.254570514746831
0.25448741880304393
0.2544050273614161
0.25432333532351736
0.25424233761939086
0.2541620292074779
0.25408240507452795
0.254003460235526
0.253925189733605
0.2538475886399696
0.25377065205380855
0.2536943751022097
0.25361875294008185
0.253543780750067
0.253469453742455
0.2533957671550998
0.25332271625333014
0.25325029632986384
0.2531785027047283
0.2531073307251611
0.25303677576553196
0.25296683322724733
0.2528974985386653
0.25282876715500857
0.25276063455826936
0.25269309625712477
0.2526261477868411
0.25255978470919105
0.25249400261235166
0.25242879711082244
0.25236416384532845
0.25230009848273294
0.25223659671593746
0.25217365426379723
0.2521112668710218
0.2520494303080839
0.2519881403711284
0.25192739288187427
0.2518671836875225
0.2518075086606607
0.2517483636991704
0.25168974472612904
0.25163164768971524
0.2515740685631185
0.25151700334443605
0.25146044805658097
0.2514043987471868
0.25134885148850916
0.2512938023773298
0.2512392475348598
0.25118518310664406
0.25113160526246503
0.25107851019624183
0.251025894125935
0.2509737532934504
0.25092208396454285
0.25087088242870914
0.250820144999104
0.2507698680124326
0.25072004782885404
0.2506706808318855
0.2506217634283052
0.2505732920480478
0.2505252631441107
0.2504776731924565
0.2504305186919127
0.25038379616407136
0.2503375021531936
0.25029163322610815
0.2502461859721157
0.25020115700288714
0.2501565429523648
0.25011234047666697
0.2500685462539862
0.2500251569844897
0.24998216939022244
0.2499395802150074
0.24989738622434743
0.2498555842053235
0.2498141709665026
0.2497731433378284
0.24973249817053322
0.24969223233703142
0.24965234273082426
0.2496128262664028
0.24957367987914314
0.24953490052521365
0.24949648518147438
0.24945843084537944
0.2494207345348739
0.24938339328830306
0.2493464041643062
0.2493097642417288
0.24927347061951155
0.24923752041660008
0.24920191077184828
0.24916663884391543
0.24913170181117084
0.24909709687159853
0.2490628212426942
0.24902887216137282
0.24899524688386732
0.2489619426856362
0.24892895686126237
0.24889628672435615
0.2488639296074625
0.2488318828619609
0.24880014385796867
0.24876870998424438
0.24873757864809687
0.24870674727528208
0.2486762133099112
0.24864597421435175
0.24861602746913702
0.2485863705728666
0.24855700104211131
0.24852791641132033
0.24849911423272386
0.24847059207624056
0.24844234752938021
0.24841437819715217
0.2483866817019703
0.24835925568355854
0.24833209779885712
0.24830520572192738
0.24827857714386437
0.24825220977269558
0.24822610133329137
0.24820024956727915
0.24817465223293433
0.24814930710510608
0.24812421197511147
0.2480993646506532
0.24807476295572195
0.248050404730507
0.2480262878313052
0.248002410130428
0.24797876951611375
0.2479553638924349
0.2479321911792084
0.2479092493119074
0.2478865362415662
0.24786404993469535
0.2478417883731937
0.24781974955425445
0.24779793149027762
0.2477763322087836
0.24775494975232437
0.2477337821783938
0.24771282755933977
0.24769208398227927
0.24767154954900794
0.2476512223759162
0.24763110059389926
0.24761118234827073
0.24759146579868097
0.2475719491190267
0.2475526304973652
0.24753350813583241
0.24751458025055317
0.24749584507156153
0.2474773008427119
0.24745894582159378
0.24744077827945699
0.24742279650111332
0.2474049987848651
0.2473873834424194
0.24736994879879914
0.24735269319226905
0.2473356149742475
0.24731871250922488
0.24730198417468652
0.24728542836102407
0.2472690434714625
0.24725282792197179
0.24723678014119266
0.24722089857034846
0.24720518166317518
0.24718962788583498
0.24717423571683705
0.2471590036469632
0.24714393017918235
0.24712901382857833
0.24711425312226887
0.24709964659932748
0.24708519281070718
0.24707089031916185
0.24705673769917036
0.24704273353686046
0.24702887642993154
0.24701516498757814
0.2470015978304151
0.2469881735904037
0.2469748909107733
0.2469617484459482
0.2469487448614761
0.24693587883394785
0.2469231490509297
0.24691055421088504
0.24689809302310406
0.2468857642076333
0.24687356649519465
0.24686149862712303
0.2468495593552884
0.24683774744202402
0.24682606166006027
0.24681450079244982
0.2468030636324935
0.24679174898368117
0.24678055565960655
0.24676948248391228
0.24675852829021083
0.24674769192201873
0.2467369722326872
0.24672636808533632
0.24671587835278508
0.2467055019174773
0.2466952376714282
0.24668508451614468
0.24667504136256613
0.24666510713099055
0.24665528075101772
0.2466455611614754
0.24663594731035865
0.2466264381547617
0.24661703266081358
0.24660772980361767
0.24659852856717956
0.24658942794435035
0.24658042693675897
0.24657152455475073
0.24656271981732558
0.24655401175206737
0.24654539939509712
0.24653688179099398
0.2465284579927446
0.24652012706167914
0.24651188806740587
0.24650374008775844
0.24649568220872808
0.24648771352440602
0.246479833136926
0.246472040156403
0.24646433370087317
0.24645671289623483
0.24644917687619128
0.24644172478219406
0.2464343557633798
0.24642706897651945
0.24641986358595525
0.24641273876354586
0.24640569368861165
0.2463987275478744
0.24639183953540478
0.24638502885256575
0.24637829470795358
0.24637163631735015
0.2463650529036595
0.24635854369686017
0.24635210793394835
0.2463457448588836
0.24633945372253485
0.24633323378262928
0.2463270843036972
0.24632100455702244
0.24631499382058486
0.24630905137901216
0.24630317652352873
0.2462973685519002
0.24629162676838734
0.24628595048369128
0.24628033901490454
0.24627479168546218
0.24626930782508483
0.24626388676974242
0.2462585278615893
0.24625323044892722
0.2462479938861527
0.2462428175337038
0.2462377007580191
0.24623264293148528
0.24622764343239256
0.24622270164488447
0.24621781695891265
0.2462129887701886
0.2462082164801399
0.24620349949586107
0.2461988372300702
0.24619422910106137
0.2461896745326605
0.2461851729541792
0.24618072380037193
0.24617632651139132
0.24617198053273992
0.2461676853152328
0.24616344031494963
0.24615924499319064
0.2461550988164385
0.2461510012563103
0.2461469517895195
0.24614294989782437
0.24613899506800196
0.2461350867917932
0.24613122456586523
0.2461274078917718
0.24612363627591083
0.2461199092294849
0.24611622626846097
0.24611258691352855
0.24610899069005965
0.2461054371280732
0.24610192576219336
0.24609845613160974
0.24609502778003822
0.24609164025568375
0.24608829311120406
0.24608498590366723
0.24608171819451785
0.2460784895495357
0.24607529953880303
0.24607214773666752
0.24606903372169764
0.24606595707665713
0.24606291738846187
0.24605991424814577
0.24605694725082639
0.246054015995666
