0.9733189818903459
0.9719546431841414
0.9703095426377991
0.9685460268122486
0.966762166023017
0.9649636071348691
0.9631014883167782
0.9612196070336755
0.9593289814479938
0.9574310439586198
0.9555282156056637
0.9536274499131063
0.9517365649022209
0.9498651618841586
0.9480208954050431
0.9462006876055947
0.9442842889643053
0.9424069330053855
0.940287289861206
0.9382375771728699
0.9362506957942585
0.9340350443944608
0.9318220611753345
0.9296152703397859
0.9274125325159177
0.9252124228735956
0.9230155574284277
0.9208259944124583
0.9186846294863136
0.916561926778768
0.9144572334567376
0.9125435612948328
0.9106452378132407
0.9087659221958362
0.9069064900275999
0.9050648993625109
0.9032400009496316
0.9014434945523727
0.8996770109599922
0.897933545756714
0.8962076731097167
0.8943632708330669
0.8925247303322976
0.8906938248720792
0.8888744572751838
0.8870723996217571
0.8852954799271898
0.8835533710363288
0.8816933176743087
0.8798708497880944
0.8780939814071664
0.876366705587015
0.8746901965299716
0.8725931544118268
0.8705666900478198
0.868613814835144
0.8667319863958838
0.864988273579059
0.8632861411812429
0.8616004367811089
0.8598541299420974
0.8581581764133897
0.8565349628832928
0.8550122502664651
0.853445943369396
0.8520258267847871
0.8506623786111562
0.8491976634610159
0.8471152956961586
0.8450528647589777
0.8430926985330873
0.8412459331631666
0.8395186535292317
0.8379173954677972
0.8364505047420517
0.8351294018451754
0.8339704054920628
0.8325206746884141
0.8312087617073033
0.8299634973451974
0.8284794370346075
0.8262004230851292
0.8240370553733896
0.8220555454102508
0.8204701150690215
0.8187052175979324
0.8172669690249307
0.8159851421141406
0.8150125668898381
0.8140749407235475
0.813296656935528
0.8127442686146762
0.8123953684533126
0.8122349144603085
0.811410924349714
0.8106191378632736
0.8093541011793645
0.8082767335676319
0.8073734243455285
0.8066548190263448
0.8061162369421965
0.8057515508284281
0.8055539354476289
0.80536829804454
0.804944200067685
0.8046726524053059
0.8041255259750643
0.8037524601470333
0.8031918926359309
0.8023490517671701
0.8017048721762566
0.8011147831770193
0.8007298946395058
0.8005808215683713
0.800124610771993
0.7999827794658801
0.8001019586088639
0.8004298398029063
0.8009358314841016
0.8011027795298192
0.8012478785077252
0.8011579504253772
0.8011435652942716
0.8012216279833567
0.8004405223236333
0.7998210148306455
0.7992336931337066
0.7988060122669455
0.7985310581194085
0.7984007232697758
0.7984060199718428
0.7985374404523883
0.7984449440492525
0.7983622799121584
0.7984052662656665
0.7985629494915704
0.7988243927325727
0.7989080202866099
0.7990971450526457
0.7993766778491695
0.7991951763004725
0.7991187339622873
0.799127927560398
0.7991776098864639
0.7990071753356224
0.7989360756266469
0.7989583375850929
0.7988081485448936
0.7987759360861385
0.7982049258472392
0.7977736241062412
0.7974751051596103
0.7973038041499406
0.7971646690908355
0.797131126231196
0.7972031221508716
0.7971294303820865
0.7971671526257609
0.7969502363957033
0.7967800772170188
0.7967257295956687
0.7966223446370831
0.7966105184773548
0.7965098589468291
0.796424234652868
0.7964056712443779
0.7964447928759417
0.7965321739205619
0.7964663259963133
0.796442770273166
0.7965002211040042
0.7966297783868063
0.7967911794657985
0.7968806829019793
0.7970245011569345
0.7970131825335565
0.7970705536006486
0.7968131201523342
0.7965941287499072
0.7964464245511726
0.7963642855067035
0.7963067363843925
0.7963025057604574
0.7963473459796019
0.7962327129314171
0.796033781459762
0.7959107514272491
0.795536437477529
0.7952657656965018
0.7950855788888648
0.7949984101045338
0.7949688994477051
0.7950125732008759
0.794828358032519
0.79471616043108
0.7946978386258194
0.7947607084451506
0.7948731736341926
0.7949398027222975
0.794960685448059
