1.0556552771056549
0.961567279203439
0.953767052239868
0.9453621949908732
0.9365973203507383
0.9275697383618373
0.9183285507817425
0.9089027059439149
0.8993113170079078
0.8895681625192771
0.879683894319697
0.8696672165288776
0.8595255558044425
0.8492654604687613
0.8388928457510935
0.8284131456856287
0.8178314021662346
0.8071523026332492
0.7963801619936138
0.7855188263688335
0.7745714512586193
0.7635400708350388
0.7524248345968851
0.7412227981107873
0.7299264358411373
0.7185231006417349
0.7069984333840288
0.6953453624682393
0.6835716880294516
0.6716973015112475
0.6597457532568254
0.6477389751748795
0.6356961346896179
0.6236341923994093
0.6115686809615474
0.5995142814078516
0.5874851750725365
0.5754952342969792
0.56355811036766
0.5516872585907626
0.5398959255053898
0.5281971135898842
0.5166035329762142
0.5051275462166347
0.49378111007495945
0.48257571705535035
0.47152233859304105
0.460631371317246
0.4499125874434392
0.439375090094966
0.4290272741547214
0.418876793084709
0.40893053201223195
0.3991945872593877
0.3896742523837434
0.3803740107007005
0.3712975341712413
0.36244768846212644
0.3538265439189574
0.34543539213561086
0.3372747677561137
0.32934447510658643
0.32164361922492213
0.3141706408337722
0.30692335478756017
0.2998989915160652
0.2930942409851617
0.2865052986991364
0.28012791327834946
0.2739574351603914
0.26798886599170013
0.26221690829871164
0.2566360150513682
0.25124043875490354
0.24602427972563412
0.24098153322042773
0.2361061350958711
0.2313920056716668
0.2268330914654556
0.22242340445730768
0.2181570585375702
0.2140283027980478
0.21003155134873783
0.20616140938280633
0.202412695269922
0.1987804585282629
0.19525999360287155
0.19184684945720176
0.18853683506170785
0.18532602093588416
0.1822107369671938
0.17918756679128522
0.1762533390721078
0.17340511606689452
0.17064017989800262
0.16795601697964319
0.16535030106120513
0.1628208753493501
0.16036573415825395
0.15798300451211722
0.15567092808788105
0.15342784384117406
0.1512521716073529
0.14914239691474573
0.14709705719137126
0.14511472949172313
0.1431940198185473
0.14133355406728568
0.1395319705790002
0.13778791425166934
0.1361000321299816
0.1344669703700529
0.13288737245760376
0.1313598785455814
0.12988312576952027
0.12845574939549484
0.12707638465578486
0.1257436691307522
0.12445624554140162
0.12321276482515947
0.12201188937709924
0.12085229634977096
0.11973268091656701
0.11865175941587995
0.11760827230585386
0.1166009868720739
0.11562869964281915
0.11469023847833709
0.11378446431180057
0.11291027253001944
0.11206659399148111
0.11125239568778102
0.11046668106189644
0.10970849000301247
0.10897689854271037
0.10827101828127628
0.10758999557572387
0.10693301052290657
0.10629927577189639
0.10568803519973315
0.10509856248379507
0.10453015960254103
0.10398215529433169
0.1034539035015767
0.1029447818246975
0.10245419000742634
0.10198154847191383
0.10152629691903228
0.10108789300625437
0.10066581111259006
0.1002595411973377
0.09986858775688995
0.09949246888154799
0.09913071541226687
0.09878287019547756
0.09844848743262141
0.09812713211977765
0.09781837957175231
0.09752181502423111
0.0972370333070342
0.0969636385811616
0.09670124413213775
0.09644947221214459
0.09620795392355598
0.09597632913671754
0.09575424643515346
0.0955413630817911
0.09533734500026354
0.09514186676586894
0.09495461160130393
0.09477527137284936
0.09460354658324849
0.09443914635807522
0.09428178842292796
0.0941311990693117
0.09398711310755788
0.09384927380559926
0.09371743281284167
0.09359135006876756
0.09347079369625874
0.09335553987993687
0.09324537273010071
0.09314008413306658
0.09303947358892257
0.09294334803786417
0.09285152167640515
0.09276381576484682
0.09268005842745279
0.09260008444680096
0.0925237350537922
0.09245085771477114
0.09238130591717322
0.092314938955044
0.0922516217157055
0.09219122446874224
0.09213362265837927
0.09207869670020817
0.09202633178309866
0.09197641767700694
0.09192884854726723
