0.9999690177371849
0.9999570273178106
0.9999404338797058
0.9999184113575126
0.9998897529145179
0.9998592591621692
0.9998154037926886
0.9997608425786016
0.9996938172836274
0.9996126286803151
0.9995152618898447
0.9993997742214553
0.9992854609672223
0.9991331030845721
0.9989567511152854
0.9987550024271369
0.9985267776982034
0.9982711315582179
0.9979872233137109
0.9976744412438486
0.9973331719173805
0.996964243544405
0.996567079792419
0.9961404114741201
0.9956862012264496
0.9952036557827167
0.9946913691686144
0.9941493283069092
0.9935759285725227
0.99297089001143
0.9923326833933612
0.9919552602525978
0.9912773133270165
0.9905516292520369
0.989777759941989
0.9889545921139694
0.9880799264432674
0.9871500490791411
0.9861604199617935
0.9851077415401124
0.9839895588647305
0.9827950136157367
0.9815257732729216
0.9801750875781667
0.9787386373494756
0.9772220453137209
0.9756151537156429
0.9739139259943609
0.9721191215355188
0.9702221990592106
0.9682183992820212
0.9661130871563546
0.9639068044283305
0.9615897791494558
0.9591610027941191
0.9573060167214711
0.9547309740267671
0.9520287375687233
0.9492123752751106
0.9462779880442573
0.943248827548629
0.9401156811241355
0.9369110615173185
0.9336291505215011
0.9302821441187824
0.926880456516612
0.923410064013213
0.9198738377562692
0.9163061162913246
0.9155834369671509
0.9120781782160426
0.9085112906193453
0.9049182829811938
0.9012869653163137
0.8976080954193834
0.8939387785329501
0.8902518015093116
0.8865674186689734
0.8829072110936653
0.8792417538680635
0.8755961376980218
0.8719740642916262
0.8684160872781468
0.8648982361797392
0.8614285644544646
0.8580116262777548
0.8546903107095303
0.851451798842295
0.8483096699787167
0.8451965190955005
0.8421479442416404
0.8391570219265743
0.8362522576818127
0.8333907845321236
0.8306081884907428
0.827925297413652
0.8253205508538748
0.8227930775882701
0.8203305111320444
0.817952549878156
0.8156439269154233
0.8133569606785083
0.8111376491716189
0.8089981629586176
0.8069264376465289
0.8049447022552225
0.8029865523841807
0.801107602783803
0.7993138229702921
0.7976032614918128
0.7959270423159639
0.7943283156831291
0.7927826489247782
0.7913187164286704
0.7898892253652396
0.7885437018914616
0.7872572910174195
0.7859461844842597
0.7847299084849559
0.7835948040075864
0.7824773572131138
0.7814323663949135
0.7804228237552697
0.7794249017596193
0.7784443464124
0.7775188684886162
0.7766276459236039
0.7757904275622405
0.7750245755975421
0.7742944813864057
0.7736203630423083
0.7729969038127065
0.7723870873581764
0.7718074503406704
0.7712377663254855
0.7706985089662445
0.7701831075722243
0.7696841798252447
0.7692123364729868
0.7687978730195287
0.7684369779119848
0.7681232338188658
0.7678345310209156
0.7675555205937639
0.7672781923279128
0.767048410527436
0.7668050400132016
0.7665669950335493
0.7663173272688288
0.7661180408031727
0.7659860578024912
0.7658643633631675
0.7657545660205904
0.7656734332999641
0.765648026895467
0.7656593451776682
0.7656578871336592
0.765690906592333
0.7657096202760608
0.7657364524878207
0.7657548799615903
0.7657920035758209
0.7658579736207662
0.7659641849515088
0.7660669342840494
0.7662005603102053
0.7663340245065202
0.7664848259524835
0.766631721322413
0.7668117720487426
0.7669759587186024
0.7671590354774056
0.7673840699470396
0.7676071058048521
0.7678714579087321
0.7681210481578826
0.7683855955027338
0.7686545858958777
0.7689351282284979
0.7692392119412634
0.7695267534048796
0.7698313423816153
0.7701620910361273
0.7704871442444742
0.7708312556372606
0.7712158220048879
0.7715980345807694
0.7720099076034572
0.7724408724478318
0.772869941803821
0.7733032988428347
0.7737202677649353
0.7741485797130881
0.7745842470244964
0.7750211884700979
0.7754832898034395
0.7759885304379446
0.7764770240362985
0.7769792862089703
0.7774593915878165
