1.4975333347481201
1.4717965726797138
1.4632441163742653
1.4540353570546898
1.444342391229065
1.4336642782777866
1.4231145815540178
1.411639085824226
1.3998855645975812
1.3876840504898995
1.375166537943312
1.3623767119872743
1.3492467589248065
1.3357801341836864
1.3219908589986584
1.307898088215114
1.2935239314559837
1.278892349782794
1.2640279744939453
1.2489541194979612
1.233712332740741
1.2183352455071248
1.2028087834401322
1.1871569316152781
1.1708192034658844
1.1541683492189807
1.1371968337817806
1.1199119719432937
1.1021832356537897
1.0842318555194939
1.066069935573292
1.047713131961147
1.0288642676313042
1.0087193139320694
0.988035591934028
0.9668060706699428
0.9452753879087799
0.9236199376905169
0.9019169419070745
0.880224496645589
0.8586593745365424
0.8365134856849555
0.814423162345846
0.7919554513458109
0.7693966966317867
0.7466471109541457
0.7235995806718013
0.7001734962538902
0.676345058195321
0.6513315683559552
0.6259491966631221
0.6002751508301435
0.5743762990632257
0.5483141578250511
0.5221551804377424
0.4959482984676602
0.4698716997929788
0.4440265416770343
0.41852850567943894
0.3924395708969456
0.3668775104255934
0.34197657816187993
0.31786490182818183
0.2946621804403986
0.2724771025231306
0.2512331613759446
0.2312451904923007
0.21256173672252032
0.19443048145078695
0.17760249602296604
0.16206613669005276
0.14778459071298558
0.13469720933779503
0.12222382276290647
0.11088423088071239
0.10064801579520542
0.09108047889222082
0.08257076918618454
0.07509500958993653
0.06861739416945845
0.0625085163682641
0.05735294274237943
0.053064570207251686
0.049553139828972435
0.04627944961147522
0.04366673738036201
0.041653546827084345
0.04018621670697017
0.038751982901479326
0.03782259303776133
0.037379603767168916
0.03743119732804785
0.038002212461321294
0.03798126312987796
0.036944837632872624
0.03610261383137282
0.035530688808232416
0.03519563958123321
0.03460089877020438
0.034215936722061295
0.034026821759693876
0.034025328625029945
0.03420667025701443
0.03410350375127416
0.034222965634360655
0.03454270193614657
0.035040688533155416
0.0357177420451646
0.03662288033891445
0.037207804970955306
0.03843186397822905
0.04086249282468169
0.036877061238576606
0.0338919900895808
0.03197567875056371
0.03095151181181552
0.029919558245430595
0.02957416567382993
0.029829715112143544
0.03062036444056065
0.031908495293501336
0.033698995167066474
0.03604250624102563
0.03853509589993153
0.038555889939594974
0.038336355455874736
0.038230899958087074
0.03825322675284672
0.038296631691345534
0.03817397390411442
0.0378808045868635
0.03757935605654162
0.036590894281695145
0.035856792143173215
0.03538632700767061
0.035175545017088854
0.0352151574827947
0.03549461791255045
0.036004888666161035
0.03674067307453722
0.0368209637583099
0.03718757733629579
0.03784526866782289
0.03877690566548086
0.039864947052977974
0.040782761338416997
0.041446204646824275
0.04222639934467109
0.04338877221608502
0.04513061031095292
0.04669119499175835
0.04630936944359026
0.044895716379764555
0.04384377265576608
0.043133735776665676
0.042708609057618564
0.042532847211595615
0.04258772361821865
0.04286628218448444
0.04337068879928984
0.043167919628693825
0.043352083473806376
0.043936144931784805
0.04494508624575057
0.04641613029967035
0.04836236098233276
0.050457961388748716
0.051559437268997754
0.051461003728820905
0.05205725938185225
0.05360793348092264
0.056491063577234664
0.05171954248689695
0.047682052944399055
0.04497560709580355
0.04361125694766337
0.042368916009214795
0.042185866346493434
0.042930032528446245
0.044503823439189724
0.04684983703175657
0.04995889854735391
0.053882001832017606
0.058747444499755185
0.05706142900362063
0.05687483503956087
0.05783322762211908
0.04950465359316745
0.0431084820514044
0.04013353908662363
0.039729653679529686
0.041416812459725935
0.04494539285571866
0.05038221978304674
0.05860738682045792
0.05348417784370457
0.05170500452236766
0.045949046212908455
0.04237072362234659
0.04066254065477072
