1.0860443149962007
1.0664900904874022
1.0584247969236644
1.048988413209032
1.0386585676674338
1.0272824179508226
1.0150264649696814
1.0018238565847186
0.9880058907603436
0.9738402644491438
0.9588365383485147
0.9410956442965003
0.9234867078581113
0.9058929703723965
0.8885477073322288
0.8706663512716374
0.8524562593921652
0.8339320875878078
0.8158605604330068
0.7963906548334255
0.7773313458066645
0.7587130651710358
0.7410720361326305
0.7213893470251113
0.7020419248029423
0.682791618856429
0.6635771057243214
0.6444381672555438
0.6253824485339634
0.6063842448447103
0.5874609926147033
0.5687433959978253
0.5495805876304982
0.5308548960881423
0.512943225638761
0.4935703568324668
0.47546529992533026
0.4598688541494163
0.446845979713676
0.4351376892925854
0.42704375886958834
0.4159866931156471
0.4101336092252082
0.40399186573493595
0.3998647010070094
0.39705211242831734
0.39537986087093496
0.3938283824494174
0.393169641775628
0.3899497203130341
0.3876607636748521
0.38542062668292765
0.3843469810288899
0.3844347015303927
0.3858976527213229
0.38251944172941466
0.3821532122839166
0.3848874621256831
0.38283516328887984
0.38476704567849535
0.3826282007364089
0.3815792979473241
0.3802745727498247
0.37939287914990166
0.37879427536184673
0.378533839995599
0.3787757332906436
0.3796964698106965
0.3803107678809994
0.38205128995383963
0.38210535982534416
0.3832551846167332
0.3840711457725735
0.38625937695118845
0.3910769034441309
0.37998548818366185
0.3754043657135767
0.37205895976718
0.3732054092030183
0.3781935680590695
0.38384537162729365
0.38853637205220964
0.3877856802069934
0.38725452184191883
0.38920495562802454
0.3808889623664186
0.37748486445160406
0.37729195812751537
0.37447984376289645
0.37442968927098647
0.3761455483882415
0.3768018315914394
0.3778747968796375
0.37422216845225864
0.37222762014668115
0.3718242369761792
0.37290414118594034
0.37554807740066776
0.37950130473932925
0.3764239093087908
0.37169334689308287
0.37242797257994165
0.3679304903510347
0.36928036862893054
0.3756054830438377
0.37866876621756806
0.38051195576502617
0.38129293810879966
0.38150159712920484
0.3814887094809311
0.38149169128098287
0.3809394066200912
0.3809707566728499
0.38171297173299656
0.38325688052189827
0.38518661995773074
0.3870597950603101
0.38989082415691523
0.3866170358572665
0.3848452228981652
0.3830322939217318
0.38193670121021694
0.38191178171688633
0.3828417710988584
0.38460833963385666
0.38573018830843897
0.3878614654128875
0.38430867671611474
0.38265758607098516
0.38248557529188004
0.38346663066418796
0.3858342769174869
0.3898690437633878
0.3959090845780511
0.4094355561122849
0.39820433119915416
0.39155130714496084
0.38765885785018095
0.3845725135069636
0.3838492278396388
0.38521628957529047
0.38770545597444644
0.38952737477831284
0.3870017061231718
0.38622288829764057
0.38357558026271626
0.3827562783431724
0.3821359648219506
0.38186489521643074
0.3824249259669833
0.3851612557549164
0.38219520865289475
0.3833129416343211
0.37761159142395734
0.37741275870927915
0.3753841326422247
0.37855858200178516
0.38380368836402173
0.3808133439473234
0.37212061292286847
0.3720324822822943
0.37816877206242644
0.3870953936541455
0.388275461431803
0.3888921480002918
0.389319576718843
0.389820365439526
0.38652675756125143
0.38440186213987865
0.38352810472221804
0.3839115556231093
0.3855100499339082
0.3882825247063729
0.38977789306504385
0.39100224704920883
0.39348975064626585
0.39652008715201614
0.4015479825209368
0.4090459053808762
0.4070155010383357
0.40543486309515364
0.402540161399725
0.40067127355131676
0.39985407166154624
0.39917569506059314
0.39983549910415733
0.401949738474855
0.4058308266957618
0.4018110749882086
0.39863937583467746
0.3984361352765714
0.4008254516125389
0.40476470210763177
0.4111701799045277
0.41277971904194066
0.41729958315105836
0.4231419582723813
0.4253758915017542
0.42486578509042894
0.42589426901443933
