0.7807839490250765
0.7631177914393041
0.7539323702164876
0.7444853588300272
0.734792405862404
0.7248665745760281
0.714716840446266
0.7043500600397067
0.6937721410314237
0.6829886857126617
0.6720053628423934
0.6608281368228361
0.6494634175194991
0.637918162818756
0.626199950843533
0.6143170310660329
0.6022783595028154
0.5900936209616618
0.5777732400669005
0.5653283820850046
0.5527709441767628
0.5401135374916302
0.5273694604234607
0.5145526633230575
0.5016777049864358
0.48875970129181
0.47581426643203073
0.4628574472742344
0.4499056514688493
0.43697557002054965
0.4240840951202628
0.4112482341161038
0.39848502056914625
0.38581142339437957
0.37324425512608095
0.3608000803681628
0.3484951254929126
0.33634519063516155
0.3243655649932454
0.31257094639385585
0.3009753660059312
0.2895921190009213
0.2784337018551305
0.2675117568769343
0.2568370244203674
0.24641930311991966
0.23626741835258214
0.22638919900526344
0.2167914625018984
0.20748000792745191
0.1984596169781665
0.1897340623709347
0.18130612326099238
0.1731776071476232
0.16534937769262903
0.1578213878361977
0.15059271756918458
0.14366161570893443
0.13702554502654074
0.1306812300856217
0.12462470717458796
0.11885137574451143
0.11335605080128086
0.10813301574203582
0.10317607517052396
0.09847860727227165
0.0940336153773077
0.08983377838430284
0.08587149976461861
0.08213895490713063
0.07862813660437551
0.07533089851711683
0.07223899648780474
0.06934412760350506
0.06663796693579638
0.0641122019090038
0.06175856426924453
0.05956885964531322
0.05753499470868073
0.055649001954130806
0.05390306213509044
0.052289524398658416
0.050800924175069206
0.0494299988848127
0.04816970153423261
0.04701321227706223
0.045953948025241
0.04498557019744176
0.04410199069819454
0.043297376224156525
0.04256615099715366
0.04190299802596675
0.0413028590005019
0.04076093292301908
0.04027267358139619
0.03983378596909548
0.0394402217555202
0.039088173908852664
0.038774070571270136
0.03849456828369935
0.03824654465402799
0.0380270905589607
0.03783350196563762
0.03766327145464121
0.03751407952126462
0.03738378572703882
0.0372704197682463
0.037172172523030844
0.037087387133383665
0.03701455017296107
0.036952282946528636
0.0368993329616335
0.036854565608119505
0.03681695607626523
0.03678558153970046
0.036759613624832266
0.0367383111843389
0.03672101338843736
0.03670713314391971
0.03669615084766187
0.036687608478208955
0.03668110402625491
0.03667628626230168
0.0366728498376111
0.03667053071246651
0.03666910190418127
0.03666836954570485
0.036668169244502447
0.03666836273030383
0.03666883477953187
0.03666949040359668
0.03667025228770948
0.036671058466648865
0.03667186022369773
0.03667262019899464
0.03667331069352553
0.03667391215531113
0.03667441183448317
0.036674802594371614
0.03667508186614021
0.0366752507349033
0.03667531314586647
0.036675275219475334
0.036675144665222814
0.03667493028424629
0.0366746415515361
0.03667428826910102
0.03667388028205687
0.036673427250225266
0.03667293846831765
0.03667242272843796
0.03667188821911438
0.03667134245559167
0.03667079223667191
0.036670243623767695
0.03666970193837782
0.036669171774525444
0.03666865702317523
0.036668160905923286
0.03666768601568038
0.036667234362307344
0.036666807421483205
0.03666640618535644
0.03666603121372747
0.03666568268475168
0.03666536044434954
0.036665064053648
0.03666479283394908
0.036664545908863366
0.03666432224332539
0.03666412067934122
0.036663939968381576
0.03666377880041427
0.036663635829626506
0.036663509696922
0.03666339904934357
0.036663302556577904
0.03666321892472535
0.03666314690754324
0.03666308531536144
0.03666303302189766
0.0366629889691773
0.0366629521707722
0.03666292171356755
0.03666289675824286
0.036662876538660405
0.0366628603603375
0.0366628475981603
0.03666283769348011
0.03666283015074667
0.03666282453378178
0.03666282046181368
0.036662817605351616
0.03666281568200802
0.036662814452315895
0.03666281371561764
0.03666281330606591
0.036662813088779944
0.036662812956194224
0.03666281282461359
0.036662812630997466
0.03666281232999047
0.036662811891191804
0.036662811296674036
0.03666281053874565
0.036662809617950654
0.03666280854129911
0.036662807320711255
0.03666280597167393
0.03666280451207926
0.03666280296125457
0.03666280133913735
0.03666279966561381
0.036662797959979176
0.03666279624052127
0.03666279452421006
0.03666279282646956
0.0366627911610391
0.03666278953989155
0.03666278797321176
0.036662786469425224
0.036662785035247225
0.03666278367578568
0.03666278239463916
0.03666278119403332
0.03666278007494672
0.03666277903725834
0.03666277807988694
0.036662777200932584
0.03666277639780802
0.03666277566737308
0.03666277500604809
0.03666277440993382
0.03666277387490047
0.03666277339669011
0.03666277297098597
0.03666277259348816
0.03666277225997128
0.036662771966330276
0.03666277170862253
0.036662771483102374
0.036662771286238516
0.03666277111473282
0.036662770965534386
0.0366627708358388
0.0366627707230931
0.036662770624986574
0.036662770539448886
0.03666277046463773
0.03666277039892607
0.036662770340889494
0.03666277028929554
0.03666277024308051
0.036662770201338346
0.03666277016330799
0.03666277012835362
0.036662770095950314
0.03666277006567509
0.036662770037186654
0.036662770010218004
0.036662769984564414
0.036662769960069785
0.03666276993662443
0.036662769914148075
0.0366627698925881
0.036662769871915635
0.03666276985211203
0.03666276983317174
0.03666276981509242
0.03666276979787986
0.0366627697815366
0.036662769766066305
0.036662769751469315
0.03666276973774263
0.036662769724878586
0.036662769712866194
0.03666276970168847
0.03666276969132509
0.03666276968175308
0.03666276967294113
0.03666276966486004
0.036662769657474725
0.036662769650748994
0.03666276964464232
0.03666276963911985
0.03666276963413917
0.03666276962966164
0.03666276962564774
0.03666276962206061
0.036662769618861724
0.03666276961601589
0.036662769613489576
0.03666276961125048
0.03666276960926862
0.03666276960751613
0.03666276960596704
0.03666276960459702
0.03666276960338599
0.03666276960231307
0.0366627696013615
0.0366627696005154
0.03666276959976067
0.036662769599084766
0.036662769598477585
0.036662769597931466
0.03666276959743586
0.03666276959698378
0.03666276959657111
0.03666276959619319
0.03666276959584269
0.03666276959552006
0.036662769595220746
0.03666276959494297
0.0366627695946834
0.03666276959444181
0.03666276959421666
0.036662769594006606
0.036662769593811095
0.03666276959362913
0.03666276959345971
0.036662769593302724
0.03666276959315773
0.03666276959302317
0.03666276959289949
0.03666276959278647
0.036662769592683
0.036662769592588185
0.03666276959250281
0.03666276959242565
0.03666276959235537
0.03666276959229264
0.03666276959223669
0.03666276959218784
0.03666276959214387
0.036662769592104794
0.03666276959207104
0.03666276959204173
0.036662769592015754
0.036662769591994215
0.036662769591974675
0.03666276959195869
0.03666276959194459
0.03666276959193271
0.03666276959192338
0.03666276959191517
0.036662769591908506
0.0366627695919034
0.03666276959189785
0.03666276959189352
0.03666276959189052
0.036662769591887856
0.036662769591886524
0.03666276959188408
0.036662769591882416
0.036662769591881195
0.036662769591880195
0.036662769591878974
0.036662769591877975
0.03666276959187742
0.036662769591876754
0.03666276959187631
0.03666276959187542
0.03666276959187453
0.03666276959187387
0.03666276959187387
0.0366627695918732
0.036662769591872535
0.0366627695918722
0.03666276959187176
0.036662769591871314
0.036662769591871314
0.03666276959187009
0.036662769591870537
0.03666276959186987
0.036662769591869426
0.036662769591869204
0.03666276959186909
0.036662769591868205
0.036662769591868205
0.036662769591868316
0.036662769591868316
0.03666276959186732
0.036662769591868205
0.03666276959186787
0.03666276959186776
0.036662769591868316
0.03666276959186732
0.03666276959186787
0.036662769591868316
0.03666276959186765
0.03666276959186787
0.03666276959186765
0.03666276959186776
0.03666276959186776
0.036662769591867206
0.03666276959186743
0.03666276959186765
0.036662769591868094
0.036662769591868094
0.03666276959186787
0.03666276959186787
0.03666276959186787
0.03666276959186765
0.03666276959186776
0.03666276959186776
0.036662769591868316
0.036662769591867206
0.03666276959186776
0.03666276959186787
0.036662769591866984
0.03666276959186787
0.03666276959186743
0.03666276959186776
0.03666276959186743
0.036662769591868094
0.03666276959186787
0.036662769591868094
0.03666276959186732
0.03666276959186765
0.03666276959186743
0.03666276959186776
0.036662769591866984
0.03666276959186743
0.036662769591868205
0.036662769591868205
0.03666276959186787
0.03666276959186776
0.036662769591868205
0.03666276959186787
0.036662769591868316
0.03666276959186776
0.03666276959186743
0.03666276959186787
0.03666276959186787
0.036662769591866984
0.03666276959186765
0.03666276959186765
0.03666276959186743
0.036662769591868094
0.03666276959186765
0.036662769591867206
0.03666276959186743
0.03666276959186765
0.03666276959186743
0.03666276959186743
0.03666276959186765
0.036662769591867206
0.03666276959186787
0.03666276959186787
0.03666276959186776
0.03666276959186743
0.03666276959186743
0.03666276959186687
0.036662769591868094
0.036662769591868205
0.03666276959186765
0.03666276959186732
0.03666276959186854
0.036662769591868205
0.03666276959186765
0.036662769591868316
0.036662769591868316
0.03666276959186765
0.03666276959186865
0.03666276959186787
0.03666276959186776
0.03666276959186743
0.03666276959186765
0.036662769591868205
0.036662769591867206
0.036662769591868205
0.03666276959186776
0.03666276959186776
0.03666276959186776
0.03666276959186776
0.03666276959186732
0.036662769591868316
0.03666276959186776
0.036662769591868094
0.03666276959186765
0.03666276959186743
0.036662769591868094
0.03666276959186776
0.03666276959186765
0.03666276959186776
0.03666276959186787
0.03666276959186765
0.03666276959186776
0.03666276959186732
0.03666276959186776
0.03666276959186776
0.03666276959186765
0.03666276959186776
0.03666276959186765
0.03666276959186787
0.036662769591868205
0.03666276959186732
0.036662769591868094
0.03666276959186787
0.03666276959186732
0.036662769591868205
0.03666276959186776
0.036662769591868094
0.03666276959186765
0.03666276959186743
0.03666276959186743
0.03666276959186765
0.03666276959186765
0.03666276959186787
0.03666276959186776
0.03666276959186732
0.03666276959186787
0.036662769591868316
0.03666276959186765
0.03666276959186776
0.03666276959186765
0.036662769591867206
0.03666276959186743
0.036662769591868316
0.03666276959186787
0.03666276959186787
0.03666276959186776
0.036662769591868316
0.03666276959186743
0.03666276959186787
0.036662769591868094
0.03666276959186765
0.036662769591868316
0.03666276959186765
0.03666276959186776
0.03666276959186776
0.036662769591868316
0.03666276959186787
0.03666276959186765
0.03666276959186743
0.03666276959186776
0.03666276959186765
0.03666276959186732
0.03666276959186743
0.03666276959186765
0.03666276959186743
0.036662769591868316
0.03666276959186743
0.03666276959186776
0.036662769591868094
0.03666276959186765
0.03666276959186732
0.03666276959186787
0.03666276959186787
0.03666276959186732
0.03666276959186776
0.036662769591868205
0.03666276959186787
0.03666276959186787
0.036662769591868094
0.03666276959186765
0.03666276959186765
0.03666276959186732
0.03666276959186787
0.03666276959186765
0.03666276959186765
0.03666276959186765
0.03666276959186776
0.03666276959186765
0.036662769591868094
0.03666276959186776
0.03666276959186765
0.036662769591868205
0.036662769591866984
0.03666276959186743
0.036662769591868205
0.03666276959186776
0.03666276959186776
0.036662769591868316
0.036662769591868316
0.03666276959186743
0.036662769591868205
0.03666276959186854
0.036662769591866984
0.036662769591866984
0.036662769591867206
0.036662769591866984
0.03666276959186787
0.03666276959186854
0.036662769591868205
0.036662769591868094
0.03666276959186776
0.03666276959186787
0.036662769591868316
0.036662769591866984
0.036662769591867206
0.03666276959186732
0.036662769591868316
0.03666276959186743
0.03666276959186787
0.036662769591868094
0.03666276959186732
0.03666276959186765
0.03666276959186787
0.03666276959186787
0.036662769591868205
0.036662769591866984
0.036662769591867206
0.036662769591867206
0.03666276959186765
0.036662769591866984
0.036662769591867206
0.03666276959186787
0.036662769591868205
0.03666276959186743
0.03666276959186776
0.03666276959186765
0.03666276959186765
0.03666276959186787
0.03666276959186787
0.036662769591868094
0.03666276959186776
0.036662769591868205
0.03666276959186787
0.03666276959186787
0.03666276959186776
0.03666276959186765
0.03666276959186732
0.036662769591868205
0.03666276959186787
