0.7791283445753432
0.7632298155161507
0.7533668845906988
0.7432061693706649
0.7327648374705806
0.7220575964820584
0.7110948311047072
0.6998847341607948
0.6884345852390676
0.6767514573417766
0.664842626987519
0.6527158278019465
0.6403794163428358
0.62784248492333
0.6151149396791347
0.6022075537705565
0.5891320012144448
0.57590087445389
0.5625276874526279
0.5490268653717236
0.5354137214987111
0.5217044219175577
0.5079159383537031
0.49406598965567017
0.4801729724541499
0.4662558816516277
0.4523342215267503
0.4384279083771515
0.424557165763923
0.41074241355316776
0.3970041520689963
0.3833628427726178
0.369838786959375
0.35645200401611576
0.34322211080242204
0.3301682037093303
0.3173087449075357
0.30466145422421087
0.2922432079848454
0.2800699460265904
0.2681565879358546
0.2565169593895241
0.24516372929128238
0.23410835819707831
0.22336105832277442
0.2129307652274558
0.20282512107361494
0.19305046918478386
0.18361185945681602
0.17451306403407518
0.16575660253905955
0.15734377604498506
0.14927470890645378
0.14154839751319093
0.1341627650051742
0.1271147209824134
0.1204002252571752
0.11401435472763966
0.10795137249722242
0.1022047984198764
0.09676748031573401
0.09163166517065324
0.08678906970501199
0.08223094976923306
0.07794816809416183
0.07393125999210337
0.07017049666793695
0.06665594585855239
0.06337752957250686
0.060325078750152694
0.05748838470764017
0.05485724726641139
0.05242151950355722
0.050171149088028666
0.04809621619381266
0.04618696800425859
0.04443384984210186
0.042827532978009675
0.04135893918681166
0.04001926213532381
0.038799985699028317
0.03769289931697406
0.036690110505155804
0.03578405465838497
0.03496750227929557
0.03423356378053033
0.033575692012401626
0.032987682673309315
0.03246367276386086
0.03199813724807621
0.03158588408613461
0.03122204780285387
0.030902081754724087
0.030621749255489217
0.030377113716542392
0.03016452795343616
0.029980622803979284
0.02982229519672286
0.029686695801189433
0.029571216383220356
0.029473476980321434
0.02939131300310549
0.02932276235984821
0.029266052692077604
0.02921958879994102
0.02918194032711885
0.029151829766128956
0.029128120836380944
0.029109807279061983
0.02909600210509533
0.029085927325029348
0.029078904182794907
0.02907434390881647
0.029071739002109354
0.02907065504555495
0.029070723053747027
0.02907163234844168
0.029073123952842894
0.029074984492616807
0.029077040588705416
0.029079153724583584
0.02908121556867871
0.02908314373104881
0.0290848779322882
0.029086376561698768
0.029087613601274653
0.0290885758917675
0.02908926071706297
0.02908967368333848
0.02908982686986661
0.02908973722887731
0.029089425212628583
0.02908891360666621
0.029088226549130347
0.029087388717069285
0.02908642466165212
0.02908535827536074
0.029084212375324214
0.0290830083880822
0.029081766122203145
0.02908050361626302
0.029079237050828044
0.029077980714061424
0.029076747011659188
0.029075546512749795
0.02907438802431228
0.02907327868755638
0.0290722240905118
0.029071228391818305
0.02907029445143028
0.029069423964595997
0.029068617596037183
0.029067875111817743
0.02906719550685677
0.029066577126482973
0.02906601778079476
0.02906551485095188
0.02906506538678799
0.029064666195428024
0.02906431392075126
0.029064005113793256
0.029063736294267617
0.02906350400354507
0.02906330484951425
0.029063135543818563
0.029062992932011866
0.029062874017225515
0.02906277597793583
0.02906269618044366
0.029062632186677262
0.029062581757875017
0.0290625428547423
0.029062513634606102
0.02906249244605419
0.02906247782155269
0.029062468468444624
0.029062463258735072
0.029062461217992275
0.029062461513702842
0.029062463443315867
0.029062466422235755
0.029062469971958937
0.0290624737085029
0.02906247733128442
0.02906248061254424
0.029062483387391258
0.0290624855445466
0.029062487017797012
0.029062487778206414
0.029062487827071215
0.029062487189615793
0.029062485909419955
0.029062484043526737
0.029062481658226336
0.029062478825445326
0.02906247561972375
0.029062472115713334
0.02906246838615323
0.029062464500293372
0.029062460522683797
0.029062456512315316
0.029062452522047533
0.029062448598291102
0.029062444780901586
0.02906244110324563
0.029062437592411228
0.029062434269527038
0.029062431150170265
0.029062428244827743
0.029062425559401195
0.02906242309573004
0.029062420852119186
0.029062418823868952
0.029062417003769547
0.029062415382587914
0.02906241394951492
0.029062412692571704
0.02906241159898615
0.029062410655526172
0.029062409848785165
0.029062409165436676
0.029062408592441802
0.029062408117225935
0.029062407727814432
0.029062407412940416
0.029062407162121384
0.02906240696570972
0.029062406814917896
0.029062406701831467
0.029062406619394743
0.029062406561388365
0.029062406522395556
0.029062406497753934
0.029062406483513326
0.02906240647636904
0.029062406473609137
0.029062406473062352
0.029062406473022495
0.029062406472204372
0.029062406469679836
0.029062406464830937
0.029062406457293855
0.029062406446916267
0.02906240643371627
0.02906240641784308
0.02906240639954738
0.029062406379143257
0.029062406356997417
0.02906240633349466
0.029062406309028344
0.02906240628398271
0.02906240625872225
0.029062406233585247
0.029062406208875124
0.029062406184859557
0.02906240616176403
0.029062406139773622
0.0290624061190371
0.029062406099661597
0.02906240608172206
0.029062406065255675
0.029062406050275436
0.029062406036768684
0.029062406024697007
0.029062406014007336
0.029062406004628394
0.029062405996482243
0.02906240598947729
0.02906240598352039
0.029062405978516836
0.02906240597436549
0.02906240597097376
0.02906240596824572
0.029062405966092997
0.02906240596443277
0.029062405963187543
0.029062405962286264
0.029062405961663873
0.029062405961264637
0.02906240596103593
0.029062405960935567
0.029062405960925464
0.029062405960975757
0.029062405961058135
0.029062405961154503
0.02906240596124754
0.029062405961324256
0.02906240596137788
0.029062405961401527
0.0290624059613932
0.029062405961351012
0.029062405961277293
0.029062405961173154
0.02906240596104126
0.029062405960886495
0.029062405960710858
0.029062405960521343
0.029062405960320725
0.02906240596011267
0.02906240595990195
0.029062405959692117
0.02906240595948617
0.029062405959285997
0.029062405959094595
0.02906240595891474
0.02906240595874665
0.029062405958589443
0.029062405958448
0.029062405958319548
0.02906240595820553
0.02906240595810461
0.02906240595801579
0.029062405957939963
0.02906240595787557
0.029062405957821835
0.029062405957778203
0.029062405957741788
0.029062405957714144
0.029062405957692383
0.02906240595767573
0.02906240595766485
0.029062405957657744
0.029062405957654303
0.029062405957652415
0.029062405957652526
0.029062405957654303
0.02906240595765741
0.029062405957660076
0.029062405957663184
0.029062405957666737
0.02906240595766929
0.029062405957672177
0.029062405957673842
0.029062405957676174
0.02906240595767684
0.029062405957677062
0.02906240595767684
0.029062405957675952
0.029062405957675286
0.029062405957674398
0.029062405957671955
0.029062405957669846
0.02906240595766796
0.02906240595766496
0.02906240595766263
0.029062405957660076
0.029062405957657744
0.029062405957655968
0.02906240595765386
0.029062405957651527
0.02906240595764953
0.02906240595764764
0.029062405957645865
0.02906240595764442
0.029062405957642867
0.029062405957641868
0.02906240595764109
0.029062405957640536
0.029062405957639648
0.02906240595763876
0.02906240595763876
0.029062405957638426
0.029062405957638204
0.029062405957637982
0.02906240595763865
0.02906240595763787
0.029062405957638426
0.029062405957637982
0.029062405957638426
0.029062405957638204
0.029062405957637982
0.029062405957637982
0.02906240595763787
0.029062405957637427
0.029062405957637982
0.02906240595763787
0.02906240595763865
0.02906240595763776
0.029062405957637094
0.029062405957637538
0.02906240595763776
0.02906240595763787
0.02906240595763787
0.029062405957638204
0.029062405957638204
0.029062405957638426
0.029062405957637538
0.029062405957637538
0.029062405957638204
0.02906240595763665
0.02906240595763776
0.02906240595763787
0.02906240595763665
0.02906240595763787
0.029062405957637538
0.029062405957637427
0.029062405957637538
0.029062405957637316
0.029062405957637427
0.029062405957637538
0.029062405957637316
0.029062405957637316
0.029062405957637538
0.029062405957637316
0.029062405957637538
0.029062405957636983
0.029062405957637316
0.029062405957637427
0.029062405957637094
0.02906240595763787
0.02906240595763776
0.02906240595763654
0.029062405957637316
0.02906240595763776
0.029062405957636983
0.029062405957637094
0.029062405957637316
0.029062405957637427
0.029062405957636983
0.029062405957636983
0.029062405957637316
0.029062405957637094
0.02906240595763665
0.029062405957637094
0.029062405957637427
0.02906240595763654
0.029062405957636983
0.029062405957636983
0.029062405957637538
0.029062405957637316
0.02906240595763787
0.029062405957637316
0.029062405957637316
0.02906240595763665
0.029062405957636983
0.029062405957636872
0.029062405957637316
0.029062405957636983
0.029062405957637316
0.02906240595763665
0.029062405957636872
0.029062405957637316
0.029062405957637538
0.029062405957636983
0.029062405957637316
0.02906240595763776
0.029062405957637094
0.029062405957637538
0.02906240595763776
0.029062405957636428
0.029062405957636872
0.029062405957637427
0.029062405957636983
0.02906240595763776
0.029062405957637094
0.029062405957637316
0.029062405957636872
0.029062405957637094
0.029062405957636983
0.029062405957637427
0.029062405957637316
0.029062405957636872
0.02906240595763776
0.029062405957636983
0.02906240595763665
0.029062405957637316
0.029062405957637094
0.029062405957637316
0.02906240595763776
0.02906240595763787
0.029062405957637316
0.02906240595763776
0.029062405957637094
0.029062405957637094
0.029062405957636983
0.029062405957636983
0.029062405957636983
0.029062405957636872
0.029062405957636983
0.02906240595763776
0.02906240595763787
0.029062405957636983
0.029062405957637982
0.02906240595763665
0.02906240595763776
0.029062405957636983
0.02906240595763776
0.029062405957636983
0.029062405957637538
0.029062405957637316
0.029062405957637427
0.029062405957637094
0.029062405957636983
0.029062405957637427
0.02906240595763665
0.029062405957637538
0.02906240595763776
0.02906240595763776
0.029062405957637538
0.029062405957636983
0.029062405957637427
0.02906240595763665
0.029062405957637316
0.02906240595763665
0.029062405957637094
0.029062405957637316
0.029062405957637316
0.02906240595763787
0.029062405957637094
0.029062405957637538
0.029062405957637316
0.029062405957637427
0.029062405957636983
0.02906240595763665
0.029062405957637427
0.029062405957637982
0.02906240595763776
0.029062405957637427
0.029062405957637316
0.029062405957637538
0.029062405957637538
0.029062405957637427
0.02906240595763665
0.029062405957637316
0.02906240595763776
0.029062405957637427
0.029062405957636983
0.029062405957637538
0.029062405957637316
0.029062405957637982
0.029062405957637427
0.029062405957637982
0.029062405957637094
0.029062405957636983
0.029062405957637538
0.029062405957637427
0.029062405957637316
0.029062405957636983
0.029062405957637538
0.029062405957637094
0.02906240595763787
0.029062405957637094
0.029062405957637094
0.029062405957637538
0.029062405957637538
0.029062405957636983
0.029062405957637094
0.029062405957637316
0.029062405957636983
0.029062405957637982
0.029062405957637538
0.029062405957637982
0.02906240595763776
0.029062405957637316
0.029062405957637316
0.029062405957637538
0.029062405957637094
0.02906240595763776
0.029062405957637094
0.029062405957636983
0.029062405957637538
0.02906240595763776
0.029062405957637427
0.02906240595763787
0.02906240595763776
0.029062405957637316
0.02906240595763654
0.029062405957637538
0.029062405957637094
0.02906240595763665
0.02906240595763665
0.029062405957637427
0.029062405957637427
0.029062405957636983
0.029062405957637538
0.029062405957637538
0.02906240595763787
0.029062405957636983
0.029062405957637427
0.029062405957637094
0.029062405957636983
0.029062405957636983
0.02906240595763665
0.029062405957637538
0.02906240595763787
0.029062405957636983
0.029062405957636872
0.02906240595763787
0.02906240595763776
0.029062405957637094
0.029062405957636983
0.029062405957636428
0.029062405957636872
0.029062405957636983
0.029062405957637982
0.029062405957637316
0.029062405957638204
0.029062405957637316
0.029062405957637316
0.029062405957636872
