1.406373496865319
0.07976292474259496
0.07460990472336228
0.06838924533398327
0.061983893773904813
0.0556953385871198
0.04966462320127388
0.04396741954315858
0.038646420489155765
0.03372508165213361
0.029214367729806703
0.025116450878662724
0.02142693153201064
0.018136282831253812
0.015230860894035443
0.012693660982636292
0.010504921118805395
0.008642634253822157
0.007083007698038338
0.005800894747986548
0.004770213823186789
0.00396436288584873
0.003356630681643277
0.002920601256899497
0.002630544382371484
0.0024617820925826542
0.0023910206072220463
0.002396637390319796
0.002458914842540445
0.002560214805126338
0.0026850912775650865
0.0028203420642295414
0.002955003035158972
0.003080290968087269
0.003189502334652629
0.0032778758816577225
0.0033424265841506574
0.003381757778853805
0.0033958573438576784
0.0033858829692680037
0.0033539410719164733
0.003302863827978029
0.0032359890797010412
0.0031569483533436804
0.0030694686723023667
0.0029771940161620425
0.002883531960769977
0.002791530126237578
0.0027037855694523136
0.0026223883187870794
0.0025488980933816873
0.002484351162105531
0.0024292925577945328
0.0023838276907606516
0.002347686922356248
0.002320296867527417
0.0023008529871660476
0.0022883892164764935
0.00228184172364097
0.0022801051785275666
0.002282080955549925
0.002286717394622291
0.0022930425816713907
0.0023001901451666206
0.0023074184113952637
0.002314123053687642
0.0023198432315785305
0.0023242612268121773
0.002327195770506739
0.002328589589987323
0.0023284921117114198
0.0023270386438209584
0.0023244276372304806
0.0023208977225477553
0.0023167061161402324
0.0023121097003969584
0.002307349665356676
0.00230264012779069
0.0022981606992040246
0.0022940526214842998
0.002290417866954174
0.002287320515768791
0.0022847897567966698
0.0022828239677732975
0.0022813954690828362
0.002280455670791027
0.002279940416862476
0.002279775364943644
0.002279881233376242
0.002280178719902259
0.00228059287355448
0.002281056703278168
0.00228151384495188
0.0022819201815891463
0.0022822444076966955
0.0022824676294592922
0.002282582177970296
0.0022825898677354094
0.002282499949637092
0.002282326988005294
0.002282088844621274
0.0022818048920957485
0.0022814945193263413
0.0022811759438154996
0.002280865315377837
0.0022805760832509746
0.0022803185992526006
0.0022800999363888907
0.002279923908315356
0.002279791275579998
0.0022797001182108334
0.002279646342724049
0.002279624278945442
0.0022796273126571994
0.0022796484975089203
0.002279681095331598
0.00227971900705232
0.0022797570739882434
0.002279791247601693
0.002279818641208392
0.002279837487172512
0.002279847026972023
0.0022798473599689255
0.0022798392716957827
0.0022798240562899893
0.002279803342353685
0.0022797789281325635
0.0022797526306404343
0.0022797261535293114
0.0022797009790317536
0.0022796782891474653
0.00227965891981045
0.0022796433490495593
0.0022796317166855675
0.002279623869729372
0.00227961942519382
0.0022796178410520868
0.002279618486687427
0.0022796207060645263
0.002279623869418758
0.0022796274118212657
0.0022796308589977986
0.0022796338419724207
0.0022796361024905922
0.0022796374909949233
0.002279637958522088
0.0022796375435739603
0.0022796363549575935
0.002279634551793624
0.002279632322225048
0.002279629862622239
0.0022796273591081865
0.0022796249729363257
0.0022796228306861985
0.002279621019520995
0.002279619587056078
0.002279618544869728
0.0022796178744346135
0.0022796175342696327
0.002279617467330628
0.0022796176079737302
0.0022796178881215484
0.0022796182424747544
0.0022796186127131295
0.0022796189506497956
0.0022796192202849054
0.0022796193987089097
0.0022796194758520462
0.002279619453172666
0.002279619341495308
0.002279619158308734
0.0022796189248870703
0.0022796186635808207
0.0022796183955478273
0.0022796181390814713
0.0022796179085727854
0.002279617714049002
0.002279617561174518
0.002279617451586743
0.0022796173834547582
0.0022796173521776753
0.0022796173511637984
0.00227961737264434
0.0022796174084751017
0.002279617450872799
0.0022796174930299795
0.002279617529558528
0.0022796175567317543
0.0022796175725212802
0.0022796175764552423
0.0022796175693454916
0.0022796175529427505
0.0022796175295758214
0.0022796175018191755
0.002279617472214919
0.002279617443060151
0.002279617416258211
0.0022796173932276165
0.0022796173748615926
0.0022796173615326435
