1.5991394680018292
1.5855204661017603
1.5803291433325353
1.5742917160437775
1.567507837190268
1.5600362080062793
1.5518730151071856
1.543013032178419
1.5333005006056875
1.5228648209613767
1.5119060416678303
1.4999440768803523
1.4871106368034863
1.4734574598480437
1.4588319040479583
1.4435497801556532
1.427656887948687
1.4112159032428135
1.3940010785210877
1.3761731562151338
1.3577240703407503
1.3387585183949393
1.31936989328469
1.298505877472085
1.2770443002814196
1.2550180809535962
1.2325542407326677
1.2090962970497994
1.1852451487563542
1.1614682838138417
1.1369219030436595
1.1120360410484202
1.0862580724328372
1.0601358533257805
1.0336612769589306
1.00681727793778
0.979578061673255
0.9517665816312083
0.9235897467795144
0.8951663223652039
0.8666294728604178
0.8383710315097801
0.8100726660609044
0.7819056090733272
0.7538646019045302
0.7259247894427797
0.6981870961521699
0.6707422910841264
0.6430912434277516
0.6142815295545047
0.5861437556455018
0.5583052989555704
0.5302907515536994
0.5026554659622182
0.47523296879268734
0.4485215596270046
0.42235514416961223
0.3963363733774528
0.3710331088779655
0.3465864289475056
0.32314586358558367
0.3007800070439012
0.2792836683788629
0.25886456811745234
0.2395995090197287
0.22157852722404262
0.20428054370055532
0.18840922936369542
0.17403741455298505
0.1612163505681322
0.14939994324885647
0.13986554215744323
0.12881755619597932
0.11819134069334473
0.10920433377344735
0.10149277278199036
0.09513804357532439
0.08966355118830065
0.08538104753583059
0.08173232666550094
0.0780502584753075
0.07536070592575948
0.07375268078907914
0.0715672988449861
0.06829000745656498
0.06601220088026072
0.06367847156322158
0.061788617712416165
0.0596853101467988
0.05715312335177481
0.05497627039465864
0.05380100306505745
0.05310108885652848
0.05351282134494183
0.05396225769103583
0.05492939325847089
0.05434944466869991
0.054016083246756566
0.05468765768030165
0.05363350977107666
0.052490014879882675
0.052358327723234135
0.052664882124479846
0.05219806355040007
0.051777629531192464
0.0516162627354852
0.05221938293210306
0.05349731865508905
0.05395155202183238
0.05416466517964824
0.053098733965196085
0.052794077140373145
0.053374826611382126
0.05409169388536247
0.05385404445788211
0.05451666880850265
0.05362528564232125
0.05265069622819018
0.0524913331781591
0.05332985069028456
0.053978837123146016
0.053918207409436085
0.05400048588089611
0.05292947720777317
0.05302635461557204
0.053534741467236725
0.05495797982475232
0.055486809818137306
0.05661712454015593
0.056318551211956655
0.056455797042127644
0.05681077186716226
0.05702262557373179
0.05707842533433251
0.05626189474048137
0.055990153424372836
0.05599668348068345
0.056685610765426254
0.057906229106467186
0.06033540845554663
0.059665778676834695
0.05866909163826245
0.058478970128432804
0.059256782873216285
0.059619421547183755
0.0603541872001682
0.06012698925595662
0.06051115209928876
0.06047342351943528
0.06023377290222211
0.06003124126473433
0.05992074346270977
0.06036484527476357
0.06053812338745452
0.0612623766231249
0.062125616391499515
0.06296577187932043
0.06400839022869775
0.06369832097063434
0.06268376106524184
0.06224733876286341
0.062487034433982735
0.06274701660755197
0.06309811318421259
0.06398067801482035
0.06378070817500851
0.06405877120085479
0.06450200511574002
0.064724507746361
0.06508189954791233
0.06597333803836669
0.0661326286009844
0.06568800713660308
0.06580963498047199
0.06546271473352354
0.06533048976687642
0.06561959729102516
0.0658094950069051
0.06630593093671883
0.06678529809057526
0.066911281639075
0.06753938022111616
0.06858968347429834
0.06853240550473708
0.06880560615878309
0.06868926284744736
0.06870891406762553
0.06812593447289428
0.0681456655803292
0.06811656826344603
0.0686223261349078
0.06921604468924239
0.06999100638190063
0.07054829959519962
0.07108153511578097
0.07052067254756805
0.07031850298111476
0.07004221609344799
0.07024087389326239
0.07104783406939141
