1.0385117631261338
0.8648683394528695
0.8545835040736591
0.8442948370420744
0.8340065414346998
0.8237215879339485
0.8134427709317196
0.8031728860638729
0.7929147698982604
0.782671308672157
0.7724454383633002
0.7622401418710497
0.7520584450321129
0.7419034120391371
0.7317781404667429
0.7216857559890615
0.7116294068330836
0.70161225800042
0.6916374852881159
0.6817082691403513
0.6718277883646783
0.6619992137480823
0.6522257016092229
0.6425103873237277
0.6328563788593627
0.6232667503573527
0.6137445357951237
0.6042927227644056
0.5949142463969291
0.5856119834680423
0.5763887467064185
0.567247279335734
0.5581902498717763
0.5492202471959383
0.5403397759235157
0.5315512520826643
0.5228569991173205
0.5142592442248848
0.5057601150370022
0.49736163664940464
0.48906572900447226
0.48087420462800107
0.4727887667195727
0.46481100759396865
0.45694240746925546
0.449184333595453
0.4415380397161583
0.43400466585405956
0.42658523841000084
0.4192806705641121
0.41209176296650657
0.40501920470418024
0.39806357452999946
0.3912253423390564
0.3845048708771768
0.37790241766599575
0.37141813712875965
0.36505208290086505
0.35880421030909365
0.35267437900355714
0.34666235572649984
0.34076781720232585
0.3349903531335165
0.32932946928746504
0.3237845906596821
0.3183550646993066
0.31304016458338046
0.307839092526922
0.3027509831164256
0.2977749066550603
0.2929098725084787
0.2881548324408294
0.2835086839312386
0.27897027346171716
0.2745383997681313
0.27021181704656333
0.2659892381080548
0.2618693374753942
0.25785075441625754
0.2539320959076333
0.250111939527081
0.2463888362669492
0.24276131326824577
0.23922787647138377
0.2357870131815354
0.23243719454680123
0.22917687794785588
0.2260045092981456
0.2229185252541089
0.21991735533524623
0.2169994239542036
0.21416315235733188
0.21140696047646343
0.20872926869289557
0.20612849951479303
0.20360307916942033
0.20115143911178754
0.19877201745144787
0.19646326029931274
0.1942236230364642
0.19205157150703137
0.18994558313727847
0.18790414798310429
0.18592576970820093
0.1840089664951463
0.1821522718917259
0.1803542355947818
0.178613424173886
0.17692842173712262
0.17529783054123982
0.17372027154840822
0.17219438493178707
0.17071883053206002
0.16929228826705953
0.16791345849655293
0.1665810623442101
0.1652938419787221
0.16405056085598627
0.16285000392421436
0.16169097779376665
0.16057231087345591
0.15949285347500816
0.15845147788730923
0.15744707842201083
0.1564785714320112
0.15554489530427296
0.15464501042838483
0.15377789914222018
0.15294256565599673
0.15213803595598732
0.15136335768908668
0.15061760002938887
0.1498998535278863
0.14920922994635552
0.1485448620764538
0.14790590354500738
0.14729152860643513
0.14670093192321074
0.14613332833523196
0.14558795261892826
0.14506405923690652
0.14456092207889912
0.1440778341947497
0.14361410752014095
0.14316907259573866
0.1427420782804005
0.14233249145906873
0.14193969674594228
0.14156309618349683
0.141202108937899
0.14085617099133588
0.14052473483176006
0.1402072691405277
0.13990325847838644
0.1396122029702497
0.1393336179891733
0.13906703383993285
0.1388119954425798
0.1385680620163375
0.1383348067641803
0.1381118165584216
0.137898691627621
0.13769504524510312
0.1375005034193671
0.13731470458664738
0.13713729930587526
0.13696794995627304
0.13680633043780002
0.136652125874656
0.1365050323220337
0.1363647564762996
0.1362310153887691
0.13610353618323046
0.13598205577735947
0.1358663206081557
0.13575608636151973
0.13565111770608007
0.13555118803136737
0.13545607919042477
0.13536558124693165
0.13527949222690952
0.13519761787507015
0.1351197714158554
0.13504577331921216
0.13497545107113526
0.1349086389490052
0.1348451778017389
0.1347849148347652
0.13472770339982942
0.13467340278962533
0.13462187803724562
0.13457299972043782
0.13452664377064447
0.13448269128680376
0.13444102835387964
0.13440154586608663
0.13436413935477012
0.13432870882089867
0.1342951585721203
0.13426339706433243
0.13423333674771024
0.1342048939171363
0.13417798856697014
0.13415254425009593
0.13412848794118107
0.1341057499040788
0.1340842635633049
0.13406396537951637
0.13404479472891992
0.13402669378653442
0.13400960741323267
0.1339934830464853
0.13397827059472922
0.13396392233528212
0.13395039281572524
0.1339376387586738
0.13392561896985694
0.13391429424942705
0.1339036273064196
0.13389358267628382
0.13388412664140506
0.13387522715454125
0.13386685376509402
0.13385897754813814
0.1338515710361316
0.13384460815323082
0.13383806415213526
0.13383191555338744
0.1338261400870547
0.13382071663672052
0.13381562518571377
0.13381084676550636
0.13380636340620944
0.13380215808910104
0.1337982147011181
0.13379451799124845
0.13379105352875728
0.13378780766318743
0.13378476748607018
0.13378192079428838
0.13377925605503224
0.1337767623722908
0.13377442945482407
0.13377224758556022
0.13377020759236594
0.1337683008201377
0.1337665191041639
0.1337648547447096
0.1337633004827751
0.1337618494769838
0.13376049528155373
0.1337592318253091
0.13375805339169108
0.13375695459972528
0.13375593038590777
0.1337549759869714
0.13375408692349416
0.13375325898431537
0.1337524882117246
0.13375177088738918
0.13375110351898958
0.13375048282753046
0.13374990573529746
0.1337493693544318
0.13374887097609356
0.13374840806018806
0.13374797822562862
0.13374757924111144
0.13374720901637857
0.1337468655939461
0.13374654714127557
0.13374625194336717
0.1337459783957551
0.13374572499788517
0.13374549034685543
0.13374527313150356
0.1337450721268222
0.13374488618868682
0.13374471424887993
0.1337445553103973
0.13374440844302068
0.13374427277914472
0.13374414750984367
0.13374403188116635
0.13374392519064665
0.133743826784019
0.13374373605212692
0.13374365242801536
0.1337435753841961
0.1337435044300772
0.1337434391095476
0.13374337899870814
0.1337433237037411
0.13374327285891005
0.13374322612468367
0.1337431831859756
0.1337431437504942
0.1337431075471955
0.13374307432483476
0.13374304385060823
0.1337430159088834
0.13374299030000936
0.13374296683920442
0.13374294535551584
0.1337429256908473
0.13374290769905026
0.133742891245075
0.13374287620417832
0.1337428624611835
0.13374284990979046
0.13374283845193188
0.1337428279971735
0.1337428184621544
0.1337428097700669
0.13374280185017073
0.13374279463734237
0.1337427880716545
0.13374278209798585
0.13374277666565776
0.13374277172809695
0.13374276724252207
0.1337427631696528
0.13374275947343964
0.1337427561208134
0.13374275308145311
0.1337427503275704
0.1337427478337102
0.13374274557656582
0.1337427435348081
0.13374274168892705
0.13374274002108544
0.13374273851498356
0.1337427371557343
0.13374273592974745
0.1337427348246232
0.13374273382905383
0.13374273293273278
0.1337427321262712
0.13374273140112078
0.13374273074950263
0.1337427301643421
0.13374272963920866
0.13374272916826027
0.13374272874619295
0.13374272836819368
0.13374272802989778
0.13374272772734944
0.13374272745696553
0.13374272721550248
0.133742727000026
0.13374272680788332
0.13374272663667747
0.13374272648424437
0.13374272634863113
0.13374272622807698
0.13374272612099522
0.13374272602595702
0.13374272594167672
0.13374272586699823
0.13374272580088276
0.13374272574239768
0.1337427256907061
0.13374272564505793
0.133742725604781
0.13374272556927394
0.13374272553799868
0.13374272551047453
0.13374272548627217
0.13374272546500876
0.133742725446343
0.13374272542997087
0.13374272541562207
0.13374272540305618
0.13374272539205984
0.13374272538244367
0.1337427253740398
0.13374272536669987
0.13374272536029222
0.13374272535470097
0.13374272534982357
0.13374272534556977
0.13374272534186005
0.1337427253386245
0.13374272533580164
0.1337427253333377
0.13374272533118528
0.13374272532930323
0.13374272532765538
0.1337427253262102
0.13374272532494025
0.13374272532382162
0.13374272532283354
0.133742725321958
0.13374272532117937
0.13374272532048415
0.1337427253198607
0.13374272531929887
0.13374272531879014
0.13374272531832695
0.13374272531790293
0.1337427253175126
0.13374272531715134
0.1337427253168151
0.13374272531650047
0.13374272531620457
0.13374272531592488
0.13374272531565934
0.13374272531540612
0.13374272531516376
0.13374272531493095
0.13374272531470663
0.13374272531448986
0.1337427253142798
0.1337427253140759
0.13374272531387754
0.13374272531368417
0.13374272531349538
0.1337427253133109
0.13374272531313033
0.1337427253129535
0.13374272531278006
0.13374272531260978
0.13374272531244258
0.13374272531227813
0.13374272531211642
0.13374272531195722
0.13374272531180034
0.13374272531164577
0.13374272531149328
0.13374272531134282
0.13374272531119427
0.13374272531104747
0.1337427253109024
0.13374272531075887
0.13374272531061684
0.13374272531047623
0.1337427253103369
0.13374272531019876
0.13374272531006184
0.1337427253099259
0.13374272530979095
0.13374272530965697
0.1337427253095238
0.13374272530939138
0.1337427253092597
0.1337427253091287
0.13374272530899825
0.13374272530886835
0.13374272530873893
0.13374272530861
0.13374272530848144
0.1337427253083532
0.13374272530822534
0.13374272530809772
0.13374272530797032
0.13374272530784315
0.13374272530771614
0.13374272530758927
0.1337427253074625
0.13374272530733589
0.1337427253072093
0.13374272530708278
0.13374272530695627
0.1337427253068298
0.1337427253067033
0.1337427253065768
0.13374272530645023
0.13374272530632367
0.133742725306197
0.13374272530607026
0.1337427253059435
0.13374272530581663
0.13374272530568962
0.13374272530556253
0.13374272530543535
0.133742725305308
0.13374272530518058
0.13374272530505302
0.13374272530492534
0.1337427253047975
0.13374272530466955
0.13374272530454143
0.1337427253044132
0.1337427253042848
0.13374272530415626
0.13374272530402756
0.13374272530389872
0.1337427253037697
0.1337427253036406
0.13374272530351122
0.1337427253033818
0.13374272530325215
0.13374272530312237
0.13374272530299242
0.13374272530286227
0.13374272530273204
0.1337427253026016
0.133742725302471
0.13374272530234024
0.13374272530220935
