0.9997346993317704
0.9997237062364985
0.999714215393193
0.9997037043246012
0.999692130355365
0.9996794088898905
0.9996655275278472
0.9996504065942823
0.9996338727196086
0.9996159279065765
0.9995962954631026
0.999574921794047
0.99955199719905
0.9995273372289102
0.9995007468011128
0.9994721389989112
0.999441453104652
0.9994083209784942
0.999372800184072
0.9993345762824001
0.9992936847661208
0.9992500626067211
0.9992037193029969
0.9991540738117478
0.9991011758588426
0.9990457388150127
0.9989866194664655
0.9989243911159735
0.9988589652096355
0.9987900482650438
0.998717904878916
0.9986419430937645
0.9985611437048614
0.9984769109772936
0.9983886600711771
0.9982958220400975
0.9981988753353209
0.9980972625218232
0.9979908746192245
0.9978803834443247
0.9977652242953043
0.9976453852499859
0.9975205780656846
0.9973925756357432
0.9972600027187881
0.9971238555464249
0.9969837200781851
0.9968387514693221
0.9966900009078388
0.9965379203668797
0.9963811184060571
0.996221531592512
0.9960590805648127
0.9958952356401773
0.9957281305600221
0.9955573645647477
0.9953847229983611
0.9952091706523731
0.9950335527782336
0.9948547429938815
0.9946750304276222
0.9944923187919279
0.9943092272646611
0.9941276819074094
0.9939436563781747
0.9937579381110224
0.993572395079965
0.9933876154669095
0.9932022059355766
0.9930189712210378
0.9928312552827836
0.9926433568963376
0.9924519254234544
0.9922633868470752
0.9920780036823427
0.9918976021442665
0.9917188619027706
0.9915440952006366
0.9913700399422821
0.9911962737827165
0.9910187284083838
0.9908498034012814
0.9906834379712535
0.9905191132477779
0.9903534803248514
0.9901942387242745
0.9900369965237954
0.9898855941092184
0.9897363573764033
0.989591315923059
0.989451747347713
0.9893128749964025
0.9891775798908166
0.9890524093247478
0.9889251037291408
0.9888014446399004
0.9886851052486801
0.9885704588698054
0.9884587322945899
0.9883525952114626
0.988252774077109
0.9881579453222328
0.9880677490723101
0.9879779669864622
0.9878921286110601
0.9878081516471499
0.9877242388988887
0.9876402652223056
0.9875633977670826
0.9874922733903273
0.9874181344153373
0.9873445385690188
0.987272097358947
0.9872047462582192
0.9871356960448531
0.9870728936562695
0.9870162233879418
0.986963187408109
0.9869159320315721
0.9868710607143093
0.9868255986931764
0.9867763940687782
0.9867379459756924
0.9866994208143564
0.9866602255178815
0.9866230143122073
0.9865775894986561
0.9865354879107425
0.9864970509370175
0.9864535131787535
0.9864099707302326
0.9863699443817012
0.986323943481819
0.9862813114294583
0.9862485220829447
0.9862172123821323
0.9861915291791535
0.9861585252152633
0.9861187040789593
0.9860758517430946
0.9860351982164147
0.9859897695218572
0.985955288672129
0.9859194388951203
0.985885174188076
0.9858520833046128
0.9858120196861114
0.9857801068049378
0.985753225384267
0.9857316449889222
0.98569365817671
0.9856660592115174
0.9856399319423879
0.9856155491791393
0.9855946029018541
0.9855811823068164
0.9855731129557073
0.985572969036459
0.9855529354695529
0.9855380905831835
0.9855299806568153
0.9855174588508976
0.9855084698432438
0.9854904097429039
0.9854851816677901
0.9854840038488574
0.9854756284833837
0.9854724570529813
0.9854700620112852
0.9854693648640984
0.9854713938417301
0.9854713485449199
0.985468071457264
0.9854671842103818
0.9854702852059134
0.9854726491014596
0.9854828608982478
0.985488748355301
0.9854995854189957
0.9855054679432991
0.9855118316539236
0.9855048618840239
0.9854874007275414
0.9854828981051146
0.985473518277052
0.9854773253971553
0.9854834523763116
0.9854866873986381
0.9854938786823917
0.9855011107030716
0.9855075143070273
0.9855116968455295
0.9855123588394291
0.9855160962196136
0.9855158693603595
0.9855231610695788
0.9855293052644587
0.9855338547596706
0.9855387211862452
0.9855372474666919
