1.5553585904008385
1.5279023261026532
1.518969986506868
1.509350311754939
1.499230407343616
1.4880944941859655
1.4768758512447724
1.4651012236947492
1.452853192729683
1.4402181304824846
1.42725973334983
1.4139572405686847
1.4002888303795922
1.3862591280613954
1.3718615703004502
1.3571188616350782
1.3420716126854988
1.326761083059615
1.3112259589415027
1.2955013796996102
1.2796150818347998
1.2636510853479024
1.2474855376119165
1.2311877132025444
1.214813067490502
1.1975290228741169
1.1798930855347989
1.1619065178335308
1.143586138932378
1.12495451815173
1.1059382869702878
1.0867242395734387
1.067363278562101
1.0463961648866185
1.0248770054635565
1.0028644272816882
0.9803377538467528
0.9574438826112289
0.934569177590974
0.9117307228019508
0.8889974640160263
0.8654184445060348
0.8419793794019118
0.8185624495804243
0.795045401771668
0.7712912397194673
0.7466351663424468
0.7214384459292374
0.6957204674196136
0.6695727946994151
0.643091879750189
0.6162914401094278
0.5893381004980509
0.5622729622984584
0.5351556872022786
0.507171572073817
0.4792538831614505
0.4515276337692153
0.4241235332344503
0.3971775939596393
0.37037369810700893
0.3444042208631985
0.3193910676131254
0.29448224754488495
0.27068635468867347
0.24809640643590128
0.22678390856784675
0.20679815528572526
0.18793089722579756
0.170490137280666
0.15445311758997898
0.1390271826739742
0.12489520197401863
0.1120133498667238
0.10033793159102888
0.08982829792220165
0.08044751118326403
0.07134425605585232
0.06338433549447771
0.05650581611350344
0.05063355973762961
0.04568251775559101
0.04091652526567627
0.03694430576898756
0.03368775286948839
0.031071938645746883
0.029026249696406863
0.026841782794769228
0.02514115070353485
0.02386110503064406
0.022944627413645047
0.02234060978508854
0.0220035298582069
0.021194157751107993
0.02064268064894641
0.0203089379427766
0.02015858947357788
0.020164804369408457
0.020308728073774346
0.019901659527910346
0.019647409720343952
0.01953518611581309
0.019553287669959372
0.01968755647599362
0.019920958790125818
0.019591763999733
0.01937743984895856
0.01925567548354787
0.01921351920904079
0.019244656777053913
0.019346630631042732
0.018833612116832123
0.018483613789053624
0.018292631472028656
0.018253975305710393
0.018359719718471744
0.018008546587555303
0.01780868452920301
0.017755550908072334
0.017846554982110917
0.017746446880505775
0.01783811286976125
0.018108757316567654
0.01814367257758603
0.018359371313377608
0.018742077282872673
0.018962595240150256
0.019276904737241557
0.019595805114691677
0.019518380593052727
0.019490076729020495
0.019545966725624718
0.01970129820606168
0.019415031987797385
0.019242441500537347
0.01917945853040348
0.019223943007865393
0.01937502004371508
0.01922906352308346
0.019253481447769352
0.019441368459711134
0.01978836067657101
0.019894773621688382
0.020185374491842094
0.020671825008447175
0.021372164584164074
0.022312950741241885
0.023081966405118778
0.024199213186354238
0.02545629576218542
0.02589579327378353
0.025657777486119773
0.024971141913814558
0.0244714203191264
0.024170967278509495
0.024060531966004325
0.024129460414545018
0.02376166953302813
0.023587109777061976
0.023602881269093174
0.02380854925707813
0.024206193758391635
0.02480095051468106
0.025602073852861902
0.025925147033012116
0.026581226205524916
0.027599783180736352
0.029043851307303855
0.031045667590863912
0.03388912969620139
0.03825204859395631
0.03174901871150312
0.026202185998611724
0.022572436713118354
0.02060066335872441
0.01999960894050608
0.020542103495264263
0.022055135636557952
0.02358198549829027
0.025989745817899954
0.0294159712567013
0.034388355192394984
0.02819685764393475
0.023536548349025296
0.02088195250212124
0.019869199909197582
0.01920171505749137
0.019698454925974898
0.021218069766669668
0.023725614756777005
0.027408897350164416
0.03303853471718255
0.0340257766052649
0.03422583069196495
0.034407719564660696
0.03364926797980545
0.03295605428806881
0.03235227842291912
0.03186047840533132
0.031484393677635815
