1.4577612883714643
1.073379521324974
1.0624071239118504
1.050659564008283
1.038596264653352
1.0263791473601838
1.0138253670258357
1.0011260536944884
0.9884600563255215
0.9758042028289035
0.9631386232803886
0.9505084682260398
0.937882748411095
0.9251851160345402
0.9124258726657997
0.8996187817006215
0.8867757886381633
0.8731500980845716
0.8594426014109372
0.845666147256567
0.8318302465534362
0.8179426341756023
0.8040096403477249
0.7900364763868979
0.776027721655605
0.7619880234783131
0.747487846795138
0.733004773986845
0.7185259850978891
0.7040384068949732
0.6895310469603956
0.6749975600434567
0.6598119342925242
0.6446274786643641
0.6294642621867677
0.6143402448253799
0.5992718487484028
0.584274853777024
0.5693654538634145
0.554561415153697
0.5392653838292606
0.524121673899638
0.5091391673035606
0.4943267364063941
0.47969419040841615
0.46525367899314496
0.4502558489678559
0.43555329391335174
0.4211636066003982
0.4071024563648708
0.3933842323888746
0.3800228133594371
0.36634767279039737
0.3530131206246827
0.3400215193560172
0.32737897061754634
0.3144863547266465
0.30207532011014593
0.29013962252933234
0.27867216560364233
0.26681729205681537
0.2553857506543737
0.24440172195060114
0.2338872146126588
0.22326250155930577
0.21327046335796476
0.20343475818115592
0.1941438886436636
0.1850783057157525
0.17656399470231593
0.16787287840677526
0.15974446694160413
0.1521662594638948
0.14512454337055797
0.13771291154043486
0.13092399420078993
0.12474919236053153
0.11918282668429216
0.11279969839886782
0.1070397714261793
0.10180549095639484
0.09689510167896824
0.0920483138955286
0.08722112809221728
0.08252228844729811
0.07644564794496703
0.07078529700014544
0.06556606677497781
0.060796455457970695
0.056473985042255585
0.05258746114303617
0.049117205858005476
0.04603058293616583
0.04325574409972715
0.040430002357327806
0.036025917389030965
0.032938006710248297
0.03063400338698717
0.028991636818717068
0.02798998440281267
0.027674968428484617
0.028191346038094218
0.029923738768247936
0.03420502056638991
0.030684948558939558
0.028114858038621952
0.02655006457591781
0.025557770120927355
0.024962284759187395
0.024682684894677634
0.02468095536123672
0.024940504412173506
0.02545617192484633
0.02622952137708706
0.02726685816790057
0.027158618073408955
0.02742418142459695
0.02807355912865144
0.02912362192738081
0.030598957331586723
0.03253270884715627
0.034966832402823896
0.031394831703939675
0.028744067708239514
0.027016581652082348
0.026166123946032904
0.026114292832676973
0.026768827427289196
0.026066868798525083
0.026003005502886478
0.026483508610202707
0.027429798113963247
0.02877937645177982
0.030486009976852635
0.0275074251532917
0.02539585936743422
0.02407590558347197
0.02346712678375271
0.023487073103961382
0.02405485570194495
0.02509438534867608
0.026536908611842408
0.028322795922218907
0.02864404769939807
0.029379995324160815
0.02663306333627224
0.02470317800951152
0.023508328521866892
0.02296728663709359
0.02300081057420242
0.02353317885626581
0.024493739914246682
0.025818288110015873
0.02745017458361849
0.029341125535133874
0.028358168420904644
0.027756294943464516
0.027636320624008403
0.02595976503237691
0.024920101625242483
0.024448393001649412
0.024479367516050524
0.02495216862997659
0.025811039752164137
0.027005877037521844
0.025789752893364867
0.025067242488238363
0.02478146163659541
0.024878260500288418
0.025306751403881427
0.026019955003432692
0.026975448442759915
0.028135931798594447
0.02741603888139781
0.02725277106726064
0.027472117395956216
0.02574602066588126
0.02455452591205697
0.023840055196350917
0.02354738369461444
0.023624165955564234
0.024021524066241272
0.02469461598959532
0.025603121531974984
0.026711604235355745
0.027989727022327333
0.02949545135903744
0.027176665123317553
0.025433485306887504
0.02420905402746823
0.023447638636435165
0.02309496951443997
0.023098853329687512
0.02340991137570763
0.023982322065194343
0.024774477855827853
0.025749496864742295
0.025387184051695315
0.025401793103063394
0.025748368157650966
