0.9668768899099158
0.9365471794968453
0.9331564744826241
0.9294996395998985
0.9254650849476704
0.9212296310458872
0.9166559339200343
0.9119170648972913
0.907036921102662
0.9020918354352767
0.8968828367587571
0.891509059509657
0.8859714647400712
0.8802707352711548
0.8741116350998863
0.8677321652304221
0.8614407235579793
0.8549510320965077
0.8482577744640795
0.8413768412069488
0.8345890700262629
0.8267807133757772
0.818640574696777
0.8096183943872497
0.8002377550405736
0.7905055609203426
0.7804483823446416
0.7705453706465515
0.7603948524470587
0.750044565576748
0.7395500478815116
0.7289733738746085
0.7183809599999305
0.7078405262515695
0.6973183156929927
0.6870121073175266
0.6770895629786193
0.6675216166877709
0.6581621388993232
0.6489663378649947
0.6399289873715095
0.631050086352957
0.6223258419578772
0.6132302849340955
0.6039752941807418
0.5946775062013867
0.5852778084598117
0.575956153969468
0.5668941904396207
0.5582311408912788
0.5495232484228036
0.5407492799468806
0.5325750126014477
0.5248233272439919
0.5177688608618563
0.5114163249165702
0.5057597197939662
0.5007650068553786
0.4956208559092662
0.4911060786751028
0.4871853164756783
0.48299197401283733
0.4793389521597988
0.476209444191693
0.47283794003929625
0.47000986390640076
0.46768348449631447
0.4658006520703255
0.46430376320105615
0.4625175144471312
0.4605737433048831
0.4591257872602793
0.45812235826858205
0.4575069497064552
0.457223183908798
0.4563612503833967
0.45576916348859675
0.4550349491063935
0.45454316424378516
0.45428666381770666
0.45423184139083017
0.45427605533789517
0.4536556383973843
0.4529867730266608
0.4525260510044553
0.45205218998166075
0.451787815046378
0.4517178424902868
0.45182762902038665
0.45192464689654976
0.4515977674072549
0.45149515932776385
0.45159625255900604
0.4515591590157234
0.4517106555863841
0.45196468998614225
0.45203156938364386
0.451676922303342
0.4514974142685446
0.4514757013040247
0.4513425278617217
0.45134418437975254
0.4511107065936083
0.45103680823239767
0.4511416078844851
0.4514353446118117
0.45162317379858063
0.4515309329179731
0.45133314743617625
0.4514394622835848
0.45165812691319307
0.4519823365954231
0.4522791729230419
0.45301661004828997
0.45265609138539176
0.4518489043949261
0.4516303189478925
0.4519589987431687
0.4527791654683243
0.45364357370603514
0.4549316083158492
0.4550109242467939
0.45526448227102023
0.4535618458942525
0.4525984600597651
0.4524710682301277
0.4531245554376434
0.45302083211028144
0.4537593067043467
0.4530412493150422
0.45247465850481994
0.4520287290749403
0.45224885084798105
0.4530715550757145
0.45294990269462376
0.4535660940358951
0.4549464199407337
0.4541582665357218
0.4541290463219858
0.45368270641241526
0.4541437823442356
0.45416691307088664
0.4550832084969907
0.4536907786361697
0.4531239746288388
0.4533156088789937
0.45414717626379064
0.4546387304443227
0.4554936868036973
0.45761525953054316
0.4560795235724725
0.45632979346730584
0.45709631695100217
0.4581148357246678
0.45804775759914995
0.4578567671679268
0.45796796960660635
0.4583634953366693
0.4590074884300216
0.4598033450535284
0.46081050128176204
0.4609070032423299
0.46127366538782566
0.45970709737729043
0.45876453234243597
0.45840228297406793
0.4585534640793737
0.45914128701667467
0.4596917705946675
0.45984797213888473
0.4604867517167681
0.45992571180904696
0.4598364170398198
0.46019350889654853
0.45955187285457244
0.4594182992410547
0.45947042275753747
0.4591718812536879
0.4593553986327258
0.45997567128380923
0.4594517208224521
0.4589876171396623
0.4589620746603552
0.4590901144848478
0.4583259137320057
0.4580647522596052
0.45825572414866955
0.45885072707281294
0.45980563772403227
0.46088884759731796
0.46031728298134944
0.4601973103904332
0.4589908679844611
0.45831422209581774
0.45793755154911076
0.45800592498629555
0.4584531912408365
0.4592179955655089
0.4598095839407276
0.4603117725352581
