0.9803244453543416
0.9746834842931507
0.9739367023236294
0.973149000939322
0.9723290266597878
0.9714797500466242
0.9706074422404141
0.9697183018324291
0.9688189862807156
0.9678570457527428
0.9668662198321005
0.9658977054622282
0.9649846218632935
0.9639968107199088
0.9629622862478182
0.9619265765803009
0.9608890485551091
0.9597800638489649
0.9586546822632286
0.9575161715581066
0.9563703247552318
0.9552235019001786
0.9540820234225137
0.9529544580151208
0.9518363655618555
0.9507290008815574
0.9496323548774308
0.948543842196024
0.9474567716426262
0.9463614845344321
0.9452518135352792
0.9441271269148195
0.9429875955668863
0.9418326458901645
0.9405686361259366
0.9392889692487252
0.938003970466645
0.9367165997828972
0.9353914409935618
0.9340066481446179
0.9325762774858728
0.9311180092794236
0.9296506875041384
0.9282292663405962
0.926611512612849
0.9250483677048846
0.9235146588303675
0.9220072903444015
0.9205275909195159
0.9190783196856082
0.9176630343142396
0.9162860803258407
0.9149515954749281
0.9136609246166245
0.912412761177478
0.911204009215833
0.9100300193274179
0.9088896369090689
0.9077048914999268
0.9065650411022115
0.9054701518643158
0.9044193922375441
0.9034119484364892
0.9024472160472006
0.9015244081121316
0.9006393499302121
0.8997574914576421
0.8989977578828555
0.8983514794872587
0.8977889191678543
0.8972753893837133
0.8968139543053881
0.8964081354983241
0.8960579092759163
0.8957599595761597
0.895508906518889
0.8952990000199312
0.8951264805090968
0.8949944304271442
0.8949832969802956
0.8948230357700437
0.8946967193302195
0.8945948685323546
0.8945100417883651
0.8944340618801014
0.8943560261168502
0.8942689581819363
0.8941839729456286
0.8941152502845496
0.894070536612373
0.8940519754416087
0.8940423881396844
0.8940553827860543
0.8940867641252264
0.894132550070126
0.894188179602339
0.8942468026177863
0.8942973114439932
0.8943296857720893
0.8943545153829668
0.8943880078969848
0.8944453491758968
0.894542805869789
0.8945793513836368
0.894282487141702
0.894084968929236
0.8940020386325155
0.8940105166845396
0.8941049609504732
0.8942784556633953
0.8945456055911007
0.8948734012277891
0.894642489960401
0.8944620198656784
0.8943550192153294
0.8943213022915615
0.8943597837020194
0.8945078597064637
0.8945402044693787
0.8946956692280132
0.8949506236287418
0.895323498972534
0.8951834914063219
0.8952094389679787
0.8954550568487702
0.8960959408306322
0.8955789756417528
0.8954677738135506
0.8956093354611306
0.8956577913865151
0.895820662420536
0.8956840443854341
0.8956381704944271
0.8956962703487045
0.8958492821926953
0.8958420423464326
0.8959005253509017
0.8960196189215782
0.8961883899304173
0.8961624122405301
0.89620353026097
0.8963087184721137
0.8964716784658836
0.8965080163347866
0.8966327065543545
0.8966604774383976
0.8967807836717188
0.8967428580241861
0.8968014902841034
0.8967986591976824
0.8968892592637263
0.8970649979481249
0.897315918303911
0.8976011915914389
0.8977653060756292
0.8972977387021409
0.8969432724258362
0.8967095829488118
0.8964695015419497
0.896368979708539
0.8963964169630289
0.8965363230255484
0.8967796171863491
0.8971044726849441
0.897495427288326
0.8973791346521377
0.8973774581764677
0.897492744911939
0.8974256867573512
0.8974635505638435
0.8975949651896076
0.8978045831365224
0.8980775355767863
0.8982501882458879
0.8984694971157497
0.8983401706701338
0.8980909477356857
0.8979542825929311
0.8979221823812463
0.8979811412186541
0.898115260665195
0.8980381199437298
0.8979412444475758
0.897918519315122
0.8979595707363281
0.8980564338551743
0.8979110372125025
0.8978532817660594
0.8978701427347499
0.8978473894827564
0.8978979863656559
0.8980223389724235
0.897954400965571
0.8979966623282964
0.8979132395407299
0.8977699639029079
0.8976985687927531
0.897738486860483
0.8977603203806089
0.8977553725975601
