0.8064507516757506
0.7276716508095737
0.7266937044254902
0.7257131179270118
0.724730241827638
0.7237451899584295
0.722758004952549
0.7217687004916775
0.7207772763956761
0.7197837251785435
0.7187880353007907
0.7177901929490981
0.716790183087699
0.715787990119302
0.7147835983223796
0.713776992152961
0.7127681564601587
0.7117570766442483
0.710743738774877
0.7097281296805241
0.708710237016493
0.7076900493163549
0.7066675560302871
0.7056427475527856
0.7046156152415972
0.7035861514292945
0.7025543494286166
0.7015202035324969
0.7004837090095468
0.6994448620956488
0.6984036599822327
0.6973601008017383
0.6963141836107107
0.6952659083709317
0.6942152759289453
0.6931622879943033
0.6921069471168206
0.6910492566631055
0.6899892207925928
0.6889268444332952
0.6878621332574488
0.686795093657223
0.685725732720627
0.6846540582077394
0.6835800785273651
0.6825038027142019
0.6814252404065921
0.6803444018249178
0.679261297750682
0.6781759395063178
0.6770883389357376
0.6759985083856528
0.6749064606876607
0.6738122091411061
0.6727157674967095
0.6716171499409546
0.6705163710812194
0.6694134459316328
0.6683083898996396
0.6672012187732458
0.6660919487089259
0.6649805962201576
0.6638671781665662
0.6627517117436448
0.6616342144730227
0.6605147041932573
0.6593931990511186
0.6582697174933403
0.6571442782588088
0.6560169003711644
0.6548876031317918
0.6537564061131727
0.6526233291525729
0.651488392346049
0.6503516160427489
0.6492130208394811
0.6480726275755402
0.646930457327767
0.6457865314058211
0.6446408713476532
0.6434934989151662
0.6423444360900354
0.6411937050696901
0.6400413282634319
0.6388873282886838
0.6377317279673536
0.6365745503223039
0.6354158185739187
0.6342555561367587
0.6330937866162871
0.6319305338056729
0.6307658216826495
0.6295996744064323
0.6284321163146842
0.6272631719205222
0.6260928659095621
0.624921223136994
0.623748268624686
0.6225740275583098
0.6213985252844882
0.6202217873079534
0.6190438392887194
0.6178647070392651
0.6166844165217209
0.6155029938450629
0.614320465262302
0.6131368571676814
0.6119521960938636
0.6107665087091194
0.6095798218145065
0.6083921623410464
0.6072035573468892
0.6060140340144722
0.6048236196476675
0.6036323416689158
0.6024402276163594
0.6012473051409488
0.6000536020035494
0.5988591460720276
0.5976639653183293
0.5964680878155426
0.5952715417349455
0.5940743553430459
0.5928765569986019
0.5916781751496327
0.5904792383304169
0.589279775158472
0.58807981433153
0.5868793846244933
0.5856785148863797
0.5844772340372573
0.5832755710651667
0.5820735550230334
0.5808712150255642
0.5796685802461388
0.5784656799136907
0.5772625433095746
0.57605919976443
0.5748556786550298
0.5736520094011306
0.5724482214623057
0.5712443443347766
0.5700404075482368
0.5688364406626727
0.5676324732651727
0.5664285349667426
0.5652246553991054
0.5640208642115074
0.5628171910675157
0.5616136656418178
0.560410317617019
0.5592071766804378
0.5580042725209045
0.5568016348255562
0.5555992932766387
0.5543972775483081
0.5531956173034343
0.5519943421904099
0.5507934818399627
0.5495930658619748
0.5483931238423032
0.5471936853396151
0.5459947798822193
0.544796436964915
0.5435986860458457
0.5424015565433593
0.5412050778328841
0.5400092792438111
0.5388141900563883
0.5376198394986282
0.5364262567432285
0.5352334709045039
0.5340415110353312
0.5328504061241162
0.5316601850917657
0.5304708767886834
0.5292825099917784
0.5280951134014944
0.5269087156388503
0.5257233452425092
0.5245390306658575
0.5233558002741105
0.5221736823414314
0.5209927050480805
0.5198128964775763
0.5186342846138878
0.5174568973386418
0.5162807624283592
0.5151059075517108
0.5139323602668051
0.5127601480184882
0.511589298135684
0.5104198378287497
0.5092517941868617
0.5080851941754314
0.5069200646335414
0.5057564322714183
0.504594323667926
0.5034337652680962
0.5022747833806804
0.5011174041757351
0.4999616536822413
0.4988075577857486
0.4976551422260531
0.49650443259490473
0.4953554543337523
0.4942082327315167
0.4930627929223904
0.4919191598836876
0.4907773584337055
0.48963741322964005
0.4884993487655177
0.4873631893701761
0.48622895920526965
0.4850966822633158
0.48396638236576905
0.4828380831611444
0.4817118081231547
0.48058758054890793
0.47946542355712185
0.47834536008638473
0.4772274128934494
0.4761116045515632
0.47499795744883666
0.47388649378664915
0.47277723557808826
0.4716702046464314
0.4705654226236594
0.46946291094901216
0.4683626908675802
0.4672647834289302
0.46616920948577756
0.4650759896926838
0.4639851445048031
0.46289669417666
0.46181065876096916
0.46072705810748815
0.4596459118619115
0.4585672394648056
0.45749106015056984
0.4564173929464511
0.45534625667158346
0.4542776699360732
0.45321165114011597
0.4521482184731558
0.4510873899130786
0.4500291832254457
0.448973615962761
0.44792070546378093
0.44687046885285187
0.4458229230392984
0.4447780847168312
0.4437359703630087
0.4426965962387215
0.4416599783877212
0.44062613263618167
0.4395950745922972
0.43856681964591404
0.43754138296820366
0.436518779511362
0.43549902400835216
0.4344821309726782
0.4334681146981906
0.4324569892589304
0.4314487685090086
0.43044346608251083
0.4294410953934472
0.4284416696357243
0.42744520178315604
0.42645170458950954
0.4254611905885758
0.4244736720942779
0.4234891612008097
0.4225076697828044
0.4215292094955364
0.4205537917751523
0.41958142783893226
0.4186121286855833
0.41764590509555877
0.4166827676314111
0.41572272663817067
0.414765792243753
0.4138119743593992
0.41286128268013855
0.4119137266852787
0.4109693156389286
0.41002805859054225
0.40908996437549117
0.40815504161566685
0.4072232987200992
0.40629474388561004
0.4053693850974871
0.4044472301301808
0.4035282865480293
0.4026125617060037
0.4017000627504782
0.40079079662002537
0.39988477004622724
0.39898198955451414
0.3980824614650248
0.3971861918934875
0.3962931867521169
0.3954034517505415
0.39451699239673843
0.3936338139980028
0.3927539216619196
0.39187732029736877
0.3910040146155419
0.39013400913097895
0.389267308162618
0.3884039158348679
0.38754383607869614
0.38668707263273294
0.38583362904438956
0.3849835086709942
0.3841367146809407
0.38329325005485837
0.38245311758678635
0.3816163198853715
0.38078285937507084
0.3799527382973774
0.37912595871204735
0.3783025224983524
0.37748243135632953
0.37666568680805834
0.3758522901989322
0.37504224269896114
0.3742355453040601
0.373432198837372
0.3726322039505843
0.37183556112525984
0.3710422706741777
0.37025233274268
0.3694657473100321
0.36868251419078535
0.36790263303614645
0.3671261033353638
0.36635292441710454
0.36558309545085577
0.3648166154483189
0.3640534832648141
0.3632936976006942
0.3625372570027534
0.3617841598656545
0.36103440443334767
0.3602879888005043
0.3595449109139447
0.3588051685740785
0.35806875943633776
0.3573356810126277
0.3566059306727646
0.35587950564592485
0.3551564030220974
0.3544366197535257
0.3537201526561732
0.35300699841116334
0.35229715356624347
0.3515906145372353
0.35088737760948974
0.35018743893934645
0.3494907945555803
0.34879744036086835
0.34810737213323195
0.3474205855274951
0.3467370760767384
0.34605683919374297
0.34537987017244565
0.34470616418938027
0.344035716305125
0.3433685214657446
0.34270457450422875
0.34204387014192805
0.34138640298999134
0.3407321675507915
0.3400811582193536
0.3394333692847843
0.3387887949316808
0.3381474292415546
0.33750926619423993
0.33687429966930005
0.3362425234474312
0.3356139312118597
0.33498851654973383
0.33436627295351196
0.3337471938223452
0.3331312724634542
0.33251850209349876
0.3319088758399472
0.33130238674243395
0.3306990277541124
0.3300987917430035
0.32950167149333964
0.32890765970689484
0.32831674900431695
0.3277289319264458
0.32714420093563445
0.32656254841705135
0.3259839666799813
0.3254084479591256
0.3248359844158818
0.32426656813962573
0.3237001911489855
0.32313684539310306
0.3225765227528913
0.32201921504228537
0.3214649140094795
0.3209136113381654
0.32036529864875607
0.31981996749959984
0.3192776093881947
0.3187382157523847
0.31820177797155724
0.3176682873678255
0.31713773520720234
0.31661011270077166
0.3160854110058432
0.31556362122711124
0.315044734417786
0.3145287415807365
0.3140156336696074
0.31350540158994067
0.31299803620028366
0.31249352831327926
0.31199186869676465
0.3114930480748459
0.31099705712897574
0.3105038864990092
0.31001352678426375
0.3095259685445596
0.30904120230125975
0.3085592185382936
0.30808000770317656
0.30760356020801893
0.3071298664305263
0.3066589167149877
0.30619070137326077
0.3057252106857412
0.30526243490232974
0.3048023642433829
0.3043449889006623
0.30389029903826836
0.30343828479356816
0.3029889362781143
0.3025422435785531
0.3020981967575268
0.30165678585456357
0.3012180008869568
0.300781831850644
0.30034826872106646
0.29991730145402695
0.29948891998653215
0.2990631142376369
0.2986398741092664
0.29821918948703685
0.2978010502410685
0.2973854462267872
0.29697236728571597
0.2965618032462567
0.296153743924476
0.29574817912485785
0.2953450986410733
0.29494449225672403
0.29454634974608584
0.2941506608748382
0.2937574154007935
0.29336660307460516
0.29297821364048193
0.29259223683687974
0.2922086623971957
0.2918274800504497
0.2914486795219555
0.29107225053398844
0.290698182806441
0.2903264660574717
0.28995709000414427
0.2895900443630671
0.28922531885100644
0.28886290318551333
0.288502787085524
0.28814496027196856
0.2877894124683573
0.2874361334013691
0.287085112801428
0.2867363404032708
0.2863898059465143
0.2860454991762018
0.2857034098433594
0.28536352770552476
0.2850258425272897
0.28469034408081795
0.28435702214635994
0.2840258665127712
0.2836968669780088
0.2833700133496272
0.28304529544526835
0.28272270309314285
0.2824022261325009
0.2820838544141061
0.2817675778006895
0.2814533861674038
0.2811412694022736
0.28083121740663275
0.2805232200955575
0.28021726739829533
0.2799133492586815
0.2796114556355548
0.27931157650316274
0.2790137018515645
0.27871782168702663
0.27842392603240196
0.2781320049275239
0.2778420484295713
0.27755404661344374
0.2772679895721222
0.27698386741702796
0.2767016702783711
0.2764213883054992
0.2761430116672332
0.275866530552205
0.275591935169181
0.27531921574738394
0.27504836253681664
0.2747793658085643
0.27451221585510577
0.27424690299060683
0.27398341755122113
0.2737217498953771
0.2734618904040592
0.27320382948108735
0.27294755755339395
0.27269306507128555
0.27244034250870985
0.2721893803635126
0.27194016915769137
0.2716926994376383
0.27144696177438865
0.2712029467638589
0.27096064502707506
0.27072004721040466
0.2704811439857787
0.27024392605091385
0.27000838412952266
0.26977450897152633
0.26954229135325747
0.26931172207766474
0.2690827919745066
0.2688554919005425
0.2686298127397242
0.2684057454033755
0.2681832808303737
0.2679624099873248
0.26774312386873156
0.26752541349716596
0.26730926992342685
0.26709468422669946
0.26688164751471344
0.26667015092389035
0.266460185619496
0.2662517427957738
0.2660448136760961
0.26583938951309183
0.26563546158878193
0.2654330212147079
0.26523205973205544
0.26503256851177637
0.26483453895470654
0.26463796249168114
0.26444283058364493
0.26424913472175715
0.26405686642750237
0.26386601725278525
0.26367657878002904
0.26348854262227384
0.26330190042326385
0.26311664385753686
0.26293276463051185
0.26275025447856504
0.26256910516911336
0.2623893085006923
0.26221085630302265
0.2620337404370843
0.26185795279518376
0.2616834853010177
0.2615103299097349
0.26133847860799353
0.26116792341401884
0.2609986563776575
0.260830669580424
0.2606639551355546
0.26049850518804674
0.260334311914708
0.26017136752419034
0.26000966425703387
0.2598491943856964
0.2596899502145935
0.25953192408012005
0.25937510835068844
0.25921949542674694
0.2590650777408068
0.2589118477574601
0.25875979797340587
0.25860892091745935
0.2584592091505723
0.25831065526583963
0.2581632518885182
0.25801699167602676
0.2578718673179564
0.25772787153607535
0.25758499708433147
0.25744323674884695
0.25730258334792644
0.2571630297320445
0.25702456878384394
0.25688719341812905
0.25675089658185735
0.25661567125412466
0.25648151044615375
0.25634840720128205
0.2562163545949462
0.25608534573465835
0.25595537375999144
0.25582643184255704
0.25569851318598147
0.25557161102588166
0.25544571862983856
0.25532082929737265
0.25519693635990726
0.25507403318074695
0.2549521131550395
0.25483116970974073
0.25471119630358807
0.2545921864270526
0.25447413360230986
0.2543570313831949
0.2542408733551671
0.2541256531352606
0.25401136437204797
0.2538980007455933
0.2537855559674028
0.25367402378038306
0.2535633979587897
0.2534536723081766
0.2533448406653469
0.253236896898302
0.253129834906185
0.2530236486192292
0.25291833199870084
0.2528138790368448
0.25271028375682514
0.2526075402126643
0.2525056424891896
0.2524045847019689
0.2523043609972434
0.25220496555187477
0.25210639257327616
0.252008636299347
0.25191169099840893
0.251815550969137
0.25172021054049765
0.25162566407167164
0.2515319059519959
0.25143893060087885
0.2513467324677444
0.251255306031951
0.251164645802723
0.2510747463190711
0.25098560214973087
0.25089720789307
0.25080955817702943
0.2507226476590384
0.25063647102593467
0.25055102299389576
0.25046629830834977
0.2503822917439068
0.2502989981042685
0.2502164122221552
0.25013452895922095
0.25005334320597516
0.24997284988169166
0.24989304393433776
0.24981392034048022
0.24973547410520647
0.24965770026203737
0.24958059387284282
0.24950415002775583
0.24942836384508738
0.24935323047123337
0.24927874508059766
0.24920490287549135
0.24913169908605626
0.2490591289701669
0.24898718781334717
0.24891587092867606
0.248845173656702
0.24877509136534648
0.24870561944981662
0.248636753332514
0.24856848846293988
0.248500820317605
0.24843374439993726
0.24836725624018519
0.24830135139532983
0.24823602544898582
0.24817127401131078
0.24810709271890963
0.24804347723473796
0.24798042324800962
0.2479179264741026
0.24785598265445652
0.2477945875564863
0.24773373697347711
0.2476734267244941
0.24761365265428248
0.24755441063316963
0.24749569655697234
0.2474375063468961
0.24737983594943547
0.24732268133628166
0.24726603850422046
0.2472099034750338
0.247154272295402
0.24709914103681008
0.24704450579543646
0.24699036269207053
0.24693670787199917
0.24688353750491476
0.246830847784814
0.2467786349299007
0.24672689518248114
0.2466756248088663
0.24662482009927578
0.2465744773677353
0.24652459295197182
0.24647516321331997
0.24642618453662013
0.24637765333011608
0.24632956602535538
0.24628191907709007
0.246234708963173
0.24618793218446566
0.24614158526472407
0.2460956647505088
0.2460501672110803
0.24600508923829967
0.2459604274465247
0.2459161784725129
0.24587233897531802
0.24582890563619075
0.24578587515847905
0.24574324426752103
0.24570100971055397
0.24565916825660628
0.24561771669639942
0.2455766518422452
0.24553597052794762
0.24549566960870328
0.2454557459609953
0.24541619648249846
0.24537701809197499
0.24533820772917692
0.24529976235474493
0.24526167895010642
0.24522395451737689
0.24518658607925914
0.24514957067894472
0.2451129053800104
0.24507658726632275
0.24504061344193662
0.24500498103099355
0.24496968717762535
0.24493472904585145
0.24490010381948224
0.2448658087020209
0.2448318409165583
0.244798197705681
0.24476487633136956
0.24473187407489727
0.24469918823673675
0.24466681613645969
0.24463475511263433
0.24460300252273204
0.24457155574303258
0.24454041216851563
0.24450956921277234
0.2444790243079059
0.24444877490443184
0.24441881847118463
0.24438915249521553
0.2443597744817002
0.244330681953841
0.24430187245277268
0.244273343537459
0.24424509278460504
0.24421711778855615
0.24418941616120715
0.24416198553190027
0.24413482354733418
0.2441079278714713
0.2440812961854384
0.2440549261874304
0.24402881559262546
0.2440029621330787
0.24397736355763888
0.24395201763184782
0.2439269221378515
0.24390207487429905
0.243877473656262
0.24385311631513007
0.24382900069852453
0.24380512467020488
0.24378148610997863
0.24375808291360146
0.24373491299269956
0.24371197427466307
0.24368926470256802
0.24366678223507499
0.2436445248463478
0.24362249052595464
0.24360067727878432
0.2435790831249559
0.24355770609972305
0.24353654425339577
0.2435155956512367
0.2434948583733879
0.24347433051477252
0.24345401018500834
0.24343389550832184
0.24341398462345987
0.24339427568360028
0.2433747668562699
0.24335545632325017
0.2433363422804975
0.24331742293805403
0.2432986965199624
0.24328016126417917
0.24326181542248937
0.24324365726042296
0.24322568505717024
0.24320789710549617
0.24319029171165252
0.2431728671953043
0.24315562188943474
0.2431385541402683
0.24312166230718646
0.24310494476264688
0.24308839989209474
0.24307202609388867
0.24305582177921392
0.24303978537200266
0.2430239153088496
0.24300821003893824
0.24299266802395125
0.24297728773799976
0.24296206766753592
0.24294700631127364
0.2429321021801153
0.24291735379706825
0.24290275969716457
0.24288831842738634
0.2428740285465868
0.24285988862541075
0.24284589724621897
0.24283205300301025
0.24281835450134437
0.24280480035826646
0.2427913892022291
0.24277811967302088
0.24276499042168564
0.24275200011044717
0.2427391474126409
0.24272643101263258
0.24271384960574605
0.24270140189819
0.24268908660698596
0.2426769024598877
0.2426648481953223
0.24265292256230042
0.24264112432035745
0.24262945223947463
0.24261790510001047
0.24260648169262744
0.24259518081822107
0.24258400128785162
0.24257294192267131
0.24256200155385355
0.24255117902252776
0.24254047317970606
0.24252988288621236
0.24251940701261987
0.2425090444391772
0.24249879405574282
0.242488654761717
0.24247862546597398
0.2424687050867943
0.2424588925518013
0.2424491867978893
0.2424395867711603
0.24243009142686134
0.24242069972931157
0.2424114106518459
0.24240222317674187
0.2423931362951618
0.2423841490070835
0.24237526032123913
0.24236646925505323
0.2423577748345762
0.24234917609442197
0.2423406720777077
0.2423322618359891
0.24232394442919958
0.24231571892559034
0.24230758440166633
0.24229953994212305
0.24229158463979417
0.2422837175955853
0.24227593791841262
0.2422682447251474
0.24226063714055524
0.2422531142972355
0.2422456753355653
0.24223831940363771
0.2422310456572081
0.24222385325963136
0.24221674138180882
0.24220970920212803
0.24220275590640972
0.2421958806878468
0.2421890827469495
0.2421823612914945
0.24217571553646045
0.24216914470398054
0.24216264802328247
0.2421562247306389
0.24214987406930744
0.24214359528948093
0.24213738764823167
0.24213125040945893
0.24212518284383622
0.2421191842287581
0.24211325384828786
0.24210739099310086
0.2421015949604458
0.24209586505407732
0.2420902005842146
0.24208460086748607
0.24207906522688416
0.2420735929917064
0.2420681834975169
0.2420628360860836
0.24205755010534047
0.24205232490932937
0.24204715985815828
0.24204205431794723
0.24203700766078573
0.24203201926468088
0.2420270885135074
0.24202221479696773
0.24201739751053886
0.24201263605542878
0.24200792983852637
0.242003278272361
0.24199868077504905
0.24199413677025905
0.24198964568715153
0.24198520696035064
0.24198082002988508
0.24197648434115548
0.2419721993448789
0.24196796449705527
0.24196377925891532
0.241959643096885
0.2419555554825349
0.24195151589254393
0.2419475238086538
0.2419435787176255
0.24193968011120026
0.24193582748605724
0.24193202034377137
0.2419282581907699
0.2419245405382987
0.24192086690237424
0.24191723680374622
0.24191364976786145
0.24191010532481172
0.24190660300931233
0.24190314236064847
0.2418997229226415
0.24189634424361273
0.2418930058763369
0.24188970737801618
0.24188644831022932
0.2418832282389044
0.2418800467342742
0.24187690337084555
0.2418737977273553
0.2418707293867398
0.24186769793609608
0.2418647029666442
0.24186174407369487
