0.9999819824669549
0.999980014104283
0.9999776750443339
0.9999752187105766
0.9999720284100593
0.9999682077954525
0.9999636612834327
0.9999582892337432
0.9999519697419175
0.9999445744583342
0.9999359517237184
0.9999259465487459
0.9999143857993887
0.9999011081657732
0.9998859245401774
0.9998686405052235
0.999849067129599
0.9998270067885767
0.9998022416565819
0.999774498611935
0.9997436428778831
0.9997093514423754
0.9996714565781528
0.9996297469115591
0.9995840574892298
0.9995340524071306
0.9994795977694724
0.9994205274206295
0.9993566877453589
0.9992877870887192
0.9992137946380726
0.9991345246141723
0.9990498205228986
0.9989592078296876
0.9988624737901975
0.9987596161875124
0.9986506207132066
0.9985351081947432
0.9984127496419192
0.9982833144228355
0.9981467608163282
0.9980032125896843
0.9978522932681707
0.9976940024024293
0.9975275329557498
0.9973536043775005
0.9971716869255802
0.9969819736691085
0.9967839745938438
0.9965778572866181
0.9963646826433238
0.9961442149398745
0.9959163697203762
0.9956813478776123
0.9954398169126473
0.995191562756683
0.9949372627208074
0.9946765600677985
0.9944117073280684
0.9941411547837243
0.9938655857341389
0.9935860348690176
0.9933029139817879
0.9930160442668666
0.9927272167002797
0.9924363215321684
0.9921457991033378
0.9918534730982714
0.9915596048023878
0.9912680460343228
0.9909746959202743
0.9906842924267512
0.9903957362655098
0.990109414857047
0.9898270344548618
0.9895482427562269
0.9892720647926839
0.9890000785212424
0.9887324954233738
0.9884686437304291
0.9882104813151653
0.987954141799738
0.9877036303006594
0.987462392342228
0.9872265840903118
0.9869960389569914
0.9867705719006162
0.9865509760062415
0.9863348808576715
0.9861263106273795
0.9859229347822487
0.9857239813304115
0.9855283518135312
0.9853393348588271
0.9851548034896509
0.9849739691945661
0.9847970986074108
0.9846246593141819
0.984458790367921
0.9842973867667599
0.984141596626471
0.9839896190258712
0.9838421174939946
0.9836995691268986
0.9835653572620323
0.9834370036438729
0.9833116544722288
0.9831906405143058
0.9830729322502897
0.982960449531386
0.9828511878132248
0.9827433904620437
0.9826430382381112
0.9825482160835405
0.9824585516669591
0.982368365126933
0.982279749336549
0.9821981510838714
0.9821221861187354
0.982051166274711
0.9819827540608074
0.981916221296758
0.9818505077206238
0.9817929646180751
0.9817377848166201
0.9816848352544174
0.9816361504598113
0.9815865299770424
0.9815363450382202
0.9814870437245259
0.9814418910010324
0.9813991245967248
0.9813582858194967
0.9813207618243229
0.9812848871371005
0.9812526009619462
0.9812242120628607
0.9811971843038181
0.9811724806223577
0.981149764856479
0.9811277048303039
0.9811063448035178
0.9810851425472458
0.9810659206436734
0.9810488810104441
0.9810331047690696
0.9810216504679334
0.981010278544333
0.9810007443505727
0.9809948405221576
0.9809893061366369
0.98098861096001
0.9809873724409022
0.9809848484575916
0.980983544434028
0.9809838926508173
0.9809841589845428
0.9809840834174618
0.9809866686885924
0.9809927885736562
0.9810003293746566
0.9810111751151245
0.9810222630793715
0.9810359328996066
0.9810496679779471
0.9810608955034741
0.9810744982547398
0.9810875412334271
0.9811028576268779
0.9811187933381456
0.981135514470693
0.9811527760849146
0.981168305054396
0.9811849956973494
0.9812049828614396
0.9812250496572937
0.9812474287832612
0.9812692616214056
0.9812935864736371
0.9813184029810231
0.9813422016033424
0.9813656762788219
0.981389129309402
0.9814176887351531
0.9814429635292296
0.9814705186339009
0.9814995326399184
0.9815323607634597
0.9815616664973745
0.9815832577233923
0.9816083953588567
0.9816327474288694
0.9816560911769161
0.9816827026486002
0.9817117618822038
0.9817419253662462
0.9817718133046665
0.9818021085753357
0.9818356630429399
0.9818706542490209
