0.9594079852792756
0.9161214529775528
0.9111807567990533
0.9057767391412284
0.8997192037011309
0.8932109776505427
0.8864031740016365
0.8791968353310111
0.8716925423853027
0.863915648046724
0.8557552912350112
0.847445104095802
0.8389039567402627
0.8301381517765662
0.8211283726069174
0.811391767396975
0.8012476099177327
0.7912127932867332
0.7808781209964932
0.770290119309296
0.7596825941734584
0.7466302278417352
0.7329737487805909
0.7183069356713527
0.7039531012394165
0.6891349514372775
0.673856028120174
0.6581338411736417
0.6419147581721699
0.6253116400754662
0.6079340795853
0.5925923608209929
0.576926346791865
0.5610136208354954
0.5451121304579485
0.5292780239201647
0.5135183351397727
0.4979143267844338
0.4823398788225286
0.46626718630573605
0.4501644296011934
0.43425126573997885
0.41854068859376325
0.40294880416073375
0.3876182488429408
0.372402575205683
0.3577057581317902
0.343385498286663
0.32976547434329206
0.317021452415129
0.30397909416518787
0.2910717772310074
0.27945709131144847
0.2688685903990289
0.25905208252978895
0.2500726168433308
0.24206424755408085
0.23459936639169143
0.22787322995384607
0.22195752183758422
0.21663682978334453
0.21210592934835182
0.2069510616761453
0.20256007421860922
0.19826702440899335
0.19469174917609278
0.19167972825350577
0.1893215980385441
0.18744477045184782
0.1858655993738536
0.18490179825055864
0.1828454222642798
0.18025807950907347
0.1779901742883474
0.17642606764486524
0.17549342597246875
0.17489683120611632
0.17474898278912154
0.17404087652349154
0.17361664914454744
0.17367340648351093
0.17265465718032535
0.17197584454166215
0.171766403387696
0.170786148750674
0.17013528928170507
0.16990427353028525
0.16976498855340483
0.16980260100250044
0.17013187185800538
0.1707137298573469
0.17061880006584051
0.16953003992026106
0.16847848442964664
0.16785070166884786
0.16760949804106506
0.16771920034830168
0.16725794862452625
0.16704301328557425
0.16667928050345993
0.1666431431960862
0.16690992748076383
0.16735098459337905
0.1681122255612858
0.16723213660196012
0.16685105149727897
0.1667987024462917
0.1664525542782732
0.16646597108270433
0.16668700121119762
0.16722347073111565
0.16787286284465097
0.1679994894482607
0.1684388281732757
0.1690004005154171
0.16881442169780303
0.16812574466946795
0.16777991527971658
0.1676619193693013
0.16709898023619418
0.16691195507878875
0.16693783198115775
0.16728186741138618
0.1679123109858992
0.1687953860342135
0.16908615787546433
0.16861712607608037
0.16764785190368758
0.16711541236543992
0.1669775138879458
0.1670224159369441
0.1674082124010694
0.16810182658801853
0.16826600804599867
0.16857314407638124
0.1691614771117147
0.16901222585971332
0.16919742150882344
0.16864201061668682
0.16847853172981664
0.16860446492160408
0.1681606297071705
0.16808069207595167
0.16822674503169155
0.16774522319405794
0.167632458246885
0.16772179650633412
0.16817332385757677
0.16828506106877272
0.16854495597576202
0.16911836812767977
0.16912711634397204
0.16861783521532658
0.16823351730485692
0.16819986404120235
0.16773559660614257
0.16761488087669052
0.1675961507843986
0.1679414289044543
0.16861320880672837
0.16956532445094497
0.16905913889293178
0.16886980552532538
0.16897150163759822
0.16857536337344436
0.16855430375685831
0.16849244701306698
0.16817486061109577
0.16823515903861286
0.1679053549708066
0.16795799221532504
0.1683437495244624
0.16848757850199503
0.16852763932246628
0.1688521226106261
0.1694526079925438
0.1688973075521203
0.16872484685029931
0.16827093026051676
0.1678328289095744
0.16781023466346112
0.1681678811262579
0.1688201292236452
0.16861868968575067
0.168214497291312
0.16820008068461612
0.1685473366846828
0.16827372854007094
0.16836910024617824
0.1681725577391353
0.16775423417405544
0.1675841365634988
0.16803489489382617
0.16821124440776547
0.16839691461151685
0.1683728018134405
0.1682774942275942
0.16850208593047789
0.16806552011318054
0.16804503506977453
