1.041714327353116
1.0393467802791905
1.0367022770293373
1.0336774012058845
1.0302852891721357
1.02660936740398
1.0226190834737212
1.0183290412230017
1.013763994501725
1.0089467447829266
1.0038809770024826
0.9985435886519063
0.9929810328617494
0.9872123020950633
0.9812735458590379
0.9751326025041924
0.9688433627468022
0.9623998369915561
0.9557896488443443
0.9490675633520554
0.942260799378657
0.9353334429929019
0.9283591525611935
0.9213495601925378
0.914271464662623
0.9071597964928011
0.9000637382724074
0.8929345396122289
0.8858477567334865
0.8788025640016411
0.8717998431541015
0.8648392486219241
0.8579034837280138
0.8510411124271805
0.8443003996391675
0.8376997653168793
0.8312318629545458
0.8247657927075532
0.8185306469915065
0.8123905097370356
0.8064843962594768
0.8007872905125221
0.7952171599476625
0.7898042849192024
0.784586363379073
0.7794259598386936
0.774487527278388
0.7698886165254839
0.7652871254525239
0.7609261010857048
0.7567939827985029
0.7527009113163525
0.748835297027757
0.745226732764372
0.7418801223587369
0.738488842748522
0.7351307285540514
0.7318961609601743
0.7287683255416341
0.7254891893941667
0.7223321837267106
0.7190880010548857
0.7159537191250516
0.7128860044164517
0.7100915045512579
0.7069797901195224
0.7039881138810028
0.7009688850111073
0.6980569487178075
0.6954394989591638
0.692580244920181
0.6898333273115719
0.6869802559640312
0.684319068134235
0.6819677142686204
0.6796772091460265
0.6775331822236883
0.6757244704062059
0.6741551728915104
0.6727057205280291
0.6710221862791113
0.669629654552932
0.6684218667912262
0.6674171382032789
0.6666690034954563
0.6660932568658161
0.6655426459511163
0.6649607070691879
0.6643880948850162
0.6640054082051641
0.6631179437642173
0.6624322666161825
0.6617636497217965
0.6612140134130557
0.6607394042933019
0.6603950107649982
0.6601826464211534
0.6600573427658651
0.6600148257240315
0.6599088261468441
0.6598179279756996
0.6596168070280601
0.6592496534072615
0.6590718053074804
0.6589668866280791
0.6588560501018734
0.6587885570861345
0.6588575463172462
0.6589270924933281
0.6589781698255898
0.6592516753662192
0.6593851218084158
0.6597222811891555
0.6594379052448077
0.6592604562067585
0.6589489836434709
0.6587330688256052
0.6586649090168987
0.6588025514438476
0.6591430478988848
0.6594001486745811
0.6596526009974975
0.6597400684017855
0.6595631273942214
0.6594398607580233
0.6591585448375754
0.6590974681856672
0.659325049488247
0.659824719706314
0.6605655126983098
0.6604097312282607
0.659942371306744
0.659639154354989
0.6596434457641256
0.6598347768806828
0.6600614548945951
0.6603607700958358
0.660603044467053
0.6607123837268412
0.6609462649927912
0.6607352566454145
0.6601216501968551
0.6598870738717143
0.6597494214647971
0.6597479023090537
0.6600323681702414
0.6604557020085703
0.6608075167768286
0.661377645223312
0.6611153306892433
0.6609953235055557
0.661198382000492
0.6616599696721236
0.6613359110796874
0.6610813089598407
0.6609350823506633
0.6609591975190672
0.6610673130482416
0.6612495874440272
0.6614879855527037
0.6621341701370285
0.6622090786114944
0.6622609077333079
0.6622468038486439
0.6622489156175899
0.6624109242980223
0.6629515404761254
0.6628573542483431
0.6625143618219412
0.6622382779588003
0.6621553702055316
0.6620283960812244
0.6623527825894693
0.6624336656859388
0.6625347485168551
0.662810619532572
0.6628619620881498
0.6631302480435414
0.6634702455397529
0.6636953057914282
0.6636657511238313
0.6635851554433928
0.6634310178701021
0.6635793103637234
0.6628685263440128
0.6628160094228422
0.6627633734896243
0.6629885684005565
0.663357270517139
0.6639558124334655
0.6642916904174537
0.6646942100359261
0.664547851858561
0.6645553146933564
0.6647644137853431
0.6641691787545206
0.663703804276564
0.6636764599812994
0.6639795007598718
0.6641163754842612
