0.9999569954972192
0.9999357984487115
0.9999054933009842
0.999868989402427
0.9998164919375453
0.999748302865855
0.9996614858665647
0.9995528657573319
0.9994188615902603
0.9992555496905573
0.9991047292880404
0.9988819447004179
0.9986182693786161
0.9983105408057709
0.9979559279551751
0.9975532400908885
0.9971001029999579
0.9965965525995032
0.9960427718063545
0.9954405660820944
0.994789923189781
0.9940913060172133
0.9933471599923203
0.9925559453038041
0.9917193152990909
0.9908371120358597
0.9899087349204491
0.9889319663017035
0.987904292784903
0.9868277985235832
0.9857007639102384
0.9845189438828763
0.9832767312324665
0.9819696540981996
0.9805874834186418
0.9791342091916013
0.9776015959732965
0.9759775015801222
0.9742515319477837
0.9724257567837273
0.9704940453935704
0.9684422356746107
0.9662591841577935
0.9639325690132402
0.9614575165125825
0.9588186623668437
0.9560116378185697
0.9530263751888558
0.9498502570318503
0.9464805307840299
0.9429042202947865
0.9391365710680394
0.9351740565072091
0.9309941776239488
0.9265978521635246
0.9220050752945668
0.91717280098642
0.9121278440100601
0.906881892153332
0.90144118117272
0.8957797586076
0.8899550552807899
0.883953840757587
0.8777883998366462
0.8714831518458991
0.8650256615562459
0.8584408435245485
0.8517260485376564
0.8508074140048139
0.8379748118594065
0.8309776141436109
0.8238776362525709
0.816727501877671
0.8095247772905154
0.8022655898539037
0.794996068592041
0.7876895820321813
0.788280320829994
0.7811734678567206
0.7740753264577402
0.7670042532861711
0.7517257896496293
0.7446963445032082
0.7376776778827805
0.7306854575465647
0.7237863274435
0.7170076150257403
0.7103465905531443
0.7037762330412042
0.6973738046715701
0.6910520219422156
0.6848500314766115
0.678770236224306
0.6728849823750052
0.6671164078381808
0.6615063267105317
0.6559910468127232
0.6509420876905464
0.645811072471224
0.6407772863899266
0.6359334528059689
0.6312810200488095
0.6268553054705559
0.622512395597382
0.618324142430375
0.6142535086660753
0.6103096744996593
0.606525224610041
0.6028210692693705
0.5993520304135714
0.5960178529758138
0.5928186604583774
0.5897535978717692
0.5868461137396955
0.5839975883083672
0.5812880980312733
0.5786867022659279
0.5761718929928176
0.573734569953757
0.5713526650281426
0.5690073024337625
0.566790471169136
0.5647479635242632
0.5627725694990175
0.5609159563993384
0.559153840000175
0.5574894062867923
0.5559390595474476
0.5543915638158914
0.5529898938717435
0.5516846314760055
0.5504402668799797
0.5492666428734003
0.5481474266568123
0.547117898328176
0.5461148354492167
0.5451161327486531
0.5441276906254249
0.5431582112141685
0.5422741150417698
0.5415006053348884
0.540763571814181
0.5400207110754691
0.5394385670930595
0.538866550017459
0.5383872578233531
0.5378637684059833
0.537351420125846
0.5369167799637931
0.5366057446137489
0.5363628561973297
0.5361696195190563
0.535966890424076
0.5357676810018848
0.5356398215963474
0.5355820934288124
0.5356201999785234
0.5357398930736834
0.5358944483442082
0.5360537351820959
0.5363120963661999
0.5365543693198673
0.536792301833497
0.5371175317299866
0.5375493787128252
0.5378603411501613
0.538122010190621
0.5384044051083905
0.5387620656514784
0.5391408782880557
0.5395754165820623
0.5400682923855669
0.5404693344646258
0.5409105757302705
0.5413707677001793
0.5420354284026373
0.5426820502171339
0.5432843482239809
0.5439440332057222
0.5445509234464556
0.5451044118769004
0.5457416309847435
0.5463880956008951
0.5471002337727113
0.5478159169828085
0.548555375581615
0.5493029243793398
0.5500919099936985
0.5509136036473162
0.5517191076106094
0.552510560292768
0.5532964012451247
0.5541332562440922
0.5549419538361362
0.5558546651249663
0.5567485385504525
0.5576055979941512
0.5585477212516391
0.5595382788010814
0.560584164928545
