0.99926336809953
0.9991102862291117
0.9989600023716264
0.998784736399216
0.9985818914137959
0.9983477828700664
0.9980801432616162
0.9977780194076887
0.997437120096277
0.9970534186913145
0.9966212473345192
0.9961357862805602
0.9955900051902055
0.9949836538938583
0.9943113817125183
0.9935753246612609
0.9927538132607024
0.9918456929794753
0.9908465523604888
0.9897465962639697
0.9885406910636191
0.9872248786993961
0.985790910388937
0.9842072031326667
0.9824734123084427
0.9805842622948386
0.9785317141658549
0.9763227727011149
0.9739655633161314
0.9714450212067548
0.9687334247554077
0.9658123056217861
0.9626731335427308
0.9593367730014191
0.955749763591422
0.9518995021437316
0.9477659236256268
0.9433646420184898
0.9387232555408119
0.9338344800743636
0.9286958364890148
0.9232110705387496
0.9174078398085753
0.9113048398468088
0.9048881415012661
0.8980965074341732
0.8910538890014947
0.8836136953669376
0.8759052292514139
0.86799522635223
0.8598235823667894
0.8513260529437029
0.8424740028852048
0.8332811747616105
0.8237799824571505
0.813980671611605
0.8038419778014616
0.7933877617815815
0.7827058657903259
0.7718593498687044
0.7609100992283647
0.7496732695342516
0.7382370441848924
0.7264441080534954
0.7146270175113345
0.7029261238865885
0.690974431465749
0.6789399459029264
0.6670088068948408
0.6549862372004336
0.6427854792853085
0.6304424868181628
0.6179807377292181
0.6054204942774055
0.5928324611197977
0.5802732832689845
0.567732534863955
0.5549382764415876
0.5425085595483443
0.5301078961699671
0.5176757261416886
0.5054712545274531
0.49325045670185597
0.480923846598719
0.46882356706409634
0.4567595918092794
0.4449497178527473
0.4332374398730603
0.42148238582618935
0.41013620012191554
0.3990788331531171
0.38842939842903546
0.37837662744312395
0.36896639955321264
0.3601542440009179
0.3513048315440447
0.34273903120457094
0.3347027357975295
0.3271484948210426
0.3197722474547684
0.31287130892294257
0.30657520794364557
0.30077334360551156
0.2954906551907416
0.29029424680350857
0.285399260632639
0.2809765216988288
0.2766509430003815
0.2720813348579164
0.26749746786171746
0.2633605499601148
0.2595979942328358
0.25640309511989434
0.2534767556172648
0.250766064374757
0.24783145411314755
0.24483184572754568
0.2418622964760203
0.239304568619782
0.23660305980839236
0.23361998996977917
0.23039116773126567
0.22750087056850765
0.2246591621033447
0.22196702090762777
0.21961990701021417
0.2173477322951034
0.21499861230990192
0.21270886083507934
0.21038594359039287
0.2082713390121803
0.20576465030121083
0.20329815572089227
0.2011012639778843
0.19865918547260852
0.19635889789578054
0.19391813444475559
0.19170490282718544
0.18989893555893733
0.1881239027649334
0.18627185102136734
0.18433098323188357
0.18189318833821155
0.17951864094650627
0.1774652733272849
0.17523340307571988
0.17287858947034374
0.17073187798837086
0.16884480853872352
0.16719226530692677
0.16574031904896658
0.16430637753722888
0.16324098904722217
0.16184841166998543
0.1608779994298718
0.15985474202909233
0.15902066086114708
0.15815361825943497
0.15687571366535724
0.1560402247468431
0.15571974081921336
0.15539503943572486
0.15505762386734456
0.15436117492164803
0.1535534844191827
0.1529024560449459
0.15262811384426844
0.15233094624677845
0.15196731864355317
0.1519077330811871
0.15187806643516366
0.15167622366732414
0.15065089280281896
0.15041353461387108
0.15060721808942412
0.1504086343113501
0.150395797354831
0.15035819697181174
0.15052446452029744
0.15117764196138628
0.1514371446657482
0.1514867981838881
0.1515236259133721
0.15171263598536366
0.15244181397882128
0.15280752602920455
0.15309361755897777
0.15380729299690954
0.15449741616100987
0.15427457077586526
0.15388165896954897
0.15378473517580304
0.1538520627657487
0.15388406158499535
0.15434085654557428
0.15505643087860144
0.15562935777220221
0.15616032308134697
0.15637728856472222
0.15663005804984576
