0.7973786110599239
0.7556244419804956
0.752757811000856
0.7498593114359269
0.7469327628101923
0.7439806423200432
0.741004353004346
0.7380047124983052
0.7349822123129364
0.731937153611546
0.7288697222353115
0.7257800326392787
0.7226681550213792
0.7195341328759874
0.7163779948285571
0.7131997629079847
0.7099994585146181
0.7067771068453352
0.7035327402520499
0.7002664008405461
0.6969781425127488
0.6936680325902083
0.6903361531144621
0.6869826018921896
0.6836074933344432
0.6802109591264753
0.6767931487558148
0.6733542299199646
0.6698943888305651
0.6664138304275782
0.6629127785145854
0.6593914758244348
0.6558501840230238
0.652289183657905
0.6487087740574715
0.6451092731857475
0.6414910174572055
0.6378543615155001
0.6341996779795567
0.6305273571600936
0.6268378067492797
0.6231314514859598
0.6194087327985989
0.6156701084278604
0.6119160520305373
0.6081470527663413
0.6043636148689226
0.6005662572023229
0.5967555128039406
0.592931928414989
0.5890960639993161
0.5852484922513816
0.5813897980941147
0.5775205781673249
0.573641440307282
0.56975300301805
0.5658558949351364
0.5619507542819917
0.5580382283198775
0.5541189727916316
0.5501936513598311
0.5462629350398811
0.5423275016285429
0.5383880351284425
0.5344452251690976
0.5304997664250175
0.5265523580314497
0.5226037029983639
0.5186545076232643
0.5147054809034461
0.5107573339483442
0.5068107793925956
0.5028665308104845
0.49892530213244246
0.49498780706426837
0.4910547585097651
0.48712686799748195
0.4832048451122545
0.4792893969322418
0.4753812274721618
0.4714810371334063
0.46758952216174166
0.4637073741132577
0.4598352793292533
0.455973918420706
0.45212396576297553
0.44828608900137235
0.4444609485681913
0.44064919721181894
0.4368514795384568
0.4330684315670289
0.42930068029777024
0.4255488432949944
0.4218135282845089
0.4180953327660851
0.41439484364141344
0.41071263685787496
0.40704927706849514
0.4034053173083565
0.39978129868773793
0.3961777501022178
0.3925951879599301
0.38903411592611437
0.38549502468512065
0.38197839171990433
0.37848468110910627
0.3750143433417049
0.3715678151492311
0.3681455193554949
0.36474786474373244
0.3613752459410523
0.3580280433200369
0.35470662291731003
0.3514113363688628
0.34814252086190056
0.3449004991029371
0.3416855793018495
0.3384980551715725
0.3353382059430937
0.332206296395389
0.3291025768999125
0.32602728347923493
0.32298063787943476
0.3199628476557712
0.31697410627122535
0.3140145932074293
0.3110844740875204
0.3081839008104309
0.3053130116961319
0.3024719316413297
0.2996607722851222
0.2968796321840911
0.29412859699635296
0.29140773967403166
0.2887171206636595
0.28605678811400137
0.28342677809078787
0.28082711479787237
0.27825781080430645
0.2757188672768387
0.27321027421737887
0.2707320107049226
0.2682840451414997
0.26586633550166183
0.26347882958508695
0.2611214652718524
0.2587941707799559
0.2564968649246695
0.2542294573793301
0.25199184893717863
0.24978393177387304
0.2476055897103112
0.24545669847542229
0.24333712596859403
0.2412467325214055
0.239185371158379
0.23715288785643962
0.2351491218028231
0.23317390565115625
0.23122706577547225
0.22930842252192052
0.2274177904579412
0.22555497861872587
0.22371979075072967
0.22191202555209066
0.22013147690977197
0.21837793413326712
0.21665118218474222
0.21495100190546756
0.2132771702384324
0.21162946044702513
0.21000764232969338
0.20841148243049
0.2068407442454293
0.2052951884245986
0.20377457296995205
0.20227865342875406
0.20080718308262968
0.19935991313218915
0.19793659287720866
0.19653696989235214
0.19516079019842536
0.19380779842916418
0.1924777379935626
0.19117035123375015
0.1898853795784441
0.18862256369199215
0.18738164361903242
0.18616235892482047
0.18496444883123353
0.18378765234852412
0.1826317084028357
0.1814963559595656
0.18038133414258795
0.17928638234943106
0.1782112403624304
0.17715564845593612
0.17611934749965175
0.17510207905812003
0.17410358548647842
0.17312361002251075
0.17216189687507832
0.1712181913090044
0.17029223972646745
0.16938378974498303
0.16849259027205876
0.16761839157655967
0.1667609453568949
0.16592000480606506
0.1650953246736756
0.16428666132494907
0.16349377279684119
0.16271641885132693
0.16195436102590088
0.16120736268139912
0.16047518904719782
0.15975760726383947
0.1590543864231927
0.158365297606177
0.15769011391815135
0.15702861052200656
0.15638056466903894
0.15574575572767835
0.15512396521011063
0.15451497679688397
0.1539185763595411
0.15333455198133883
0.15276269397613584
0.15220279490547073
0.1516546495939255
0.1511180551427942
0.15059281094215515
0.15007871868134337
0.149575582357933
0.14908320828524424
0.14860140509844622
0.14812998375927988
0.1476687575594816
0.14721754212292737
0.14677615540656108
0.14634441770014472
0.14592215162486433
0.14550918213086428
0.14510533649371016
0.14471044430986424
0.1443243374911759
0.14394685025845044
0.1435778191341296
0.1432170829341044
0.142864482758719
0.1425198619829856
0.14218306624605426
0.1418539434399556
0.14153234369766932
0.14121811938052975
0.14091112506501047
0.1406112175289268
0.14031825573704992
0.14003210082621165
0.13975261608987533
0.13947966696224123
0.1392131210018882
0.13895284787497975
0.13869871933807065
0.1384506092205241
0.13820839340656388
0.13797194981699745
0.13774115839061352
0.13751590106528955
0.1372960617588116
0.13708152634945436
0.13687218265630907
0.13666792041940068
0.13646863127960474
0.13627420875837049
0.1360845482372951
0.13589954693752782
0.1357191038990554
0.13554311995985735
0.13537149773496715
0.13520414159543204
0.13504095764720037
0.13488185370995598
0.13472673929588241
0.13457552558840646
0.13442812542091032
0.13428445325542648
0.13414442516133684
0.1340079587940668
0.13387497337381582
0.1337453896642996
0.1336191299515369
0.1334961180226859
0.13337627914493522
0.13325954004445129
0.13314582888541382
0.1330350752491135
0.13292721011315756
0.13282216583075002
0.13271987611009584
0.13262027599389148
0.13252330183895344
0.13242889129594715
0.1323369832892557
0.13224751799698387
0.1321604368310817
0.13207568241763445
0.13199319857727998
0.1319129303057932
0.13183482375481426
0.13175882621274404
0.1316848860858052
0.13161295287926167
0.1315429771788187
0.13147491063219308
0.13140870593085496
0.1313443167919588
0.13128169794044775
0.13122080509134826
0.131161594932251
0.1311040251059703
0.1310480541934108
0.13099364169661454
0.13094074802200362
0.13088933446381523
0.1308393631877416
0.13079079721475628
0.130743600405145
0.13069773744273583
0.13065317381931918
0.13060987581928563
0.13056781050443844
0.13052694569903522
0.13048724997500738
0.13044869263739012
0.13041124370995094
0.1303748739210232
0.13033955468952907
0.1303052581112154
0.13027195694507743
0.13023962459998273
0.13020823512150248
0.13017776317893215
0.13014818405250617
0.130119473620816
0.1300916083484105
0.1300645652736141
0.13003832199650267
0.13001285666710116
0.12998814797375824
0.12996417513170488
0.1299409178718124
0.12991835642952954
0.1298964715340034
0.12987524439738596
0.12985465670432472
0.12983469060162933
0.12981532868811596
0.1297965540046313
0.12977835002425386
0.12976070064266454
0.1297435901686882
0.12972700331501208
0.12971092518906457
0.12969534128406357
0.12968023747023416
0.12966559998618177
0.12965141543042746
0.12963767075310584
0.12962435324781996
0.12961145054364465
0.12959895059729287
0.1295868416854291
0.12957511239712494
0.12956375162647904
0.12955274856536247
0.12954209269632455
0.12953177378562997
0.12952178187644148
0.1295121072821338
0.12950274057975097
0.12949367260358924
0.12948489443892486
0.12947639741584815
0.1294681731032562
0.1294602133029411
0.12945251004382863
0.1294450555763197
0.1294378423667596
0.12943086309202634
0.12942411063423576
0.1294175780755541
0.12941125869313375
0.12940514595414976
0.1293992335109545
0.1293935151963268
0.12938798501884186
0.12938263715832965
0.1293774659614485
0.1293724659373453
0.12936763175342536
0.12936295823120358
0.12935844034227373
0.12935407320434378
0.12934985207738414
0.12934577235984668
0.12934182958498763
0.12933801941726963
0.12933433764884616
0.12933078019612976
0.12932734309644633
0.12932402250476216
0.12932081469049417
0.12931771603439568
0.1293147230255126
0.1293118322582213
0.12930904042933067
0.12930634433526522
0.1293037408693034
0.1293012270188928
0.1292987998630304
0.12929645656970779
0.12929419439342216
0.12929201067274276
0.12928990282794128
0.1292878683586901
0.12928590484180535
0.12928400992906042
0.129282181345043
0.12928041688507408
0.12927871441318295
0.12927707186012816
0.1292754872214713
0.1292739585557029
0.12927248398241709
0.12927106168053293
0.12926968988656273
0.12926836689292343
0.12926709104630119
0.12926586074604585
0.12926467444262524
0.1292635306361034
0.12926242787467312
0.1292613647532198
0.12926033991193175
0.12925935203493422
0.12925839984898324
0.1292574821221696
0.12925659766268005
0.12925574531757877
0.1292549239716264
0.12925413254613793
0.12925336999785886
0.12925263531788544
0.12925192753061443
0.1292512456927083
0.12925058889210916
0.12924995624706692
0.1292493469051964
0.12924876004256936
0.1292481948628249
0.12924765059630605
0.1292471264992271
0.1292466218528544
0.12924613596271994
0.12924566815785588
0.12924521779004705
0.1292447842331148
0.1292443668822062
0.12924396515311842
0.12924357848163848
0.1292432063229021
0.12924284815076825
0.12924250345721688
0.1292421717517631
0.12924185256089304
0.1292415454275041
0.129241249910376
0.1292409655836525
0.12924069203633515
0.12924042887180054
0.12924017570732083
0.12923993217361174
0.1292396979143845
0.1292394725859175
0.12923925585663643
0.12923904740671122
0.12923884692766485
0.12923865412198998
0.12923846870278644
0.12923829039339874
0.1292381189270756
0.12923795404663274
0.12923779550413028
0.12923764306055663
0.12923749648552707
0.12923735555698912
0.1292372200609374
0.12923708979113602
0.12923696454885658
0.12923684414261538
0.129236728387923
0.12923661710704837
0.12923651012877535
0.12923640728818375
0.12923630842642686
0.12923621339052138
0.1292361220331414
0.12923603421241803
0.12923594979174913
0.12923586863961622
0.12923579062940105
0.12923571563921277
0.1292356435517239
0.12923557425400556
0.12923550763736846
0.12923544359721484
0.1292353820328942
0.1292353228475528
0.12923526594800838
0.12923521124461101
0.1292351586511158
0.12923510808456173
0.1292350594651529
0.1292350127161428
0.12923496776372068
0.12923492453690832
0.12923488296745533
0.12923484298973642
0.12923480454066139
0.12923476755957297
0.12923473198816426
0.12923469777038932
0.12923466485237745
0.12923463318235562
0.12923460271057052
0.12923457338920963
0.12923454517233202
0.12923451801579733
0.1292344918771976
0.12923446671579086
0.12923444249244387
0.12923441916956513
0.12923439671104975
0.1292343750822198
0.12923435424977792
0.12923433418174446
0.12923431484741366
0.1292342962173053
0.1292342782631143
0.12923426095766632
0.12923424427487695
0.12923422818970776
0.12923421267812651
0.12923419771706557
0.12923418328438785
0.12923416935885157
0.12923415592007004
0.12923414294848268
0.12923413042532605
0.1292341183325908
0.1292341066530054
0.12923409536999697
0.12923408446767237
0.1292340739307848
0.12923406374470892
0.12923405389542275
0.12923404436947405
0.1292340351539626
0.12923402623652136
0.1292340176052904
0.1292340092488965
0.1292340011564358
0.12923399331745644
0.129233985721937
0.12923397836026718
0.12923397122323965
0.12923396430202772
0.1292339575881668
0.12923395107354751
0.1292339447503953
0.12923393861126187
0.12923393264900318
0.12923392685677992
0.12923392122803146
0.12923391575647403
0.12923391043608723
0.12923390526109824
0.1292339002259788
0.12923389532542962
0.1292338905543735
0.12923388590794704
0.12923388138148717
0.1292338769705298
0.12923387267079356
0.1292338684781812
0.1292338643887624
0.12923386039877427
0.1292338565046105
0.12923385270281573
0.12923384899007961
0.12923384536322857
0.12923384181922393
0.12923383835515423
0.12923383496822716
0.12923383165576852
0.12923382841521625
0.1292338252441153
0.12923382214011025
0.1292338191009469
0.12923381612446194
0.12923381320858474
0.12923381035132808
0.12923380755078817
0.12923380480513924
0.12923380211263213
0.12923379947158897
0.1292337968804006
0.1292337943375229
0.12923379184147576
0.12923378939084296
0.1292337869842598
0.12923378462042157
0.12923378229807325
0.1292337800160137
0.12923377777308787
0.12923377556818816
0.12923377340025022
0.1292337712682533
0.1292337691712162
0.12923376710819667
0.12923376507829076
0.12923376308062817
0.12923376111437224
0.12923375917872237
0.1292337572729051
0.12923375539617676
0.12923375354782474
0.12923375172716156
0.12923374993352688
0.12923374816628286
0.12923374642481777
0.129233744708542
0.12923374301688773
0.1292337413493062
0.12923373970527086
0.12923373808427463
0.12923373648582304
0.12923373490944723
0.1292337333546879
0.12923373182110554
0.12923373030827412
0.129233728815784
0.12923372734323646
0.12923372589024995
0.12923372445645065
0.1292337230414825
0.1292337216449958
0.1292337202666568
0.1292337189061391
0.12923371756312774
0.12923371623731728
0.12923371492841096
0.12923371363612324
0.12923371236017422
0.12923371110029402
0.12923370985622096
0.129233708627699
0.1292337074144817
0.12923370621632735
0.1292337050330018
0.1292337038642769
0.1292337027099325
0.12923370156975278
0.12923370044352556
0.12923369933104778
0.1292336982321185
0.12923369714654365
0.1292336960741336
0.12923369501470194
0.1292336939680695
0.1292336929340575
0.12923369191249334
0.12923369090321069
0.12923368990604078
0.12923368892082399
0.1292336879474023
0.12923368698562088
0.12923368603532726
0.12923368509637445
0.12923368416861647
0.12923368325190998
0.12923368234611576
0.12923368145109715
0.1292336805667188
0.12923367969284894
0.12923367882935788
0.1292336779761173
0.12923367713300493
0.1292336762998949
0.12923367547666764
0.12923367466320423
0.12923367385938622
0.1292336730651017
0.12923367228023463
0.12923367150467513
0.12923367073831393
0.12923366998104246
0.12923366923275437
0.12923366849334528
0.12923366776271195
0.12923366704075223
0.12923366632736666
0.1292336656224563
0.12923366492592414
0.12923366423767302
0.12923366355760946
0.12923366288563853
0.1292336622216682
0.12923366156560856
0.12923366091737076
0.129233660276864
0.12923365964400035
0.129233659018695
0.1292336584008632
0.12923365779041784
0.12923365718727842
0.129233656591361
0.12923365600258496
0.12923365542087184
0.1292336548461388
0.1292336542783099
0.12923365371730655
0.12923365316305302
0.12923365261547348
0.12923365207449355
0.12923365154003685
0.12923365101203332
0.1292336504904097
0.129233649975094
0.12923364946601656
0.1292336489631053
0.12923364846629448
0.12923364797551218
0.12923364749069466
0.12923364701177065
0.1292336465386782
0.12923364607134913
0.12923364560971917
0.12923364515372515
0.129233644703303
0.12923364425839112
0.12923364381892688
0.12923364338484766
0.12923364295609563
0.12923364253260827
0.12923364211432709
0.129233641701194
0.12923364129314951
0.12923364089013634
0.1292336404920995
0.12923364009897986
0.12923363971072366
0.1292336393272745
0.1292336389485801
0.1292336385745837
0.12923363820523248
0.12923363784047448
0.12923363748025662
0.12923363712452807
0.12923363677323607
0.1292336364263319
0.12923363608376348
0.1292336357454822
0.1292336354114384
0.1292336350815847
0.1292336347558708
0.12923363443425195
0.12923363411667843
0.12923363380310426
0.1292336334934837
0.12923363318777137
0.1292336328859225
0.12923363258789078
0.12923363229363283
0.12923363200310523
0.1292336317162639
0.12923363143306654
0.1292336311534713
0.12923363087743533
0.129233630604917
0.12923363033587565
0.12923363007027067
0.12923362980806197
0.12923362954920836
0.129233629293672
0.12923362904141344
0.1292336287923942
0.1292336285465755
0.12923362830392104
0.1292336280643921
0.12923362782795278
0.1292336275945657
0.12923362736419497
0.12923362713680442
0.12923362691235907
0.12923362669082417
0.12923362647216452
0.12923362625634705
0.12923362604333588
0.12923362583309916
0.12923362562560292
0.12923362542081496
0.1292336252187014
0.1292336250192313
0.12923362482237233
0.1292336246280943
0.12923362443636421
0.1292336242471529
0.12923362406043004
0.12923362387616344
0.12923362369432434
0.12923362351488465
0.1292336233378144
0.12923362316308473
0.1292336229906672
0.12923362282053363
0.12923362265265492
0.12923362248700565
0.12923362232355828
0.1292336221622844
0.12923362200315835
0.12923362184615328
0.1292336216912443
0.129233621538404
0.1292336213876083
0.12923362123883064
0.1292336210920476
0.12923362094723367
0.12923362080436407
0.12923362066341537
0.1292336205243635
0.12923362038718522
0.12923362025185658
0.12923362011835504
0.12923361998665828
0.1292336198567433
0.1292336197285865
0.1292336196021684
0.12923361947746592
0.12923361935445687
0.12923361923312127
0.12923361911343723
0.12923361899538433
0.1292336188789419
0.12923361876409023
0.1292336186508084
0.12923361853907667
0.12923361842887504
0.12923361832018576
0.12923361821298762
0.12923361810726341
0.12923361800299293
0.12923361790015786
0.1292336177987411
0.12923361769872388
0.12923361760008767
0.1292336175028158
0.12923361740688988
0.12923361731229388
0.1292336172190086
