0.9999317404225867
0.999928340828575
0.9999247159052789
0.9999206209894701
0.9999160194470648
0.9999108502916093
0.999905033612751
0.9998985403822306
0.9998912878018122
0.9998831917992098
0.9998741882366448
0.9998641362340265
0.9998529703295057
0.9998405874045009
0.9998268408456773
0.9998116252651554
0.9997948106182741
0.9997762792952936
0.9997558573647249
0.9997333616742814
0.9997086825719099
0.9996817094624789
0.9996522210119556
0.9996201071692776
0.9995850664950364
0.9995468719341322
0.9995053637845108
0.9994603776552469
0.9994117036551243
0.9993588422770509
0.999301805946461
0.9992405070474968
0.9991746283285846
0.9991040045029848
0.9990282793091874
0.9989474880699155
0.9988615448565664
0.9987702446120591
0.9986733045451701
0.9985698270991459
0.9984600000039473
0.9983438644618989
0.9982216247899289
0.9980929518936134
0.9979576769446802
0.9978158207175353
0.9976675016030032
0.9975130373574553
0.9973517651013033
0.9971850036702653
0.9970112578674815
0.996831314818999
0.9966444769240644
0.996453373518436
0.9962573536337761
0.9960555338501372
0.9958501507187087
0.9956400705979105
0.9954269236318055
0.9952086158891102
0.9949872814697674
0.9947615095443688
0.9945327148324893
0.9943003126219219
0.9940658155991869
0.9938301583686997
0.9935908907691039
0.9933523669987823
0.9931124382731635
0.9928726488100525
0.9926312291168998
0.992389237759491
0.9921471425779573
0.9919049727008916
0.9916659254038201
0.991427201558868
0.9911911042088813
0.9909575139983591
0.9907257884353052
0.9904952284502592
0.990267620042376
0.9900441125994952
0.989822230581579
0.9896021665487844
0.9893889580100262
0.9891816881947613
0.9889778182037688
0.9887782033807759
0.9885815728190349
0.9883910342139439
0.9882041680780767
0.9880252184328001
0.9878505882697657
0.9876843011465544
0.9875224556753491
0.9873657179754827
0.9872143162620112
0.9870711455550496
0.9869294087658597
0.9867887350555189
0.9866531602239621
0.9865230349160933
0.9863981357187653
0.9862785623919968
0.9861676793090312
0.9860569958406312
0.9859523376080577
0.9858515700230277
0.9857551498628359
0.9856615013302021
0.9855723857320264
0.985485878897381
0.9853999814208672
0.9853157569888213
0.985234778674623
0.9851540181908617
0.9850746748105357
0.9850002649850791
0.9849299551645604
0.9848630826482971
0.9847973898942844
0.9847377247854566
0.9846755901307171
0.9846191246013452
0.9845609317293297
0.9845094864361524
0.9844591327186989
0.9844107889809903
0.9843624780522132
0.9843133998566661
0.9842674322322188
0.984224546196721
0.9841838647522424
0.9841468412449632
0.9841120314197545
0.9840763084994464
0.9840470171503198
0.9840175543415618
0.9839868131533602
0.9839553779644946
0.9839222069735152
0.9838934177211968
0.9838701456421372
0.9838468916373915
0.9838247364477989
0.983803744051429
0.9837849117789973
0.9837710496549575
0.9837572941286205
0.9837429770904461
0.9837305705200025
0.983719847232753
0.9837134168581195
0.9837092785608271
0.983703293716173
0.9836979011626064
0.9836886789322236
0.9836776718118091
0.9836715659083741
0.9836644065100991
0.98366218721009
0.9836614008434301
0.9836606509284024
0.9836595879662323
0.9836579518784854
0.9836607921146675
0.9836662013113102
0.9836706272049546
0.9836714841762775
0.9836716572889314
0.9836779889123684
0.9836834564421761
0.9836858976300691
0.9836880458673706
0.9836921275849929
0.9836967853255622
0.9837020657098579
0.9837081924337724
0.9837150457124075
0.9837208029859836
0.9837261768853389
0.9837261998827999
0.9837242175428617
0.9837206898352683
0.9837229822068483
0.9837284949395243
0.9837342447949508
0.9837417780337295
0.9837531361664071
0.9837618805703772
0.9837687158397741
0.983773396841993
0.9837795492329318
0.9837857260988627
0.9837909728161774
0.9837949185039042
0.9838030648821456
0.983806872488251
0.9838122557680264
0.9838165728114449
