1.575454851706552
1.5669693855576252
1.5572874573543978
1.5462572819135738
1.5340936603326984
1.5207541883184064
1.5063988684516736
1.4909764530251504
1.4746993668821877
1.4575031241386989
1.4393910595770059
1.4204695928081577
1.40084480923982
1.3805049635314588
1.3593875005677092
1.3375449439564506
1.3150340622053214
1.291857172800857
1.2680747206568548
1.2434691659727768
1.2184410258468996
1.1931088701605477
1.1675404365921878
1.1418803425295287
1.116094356407838
1.0901412054183923
1.0636029296385683
1.036724907877211
1.0097948495610793
0.9829446615219194
0.9560833698193923
0.929273453792515
0.9024860582542764
0.8758308928435964
0.8491183516918581
0.8224617990861034
0.7960014803570479
0.7697696872946078
0.7437504760532945
0.7180414613972202
0.6927036492772127
0.6678588350790672
0.643239853996656
0.6195062412453483
0.5966972580058048
0.5746054107067886
0.5532086326768406
0.5326421203539758
0.5131300915134736
0.4937900340017527
0.47529179443340147
0.45766106872925816
0.440627051889731
0.42416647146668923
0.4082464048172222
0.39339583696918945
0.3786977380202551
0.36444811867809246
0.35091629414944436
0.337752115380583
0.3251970641803416
0.3133617881249352
0.30210696665685816
0.2902786901727313
0.27827706366383254
0.26637625640320584
0.25360721922407287
0.24163271466059896
0.23066018874750588
0.22027734541393698
0.21022527652604645
0.19964664001898577
0.18941525518869765
0.17998599926727352
0.17106981203419547
0.16301619460863984
0.15633160811872504
0.15011434651016994
0.14438866048719715
0.1390266162137054
0.13450246975702834
0.13039762767326388
0.1279078105736303
0.12537619458209745
0.1225207224675963
0.11971999344528425
0.1174833263272663
0.11622113909110121
0.11410226397186092
0.11167825886019028
0.10982036351046437
0.10722513345884314
0.10448660135275338
0.10258344470847539
0.10082970414532824
0.09986170969498982
0.09880933158664394
0.09781954328533428
0.09759315079897564
0.09728044405950229
0.0965424031389463
0.09617212672106525
0.09562549295327902
0.09515906450898885
0.09528436634692514
0.09627893744772881
0.09638625980361765
0.09665948472644265
0.09664970760483292
0.09477463323743644
0.09378382633631588
0.09343403111985871
0.09407046376514343
0.094631631103025
0.09539615352135436
0.09622752062049626
0.09737419452822056
0.09675121978543463
0.09578056153355442
0.09627421601454765
0.09598969109220931
0.09722232001879859
0.09696049629994422
0.09779259211106688
0.09826201972516492
0.09849360745032561
0.09902934444885476
0.09920558118562214
0.09957839668380239
0.10074893518443773
0.09952767147783464
0.09939305778750665
0.09812346915359968
0.09777717361148122
0.09866955260064654
0.10012202681351072
0.10081398873805145
0.10135771841763934
0.10178756554243458
0.10232464632564169
0.1014535206129005
0.1012963365913683
0.10220693316064838
0.10312081935070229
0.10361106737603373
0.10377380213664965
0.10556833544363768
0.10484476555681517
0.10372853031319841
0.10394217588959101
0.10380886619964365
0.10401610307814084
0.10435125154060754
0.1044435725584478
0.10514732637437066
0.10489586165490265
0.10506812629229974
0.10389103805793289
0.10428796863711637
0.1041247601230714
0.1055793887456555
0.10840292244491723
0.11020304312215466
0.11284677254762142
0.11186383925880726
0.11055680439675133
0.11047545792886579
0.1095885204494437
0.1089959005586924
0.10975518914351921
0.10859991846184333
0.10878524203127547
0.10811938335618193
0.10821220062991271
0.10841176296725166
0.10939740580288002
0.11056309652839426
0.11133051030983666
0.11246598516019511
0.11470013562009691
0.11663443347062294
0.11591403447698495
0.11341274484621111
0.11206060372085003
0.11149940849443928
0.11209436989799637
0.11372740100789476
0.11545293151788316
0.1161618017295761
0.11544767603416274
0.11568746817691378
0.11724688589327088
0.11894631008193947
0.12088448827173433
0.12353924499638749
0.12459364296533469
0.12491507766005577
0.12383902724237086
0.12330159557684613
0.12291771891192771
