1.7771848578064893
1.7131525480774843
1.695025439732176
1.6733450826890488
1.64883256380955
1.6231064747675428
1.595245602088953
1.564417189571195
1.5310301993144682
1.4949452300402664
1.4566994738739778
1.4161633490966863
1.374942528252368
1.3335614335577544
1.2924466098790988
1.2509205897264069
1.2093281078410083
1.1688987800491715
1.1286968193273228
1.0874397644416751
1.0461200567271411
1.00449239712543
0.9622358438583192
0.9190892815154174
0.8713676692300221
0.8225178412782542
0.7722337466535167
0.7184977307599268
0.6637718429256937
0.6087030076183988
0.5541550953899034
0.5011611317211379
0.45076032754661277
0.4007878049856942
0.3521151704421187
0.3092092870473913
0.271966936594632
0.24057167406733035
0.21408751307987808
0.18891348037102867
0.16702864613442062
0.14717956112594688
0.1309153095404888
0.11646309191994851
0.10326669370183861
0.09215638031605912
0.08430190194787343
0.07939165755677224
0.07363689011339968
0.07071713224443367
0.06969721009852727
0.06688344249218127
0.06616384009337059
0.0653068317464247
0.06591760656627302
0.06609926676000326
0.07034803426616942
0.09275097504748378
0.07722757307149165
0.06644857405668134
0.05628035830024492
0.04917680015423289
0.04551073609549504
0.04470667041005683
0.04342407443045416
0.03969267861209326
0.037701701363735206
0.0368582583306953
0.035408233504022626
0.03507685187759813
0.0353029726302502
0.0359985321455033
0.03714127564149316
0.039354826776796345
0.04143234750492186
0.04616525626722784
0.03935306079361812
0.03234959201024286
0.029621250566737478
0.030462381001727254
0.03592949522172056
0.026816534180229064
0.02388570231352388
0.025334387749311064
0.03195256933889918
0.025364596862029624
0.02535036607333829
0.03036726980253243
0.04340101728817358
0.02565074211753672
0.018335505451056788
0.01825409376698561
0.026085744655741303
0.02357327194333497
0.026686229384106887
0.038222182551573024
0.042487349129922074
0.051210764322033094
0.04236339252241831
0.03459111846221586
0.0341651915493612
0.040213028181394134
0.04912299035967985
0.09001346871990289
0.08812670330061784
0.08351244204860994
0.0811002419463717
0.0746148425618899
0.06897725778765668
0.06921986991385738
0.07664187070319685
0.08573495800651544
0.06345796759914908
0.05704153435377957
0.05392525379483063
0.04942321463062221
0.05046980838842307
0.05214111427524727
0.05801422530123709
0.05840516535860644
0.06221261458243235
0.06755081432721027
0.07686246788990703
0.08062901172587741
0.06951737199926004
0.06492116197706956
0.06146305107003328
0.055668130479362685
0.055401385601410114
0.060230423136502564
0.06515720298777165
0.055456577254316256
0.051909870341130926
0.053910723908210924
0.05127440520543397
0.05404573778325035
0.06156306791456619
0.06832369572067568
0.06518186479340798
0.05792607580412656
0.051793477831766035
0.05091011340000749
0.054659725656119505
0.058116069814337694
0.0653057461517332
0.06826753286910392
0.06158701486478312
0.054342380372898805
0.05235270479494086
0.054979516717206627
0.0615447903708115
0.05751982472985751
0.05801574787254105
0.06255539050335292
0.07061201729518672
0.0644317862450972
0.06305887681462995
0.057094875986667404
0.05593376240461736
0.054145008139247754
0.05648157333193525
0.062351292894006434
0.071241295787267
0.07029614632029925
0.06212000431214909
0.05869973410658555
0.05941849462921501
0.05897143709281552
0.06244368247355078
0.06082571949965074
0.06349002496015875
0.06488701188502398
0.061377853619305305
0.06211592372141231
0.06596411672441896
0.06407112230044348
0.05959012935505634
0.05965549727560705
0.06396034388585643
0.06426667327248038
0.06796922629909062
0.06050040911411472
0.057342935971312334
0.058103207322654865
0.06242300049570631
0.06486386833883984
0.0640125928165452
0.059042162757267626
0.05504648312579936
0.05497359130616374
0.05600358097122406
0.05976498833027789
0.06416003147891447
0.058610619534980875
0.054042145607316336
0.05325402163928718
0.05576844174915173
0.05700491548254232
0.06094649501639868
0.05627808306867066
