0.8055790182709138
0.7365324505160445
0.7355182420650385
0.734500120276389
0.7334787326694667
0.7324544178794681
0.7314273553810418
0.730397644132776
0.7293653392199495
0.7283304701660755
0.7272930508104121
0.7262530850011738
0.7252105700653295
0.7241654990252083
0.7231178620722691
0.7220676475809453
0.7210148428266594
0.7199594345069737
0.7189014091276543
0.7178407532934117
0.7167774539296166
0.7157114984528399
0.7146428749026164
0.7135715720432397
0.7124975794419863
0.7114208875285062
0.7103414876389749
0.709259372047766
0.7081745339888303
0.7070869676685207
0.7059966682712853
0.7049036319594014
0.7038078558677383
0.702709338094373
0.7016080776877843
0.7005040746312283
0.6993973298248353
0.6982878450658832
0.697175623027656
0.6960606672372385
0.6949429820525448
0.6938225726388582
0.6926994449451022
0.6915736056800434
0.6904450622886011
0.689313822928397
0.6881798964466741
0.6870432923576837
0.6859040208206213
0.6847620926181752
0.6836175191357465
0.6824703123413693
0.6813204847663701
0.6801680494867703
0.6790130201054574
0.6778554107351105
0.6766952359818895
0.6755325109298673
0.6743672511261998
0.6731994725670101
0.6720291916839687
0.6708564253315447
0.6696811907749068
0.6685035056784427
0.6673233880948741
0.6661408564549365
0.6649559295575975
0.6637686265607845
0.6625789669725946
0.6613869706429583
0.660192657755732
0.6589960488211897
0.6577971646688927
0.6565960264409105
0.6553926555853644
0.6541870738502868
0.65297930327775
0.6517693661982709
0.6505572852254473
0.6493430832508273
0.6481267834389808
0.6469084092227586
0.6456879842987346
0.6444655326227964
0.6432410784058897
0.6420146461098906
0.6407862604435994
0.6395559463588447
0.6383237290466817
0.637089633933684
0.6358536866783093
0.634615913167337
0.6333763395123717
0.6321349920463932
0.6308918973203639
0.6296470820998721
0.6284005733618114
0.6271523982910923
0.625902584277378
0.6246511589118389
0.623398149983931
0.622143585478176
0.6208874935709605
0.6196299026273322
0.6183708411978102
0.6171103380151814
0.615848421991309
0.6145851222139254
0.6133204679434272
0.6120544886096548
0.6107872138086687
0.609518673299509
0.6082488970009499
0.6069779149882322
0.6057057574897877
0.6044324548839464
0.6031580376956274
0.601882536593014
0.6006059823842123
0.5993284060138917
0.5980498385599062
0.5967703112299045
0.5954898553579113
0.5942085024009021
0.592926283935352
0.5916432316537725
0.5903593773612228
0.5890747529718128
0.5877893905051834
0.5865033220829707
0.585216579925254
0.5839291963469879
0.5826412037544184
0.5813526346414839
0.5800635215862002
0.5787738972470331
0.5774837943592575
0.5761932457312995
0.5749022842410711
0.5736109428322915
0.5723192545107929
0.5710272523408235
0.5697349694413336
0.5684424389822569
0.5671496941807816
0.5658567682976137
0.5645636946332353
0.5632705065241528
0.5619772373391461
0.5606839204755063
0.559390589355274
0.558097277421473
0.5568040181343461
0.5555108449675779
0.5542177914045332
0.5529248909344842
0.5516321770488408
0.5503396832373875
0.5490474429845191
0.5477554897654804
0.5464638570426117
0.5451725782616004
0.5438816868477372
0.5425912162021789
0.5413011996982222
0.5400116706775837
0.5387226624466896
0.5374342082729784
0.5361463413812131
0.5348590949498029
0.5335725021071462
0.5322865959279763
0.5310014094297315
0.5297169755689375
0.5284333272376012
0.527150497259631
0.5258685183872669
0.5245874232975347
0.5233072445887139
0.5220280147768359
0.52074976629219
0.5194725314758641
0.5181963425762988
0.5169212317458707
0.5156472310374949
0.5143743724012586
0.5131026876810725
0.5118322086113565
0.5105629668137464
0.5092949937938309
0.5080283209379157
0.5067629795098212
0.5054990006477014
0.5042364153609005
0.5029752545268369
0.5017155488879219
0.5004573290485059
0.4992006254718625
0.4979454684772002
0.49669188823671484
0.4954399147726708
0.4941895779545208
0.49294090749605934
0.4916939329526152
0.4904486837182731
0.48920518902314303
0.4879634779306574
0.4867235793349164
0.48548552195805905
0.4842493343476847
0.4830150448743079
0.4817826817288551
0.4805522729202
0.4793238462727385
0.4780974294240097
0.47687304982235235
0.4756507347246055
0.47443051119384905
0.47321240609719084
0.4719964461035887
0.47078265768172445
0.46957106709791263
0.46836170041405667
0.4671545834856482
0.4659497419598079
0.4647472012733723
0.46354698665102545
0.46234912310346676
0.46115363542564036
0.459960548194985
0.45876988576975164
0.45758167228735036
0.4563959316627467
0.45521268758690603
0.4540319635252774
0.45285378271632615
0.45167816817010753
0.45050514266689
0.44933472875582436
0.44816694875364493
0.447001824743435
0.44583937857342437
0.44467963185583115
0.44352260596575876
0.4423683220401248
0.44121680097664484
0.4400680634328532
0.43892212982517387
0.4377790203280313
0.4366387548730081
0.43550135314804483
0.4343668345966848
0.4332352184173639
0.43210652356273715
0.43098076873905855
0.4298579724055954
0.428738152774092
0.42762132780826645
0.4265075152233625
0.42539673248573096
0.4242889968124658
0.4231843251710684
0.42208273427915854
0.42098424060423423
0.41988886036345696
0.41879660952349196
0.4177075038003746
0.4166215586594306
0.41553878931522326
0.4144592107315481
0.4133828376214609
0.4123096844473467
0.411239765421027
0.41017309450390194
0.40910968540712933
0.4080495515918482
0.40699270626942685
0.4059391624017531
0.40488893270156356
0.4038420296328008
0.4027984654110086
0.40175825200376014
0.400721401131123
0.3996879242661596
0.3986578326354461
0.3976311372196437
0.39660784875408905
0.3955879777294188
0.3945715343922297
0.39355852874576136
0.3925489705506192
0.3915428693255151
0.39054023434805096
0.3895410746555177
0.3885453990457345
0.3875532160779064
0.38656453407351477
0.3855793611172308
0.3845977050578644
0.3836195735093204
0.3826449738516048
0.3816739132318342
0.38070639856528066
0.37974243653644346
0.37878203360013096
0.3778251959825799
0.37687192968258865
0.3759222404726761
0.37497613390025886
0.3740336152888536
0.37309468973929594
0.3721593621309831
0.3712276371231321
0.37029951915605996
0.3693750124524825
0.36845412101882846
0.36753684864657543
0.36662319891359674
0.3657131751855355
0.3648067806171812
0.3639040181538714
0.3630048905329083
0.3621094002849855
0.36121754973563325
0.3603293410066747
0.3594447760176972
0.35856385648753475
0.35768658393576747
0.356812959684225
0.35594298485851084
0.3550766603895298
0.3542139870150305
0.3533549652811592
0.352499595544016
0.35164787797123354
0.35079981254354864
0.34995539905639683
0.3491146371215047
0.34827752616849705
0.34744406544650674
0.34661425402579205
0.3457880907993647
0.34496557448461485
0.3441467036249558
0.34333147659145624
0.3425198915844935
0.3417119466354053
0.3409076396081383
0.34010696820091424
0.3393099299478891
0.33851652222081763
0.3377267422307261
0.3369405870295745
0.33615805351193984
0.335379138416681
0.3346038383286182
0.3338321496802118
0.333064068753233
0.3322995916804481
0.331538714447292
0.330781432893544
0.33002774271501034
0.32927763946519295
0.3285311185569695
0.3277881752642622
0.32704880472371045
0.32631300193634205
0.3255807617692362
0.32485207895719104
0.3241269481043846
0.32340536368602824
0.32268732005002965
0.3219728114186372
0.32126183189009005
0.32055437544026066
0.31985043592429474
0.3191500070782446
0.3184530825206986
0.31775965575440523
0.3170697201678925
0.3163832690370829
0.3157002955268996
0.3150207926928704
0.3143447534827205
0.31367217073796727
0.3130030371955025
0.31233734548916214
0.3116750881513083
0.3110162576143818
0.31036084621246707
0.30970884618283145
0.30906024966747425
0.30841504871465675
0.3077732352804273
0.30713480123014036
0.3064997383399696
0.30586803829840525
0.30523969270774554
0.3046146930855903
0.3039930308663096
0.3033746974025119
0.3027596839665093
0.3021479817517604
0.3015395818743163
0.30093447537425033
0.30033265321707836
0.2997341062951798
0.29913882542919235
0.29854680136941314
0.2979580247971816
0.2973724863262541
0.29679017650417094
0.296211085813609
0.29563520467373505
0.2950625234415306
0.2944930324131293
0.2939267218251248
0.29336358185587974
0.29280360262682203
0.292246774203731
0.29169308659800874
0.2911425297679463
0.29059509361998515
0.29005076800994944
0.28950954274429164
0.28897140758130513
0.2884363522323451
0.2879043663630304
0.2873754395944288
0.2868495615042481
0.28632672162799677
0.28580690946015264
0.28529011445530905
0.28477632602931136
0.28426553356039186
0.28375772639028407
0.2832528938253267
0.28275102513756567
0.28225210956584057
0.28175613631685403
0.28126309456624554
0.28077297345963537
0.2802857621136784
0.27980144961709197
0.27932002503168063
0.2788414773933443
0.27836579571308695
0.27789296897800186
0.27742298615225447
0.2769558361780563
0.2764915079766155
0.2760299904490987
0.2755712724775594
0.2751153429258739
0.2746621906406589
0.2742118044521732
0.2737641731752284
0.2733192856100638
0.2728771305432316
0.27243769674846463
0.27200097298753156
0.27156694801108505
0.27113561055949986
0.27070694936370165
0.2702809531459839
0.2698576106208118
0.2694369104956301
0.2690188414716431
0.2686033922445942
0.26819055150554083
0.2677803079416078
0.26737265023673984
0.2669675670724426
0.2665650471285099
0.266165079083753
0.2657676516167041
0.26537275340632627
0.2649803731327022
0.2645904994777236
0.2642031211257626
0.26381822676433975
0.26343580508478326
0.26305584478287614
0.26267833455949396
0.2623032631212405
0.2619306191810652
0.2615603914588781
0.2611925686821587
0.2608271395865457
0.26046409291642914
0.2601034174255288
0.25974510187746525
0.25938913504632366
0.25903550571720346
0.2586842026867734
0.2583352147637997
0.2579885307696844
0.25764413953898424
0.2573020299199241
0.2569621907749019
0.25662461098099587
0.2562892794304409
0.2559561850311268
0.25562531670706345
0.25529666339885393
0.254970214064151
0.2546459576781176
0.254323883233865
0.25400397974289446
0.2536862362355302
0.25337064176133917
0.253057185389555
0.25274585620948453
0.2524366433309061
0.25212953588447606
0.25182452302211045
0.2515215939173703
0.2512207377658382
0.2509219437854897
0.25062520121704923
0.2503304993243557
0.25003782739470504
0.24974717473919839
0.249458530693078
0.24917188461605821
0.2488872258926511
0.24860454393248155
0.24832382817060694
0.2480450680678179
0.24776825311094275
0.24749337281313988
0.24722041671418793
0.2469493743807698
0.2466802354067511
0.24641298941344913
0.24614762604990403
0.2458841349931341
0.24562250594839652
0.24536272864943498
0.245104792858727
0.24484868836771845
0.24459440499706486
0.24434193259685377
0.24409126104683476
0.24384238025663585
0.24359528016597565
0.2433499507448782
0.2431063819938698
0.2428645639441882
0.2426244866579661
0.24238614022842941
0.2421495147800834
0.2419146004688848
0.24168138748242773
0.2414498660401092
0.2412200263933023
0.240991858825511
0.24076535365253637
0.2405405012226276
0.24031729191663198
0.24009571614814362
0.23987576436363955
0.23965742704262594
0.23944069469776064
0.2392255578749971
0.2390120071536962
0.23880003314675669
0.2385896265007319
0.23838077789594203
0.2381734780465874
0.2379677177008519
0.23776348764101052
0.23756077868352488
0.23735958167914217
0.23715988751298733
0.23696168710465138
0.2367649714082759
0.23656973141264048
0.23637595814123402
0.2361836426523376
0.2359927760390944
0.23580334942957404
0.23561535398685018
0.23542878090905128
0.23524362142942623
0.23505986681640334
0.23487750837364096
0.23469653744007812
0.23451694538998336
0.2343387236330008
0.23416186361419167
0.2339863568140763
0.23381219474866255
0.23363936896949145
0.23346787106365718
0.2332976926538476
0.2331288253983591
0.23296126099112768
0.2327949911617453
0.23263000767548092
0.23246630233329624
0.23230386697185634
0.232142693463545
0.23198277371647202
0.23182409967447892
0.23166666331714125
0.23151045665977377
0.2313554717534294
0.23120170068489498
0.23104913557668594
0.23089776858704514
0.23074759190992433
0.23059859777498193
0.23045077844756567
0.23030412622869445
0.23015863345505005
0.23001429249894823
0.22987109576832498
0.22972903570670766
0.2295881047931969
0.22944829554243285
0.22930960050457216
0.22917201226525208
0.22903552344556732
0.22890012670202664
0.22876581472652413
0.2286325802462975
0.22850041602389126
0.22836931485711964
0.2282392695790173
0.22811027305780085
0.2279823181968239
0.22785539793452658
0.22772950524439362
0.22760463313489743
0.22748077464944905
0.22735792286635093
0.22723607089873699
0.22711521189451878
0.22699533903632985
0.2268764455414657
0.22675852466182667
0.22664156968385873
0.22652557392848438
0.22641053075104656
0.22629643354124396
0.2261832757230594
0.22607105075469835
0.22595975212852204
0.22584937337097166
0.22573990804250632
0.2256313497375233
0.22552369208429468
0.22541692874488461
0.22531105341508173
0.2252060598243194
0.22510194173560372
0.2249986929454303
0.22489630728370746
0.22479477861367947
0.22469410083184427
0.22459426786787173
0.22449527368451871
0.22439711227755288
0.2242997776756609
0.22420326394036938
0.2241075651659571
0.22401267547936554
0.2239185890401182
0.22382530004022472
0.22373280270409712
0.22364109128845955
0.2235501600822548
0.22346000340655603
0.2233706156144778
0.22328199109107383
0.22319412425325558
0.22310700954968699
0.223020641460702
0.22293501449819753
0.22285012320554565
0.22276596215749744
0.22268252596007665
0.22259980925049316
0.22251780669704113
0.22243651299899714
0.22235592288652362
0.2222760311205697
0.22219683249277045
0.2221183218253454
0.222040493970996
0.2219633438128078
0.22188686626414522
0.2218110562685478
0.22173590879963168
0.22166141886098145
0.22158758148604762
0.221514391738043
0.2214418447098404
0.22136993552386086
0.22129865933197157
0.22122801131538505
0.22115798668454223
0.22108858067901904
0.22101978856740312
0.22095160564720617
0.22088402724473732
0.2208170487150115
0.22075066544162836
0.22068487283667204
0.22061966634059915
0.22055504142213245
0.2204909935781484
0.22042751833356922
0.22036461124125506
0.22030226788189067
0.22024048386387884
0.22017925482322653
0.2201185764234389
0.22005844435540334
0.21999885433728428
0.21993980211440667
0.21988128345915114
0.219823294170837
0.21976583007561123
0.21970888702634372
0.21965246090250456
0.21959654761006264
0.21954114308136852
0.21948624327504307
0.21943184417586503
0.21937794179465941
0.21932453216818537
0.2192716113590244
0.21921917545546632
0.21916722057139693
0.2191157428461894
0.21906473844458574
0.21901420355658718
0.2189641343973424
0.2189145272070352
0.21886537825076813
0.21881668381845287
0.2187684402246982
0.21872064380869405
0.21867329093410393
0.2186263779889458
0.21857990138548677
0.21853385756012422
0.21848824297327674
0.21844305410926967
0.21839828747622203
0.21835393960594207
0.2183100070538022
0.218266486398635
0.21822337424262184
0.21818066721117313
0.21813836195282532
0.2180964551391229
0.2180549434645096
0.21801382364621436
0.21797309242414065
0.21793274656075712
0.2178927828409808
0.21785319807207193
0.21781398908351923
0.21777515272692816
0.21773668587591388
0.21769858542598552
0.21766084829443721
0.2176234714202413
0.21758645176393376
0.2175497863075041
0.2175134720542875
0.21747750602885352
0.21744188527689434
0.21740660686512203
0.21737166788115025
0.21733706543339348
0.21730279665095165
0.21726885868350376
0.2172352487012006
0.21720196389455293
0.21716900147432716
0.217136358671434
0.21710403273682266
0.2170720209413748
0.2170403205757908
0.21700892895049106
0.21697784339550086
0.21694706126035201
0.2169165799139673
0.2168863967445639
0.2168565091595377
0.21682691458536685
0.21679761046749702
0.21676859427024253
0.21673986347668006
0.21671141558854423
0.2166832481261194
0.21665535862814
0.216627744651683
0.2166004037720678
0.21657333358274977
0.21654653169521831
0.21651999573889003
0.2164937233610167
0.2164677122265689
0.2164419600181432
0.2164164644358587
0.21639122319725335
0.21636623403718624
0.2163414947077299
0.2163170029780792
0.21629275663444159
0.216268753479944
0.21624499133452613
0.2162214680348522
0.216198181434196
0.2161751294023584
0.21615230982555567
0.21612972060632696
0.21610735966343853
0.21608522493178006
0.21606331436227377
0.21604162592177223
0.21602015759296345
0.2159989073742753
0.21597787327977935
0.2159570533390932
0.21593644559728675
0.2159160481147867
0.2158958589672837
0.2158758762456333
0.215856098055765
0.21583652251858776
0.21581714776989946
0.21579797196028838
0.2157789932550439
0.21576020983406263
0.215741619891757
0.2157232216369661
0.2157050132928564
0.21568699309684292
0.21566915930048136
0.21565151016939843
0.21563404398318486
0.21561675903531252
0.21559965363304723
0.21558272609735274
0.21556597476280936
0.2155493979775236
0.21553299410303384
0.21551676151423382
0.21550069859927834
0.21548480375949552
0.21546907540930438
0.21545351197612483
0.21543811190029516
0.2154228736349849
0.21540779564611057
0.21539287641224814
0.2153781144245509
0.21536350818666905
0.2153490562146564
0.21533475703689664
0.21532060919401486
0.21530661123879768
0.21529276173610878
0.21527905926281143
0.21526550240767717
0.2152520897713185
0.2152388199660954
0.21522569161604255
0.21521270335678766
0.21519985383546858
0.2151871417106609
0.21517456565228799
0.21516212434155613
0.21514981647086218
0.2151376407437292
0.21512559587471547
0.21511368058935199
0.21510189362405063
0.21509023372603853
0.2150786996532782
0.21506729017439197
0.21505600406858771
0.2150448401255809
0.21503379714552262
0.21502287393892738
0.21501206932659178
0.2150013821395308
0.21499081121889774
0.21498035541591187
0.21497001359179102
0.21495978461767173
0.21494966737454657
0.2149396607531857
0.21492976365406946
0.21491997498731286
0.21491029367260672
0.21490071863913374
0.21489124882550825
0.2148818831797037
0.21487262065898627
0.21486346022984293
0.2148544008679143
0.21484544155793017
0.21483658129363914
0.21482781907774162
0.2148191539218246
0.21481058484629523
0.2148021108803121
0.2147937310617234
0.21478544443700276
0.2147772500611772
0.21476914699777183
0.21476113431873733
0.21475321110439294
0.21474537644335945
0.2147376294324973
0.21472996917684106
0.21472239478954502
0.21471490539180815
0.2147075001128269
0.21470017808972275
0.21469293846748805
0.21468578039891917
0.21467870304456504
0.21467170557265725
0.21466478715905668
0.21465794698719431
0.21465118424801
0.21464449813989495
0.2146378878686327
0.21463135264734312
0.21462489169642351
0.21461850424349016
0.21461218952332528
0.21460594677781508
0.2145997752559038
0.21459367421352027
0.21458764291354304
0.2145816806257287
0.21457578662666632
0.21456996019971974
0.21456420063497428
0.21455850722918257
0.21455287928570888
0.2145473161144813
0.21454181703193476
0.21453638136095787
0.21453100843084405
0.21452569757723838
0.21452044814208515
0.21451525947357497
0.21451013092610005
0.2145050618601969
0.21450005164250052
0.2144950996456908
0.21449020524844775
0.21448536783539762
0.21448058679706639
0.21447586152982934
0.21447119143586557
0.21446657592310714
0.2144620144051942
0.2144575063014229
0.21445305103670342
0.21444864804151098
0.21444429675183818
0.2144399966091498
0.21443574706034063
0.21443154755768168
0.21442739755878348
0.2144232965265448
0.21441924392911205
0.21441523923983186
0.21441128193721137
0.2144073715048681
0.21440350743149184
0.2143996892108001
0.21439591634149446
0.21439218832721707
0.21438850467651216
0.2143848649027783
0.21438126852423112
0.21437771506386172
