0.798051022927111
0.7548896896533126
0.7522572824401677
0.7495974781929551
0.7469137185253079
0.7442082141987143
0.7414822138847907
0.738736443000469
0.7359713351852313
0.7331871532719485
0.7303840560415773
0.7275621372628911
0.7247214497585144
0.7218620209437596
0.7189838632750143
0.7160869815293465
0.7131713780362003
0.7102370565397623
0.7072840251166008
0.7043122984222216
0.7013218994476957
0.6983128609092841
0.6952852263564391
0.6922390510588043
0.6891744027162172
0.6860913620242987
0.6829900231203081
0.6798704939283033
0.6767328964186053
0.6735773667936096
0.6704040556097695
0.6672131278439194
0.6640047629108077
0.6607791546376853
0.6575365112010101
0.6542770550296182
0.6510010226782059
0.6477086646744565
0.6444002453427773
0.6410760426072364
0.6377363477759945
0.6343814653092616
0.6310117125725523
0.627627419576801
0.6242289287067257
0.6208165944386279
0.6173907830486869
0.613951872312654
0.6105002511977549
0.6070363195474691
0.6035604877597995
0.6000731764595344
0.5965748161649618
0.5930658469494121
0.5895467180979768
0.5860178877597038
0.5824798225955292
0.5789329974221913
0.5753778948523547
0.5718150049311437
0.5682448247692897
0.5646678581730955
0.5610846152714024
0.557495612139763
0.5539013704220228
0.5503024169495319
0.5466992833581852
0.5430925057035514
0.5394826240743098
0.5358701822042711
0.5322557270832311
0.5286398085669661
0.5250229789866385
0.5214057927579354
0.5177888059902684
0.5141725760963396
0.5105576614024492
0.5069446207598785
0.5033340131577075
0.49972639733745405
0.4961223314098929
0.49252237247444663
0.4889270762415322
0.48533699665824914
0.4817526855378039
0.4781746921930614
0.47460356307460205
0.47103984141369015
0.4674840668705199
0.46393677518813115
0.46039849785234865
0.45686976175813776
0.45335108888270115
0.44984299596568256
0.4463459941968201
0.44286058891134106
0.4393872792934488
0.4359265580881697
0.4324789113218598
0.4290448180316363
0.4256247500039715
0.4222191715227165
0.4188285391267328
0.41545330137737213
0.412093898635958
0.40875076285144807
0.40542431735842266
0.402114976685522
0.3988231463744437
0.3955492228095894
0.39229359305843226
0.3890566347226502
0.38583871580006757
0.3826401945574115
0.37946141941387734
0.3763027288354853
0.3731644512401867
0.37004690491365444
0.36695039793569195
0.3638752281171602
0.360821682947323
0.3577900395514798
0.35478056465874663
0.35179351457984076
0.3488291351946987
0.3458876619497331
0.3429693198645736
0.3400743235480391
0.33720287722317177
0.33435517476107623
0.3315313997233531
0.3287317254128631
0.3259563149325908
0.32320532125233703
0.32047888728298357
0.31777714595804885
0.3151002203222829
0.312448223626995
0.30982125943185324
0.3072194217128582
0.3046427949762145
0.3020914543778018
0.2995654658479623
0.29706488622131133
0.2945897633712926
0.29214013634917657
0.28971603552722236
0.2873174827457262
0.2849444914636666
0.2825970669126686
0.28027520625402325
0.2779788987384828
0.2757081258685643
0.27346286156311994
0.2712430723238909
0.2690487174038191
0.2668797489768653
0.264736112309087
0.26261774593076126
0.2605245818093236
0.2584565455228852
0.25641355643415265
0.2543955278645219
0.2524023672681516
0.2504339764058394
0.2484902515185078
0.24657108350013124
0.24467635806992794
0.24280595594368037
0.2409597530040014
0.23913762046942477
0.2373394250621671
0.23556502917445077
0.23381429103323692
0.23208706486329234
0.23038320104842613
0.2287025462908585
0.22704494376857376
0.22541023329059673
0.22379825145010868
0.2222088317753158
0.22064180487801366
0.21909699859977305
0.21757423815570254
0.21607334627572738
0.21459414334333493
0.2131364475317582
0.21170007493755272
0.21028483971154
0.2088905541870797
0.2075170290056748
0.2061640732398664
0.20483149451341587
0.20351909911877175
0.20222669213180122
0.20095407752380368
0.19970105827078888
0.19846743646003862
0.19725301339395518
0.1960575896912099
0.1948809653852036
0.1937229400198568
0.19258331274274232
0.1914618823956058
0.19035844760225407
0.18927280685388503
0.1882047585918527
0.18715410128790444
0.18612063352193298
0.18510415405726288
0.18410446191349727
0.1831213564369859
0.18215463736892257
0.1812041049111247
0.18026955978951842
0.17935080331539055
0.17844763744441539
0.1775598648335227
0.17668728889562546
0.1758297138522652
0.1749869447842065
0.1741587876800098
0.17334504948265383
0.1725455381342118
0.17176006261865362
0.17098843300279076
0.17023046047542545
0.1694859573847255
0.1687547372738738
0.1680366149150453
0.16733140634172372
0.16663892887941867
0.16595900117482298
0.1652914432234297
0.1646360763956739
0.1639927234616111
0.16336120861419967
0.16274135749118424
0.162132997195659
0.16153595631532391
0.16095006494046515
0.1603751546807114
0.15981105868059065
0.15925761163392116
0.15871464979707683
0.15818201100114326
0.15765953466302862
0.15714706179551807
0.15664443501634417
0.15615149855627264
0.15566809826625594
0.15519408162366588
0.15472929773764788
0.15427359735361446
0.15382683285691512
0.1533888582757038
0.15295952928302858
0.15253870319817286
0.15212623898727629
0.15172199726325575
0.15132584028504592
0.1509376319561938
0.15055723782282582
0.15018452507100355
0.14981936252350048
0.14946162063601653
0.14911117149284736
0.14876788880203418
0.14843164789001806
0.1481023256958035
0.14777980076466546
0.14746395324141526
0.14715466486323214
0.14685181895208999
0.14655530040680675
0.1462649956946862
0.14598079284284393
0.1457025814291555
0.14543025257289666
0.14516369892507164
0.14490281465843335
0.14464749545724098
0.14439763850671883
0.1441531424822894
0.14391390753855193
0.1436798352980294
0.1434508288397024
0.14322679268734018
0.1430076327976324
0.14279325654814912
0.14258357272512256
0.14237849151107562
0.14217792447229172
0.1419817845461634
0.141789986028393
0.14160244456008686
0.14141907711474
0.14123980198511144
0.14106453877001524
0.14089320836103258
0.1407257329291337
0.14056203591124994
0.14040204199677753
0.14024567711403402
0.14009286841667057
0.13994354427004174
0.13979763423755498
0.13965506906699254
0.13951578067680892
0.13937970214243933
0.1392467676825766
0.13911691264547044
0.1389900734952222
0.1388661877980999
0.13874519420886544
0.13862703245712849
0.1385116433337269
0.1383989686771353
0.13828895135992292
0.13818153527523946
0.13807666532335638
0.13797428739825168
0.13787434837425527
0.13777679609274307
0.1376815793489049
0.13758864787856107
0.13749795234506612
0.13740944432626323
0.13732307630153173
0.13723880163889823
0.1371565745822344
0.13707635023854214
0.13699808456530815
0.13692173435796218
0.13684725723742375
0.13677461163772675
0.13670375679376046
0.1366346527290836
0.13656726024385668
0.1365015409028646
0.13643745702363408
0.13637497166467794
0.13631404861381113
0.1362546523766045
0.1361967481649221
0.13614030188558057
0.13608528012911558
0.13603165015865304
0.13597937989890252
0.13592843792525455
0.13587879345298948
0.1358304163266113
0.1357832770092875
0.13573734657240488
0.13569259668524392
0.1356489996047685
0.13560652816552698
0.13556515576968142
0.13552485637714273
0.13548560449582647
0.13544737517203298
0.13541014398092888
0.1353738870171678
0.13533858088560713
0.13530420269215793
0.13527073003474355
0.1352381409943778
0.13520641412635837
0.13517552845158465
0.1351454634479735
0.135116199042015
0.1350877156004252
0.13505999392192025
0.13503301522910516
0.13500676116047616
0.13498121376253958
0.134956355482037
0.13493216915828699
0.13490863801564235
0.13488574565604938
0.134863476051725
0.1348418135379389
0.13482074280590706
0.13480024889579678
0.13478031718982875
0.13476093340549877
0.13474208358889117
0.13472375410811166
0.13470593164681421
0.13468860319783094
0.1346717560569154
0.1346553778165699
0.13463945635998653
0.13462397985508634
0.1346089367486507
0.1345943157605537
0.13458010587809277
0.13456629635041562
0.13455287668303162
0.13453983663243518
0.13452716620080596
0.1345148556308029
0.13450289540045868
0.13449127621815438
0.1344799890176832
0.13446902495340607
0.1344583753954911
0.13444803192523846
0.1344379863304902
0.1344282306011223
0.13441875692462046
0.13440955768173657
0.1344006254422241
0.13439195296065687
0.13438353317231633
0.13437535918917332
0.1343674242959203
0.13435972194610324
0.1343522457583176
0.1343449895124721
0.13433794714612646
0.13433111275091358
0.1343244805690107
0.13431804498969202
0.13431180054594527
0.1343057419111603
0.13429986389587434
0.13429416144458795
0.13428862963264354
0.13428326366317
0.13427805886407995
0.13427301068513875
0.13426811469508626
0.13426336657881777
0.1342587621346304
0.1342542972715176
0.13424996800651778
0.13424577046213482
0.13424170086379228
0.13423775553735295
0.13423393090668967
0.13423022349130342
0.13422662990399659
0.1342231468485946
0.13421977111771077
0.13421649959057336
0.1342133292308857
0.13421025708473866
0.134207280278567
0.1342043960171555
0.1342016015816806
0.13419889432780596
0.1341962716838062
0.1341937311487461
0.1341912702906919
0.13418888674497031
0.1341865782124536
0.13418434245789868
0.13418217730831505
0.13418008065137255
0.13417805043384157
0.1341760846600768
0.1341741813905274
0.1341723387402869
0.13417055487768115
0.13416882802286956
0.13416715644651
0.1341655384684194
0.13416397245630263
0.13416245682448003
0.13416099003266113
0.1341595705847496
0.13415819702766274
0.134156867950196
0.13415558198190058
0.13415433779199792
0.1341531340883163
0.1341519696162531
0.13415084315776127
0.13414975353036507
0.13414869958619358
0.13414768021104584
0.13414669432346915
0.13414574087386966
0.13414481884363827
0.13414392724430313
0.1341430651166995
0.13414223153016103
0.13414142558173447
0.13414064639541123
0.1341398931213792
0.13413916493529177
0.13413846103755878
0.1341377806526527
0.13413712302843628
0.1341364874355001
0.13413587316652953
0.13413527953567073
0.13413470587792986
0.1341341515485811
0.13413361592258166
0.13413309839402332
0.13413259837557234
0.134132115297945
0.13413164860938664
0.13413119777516602
0.1341307622770841
0.13413034161299864
0.13412993529635153
0.1341295428557231
0.1341291638343881
0.13412879778988318
0.13412844429359494
0.13412810293034882
0.13412777329801717
0.13412745500713108
0.13412714768051182
0.13412685095290033
0.1341265644706061
0.13412628789116587
0.13412602088300396
0.13412576312510938
0.13412551430671737
0.1341252741270077
0.13412504229479782
0.13412481852825475
0.1341246025546159
0.13412439410990873
0.13412419293868993
0.13412399879377823
0.1341238114360105
0.13412363063399146
0.13412345616385812
0.13412328780904603
0.1341231253600682
0.1341229686142945
0.13412281737574083
0.1341226714548619
0.1341225306683521
0.1341223948389546
0.1341222637952656
0.1341221373715603
0.1341220154076086
0.13412189774850358
0.13412178424449817
0.1341216747508378
0.1341215691276071
0.13412146723957097
0.134121368956035
0.13412127415069286
0.13412118270148776
0.1341210944904847
0.13412100940372762
0.13412092733112102
0.134120848166301
0.13412077180651438
0.1341206981525076
0.13412062710841077
0.1341205585816252
0.13412049248272095
0.13412042872533514
0.13412036722606768
0.13412030790438723
0.1341202506825372
0.13412019548544374
0.13412014224063118
0.13412009087813181
0.13412004133040345
0.13411999353225623
0.13411994742076672
0.1341199029352046
0.13411986001696308
0.13411981860948563
0.13411977865819846
0.13411974011044148
0.1341197029154103
0.1341196670240875
0.13411963238918612
0.13411959896509174
0.13411956670780356
0.13411953557487977
0.13411950552538887
0.13411947651985467
0.1341194485202064
0.13411942148973421
0.13411939539303763
0.13411937019598819
0.1341193458656763
0.13411932237037905
0.13411929967951197
0.13411927776359434
0.13411925659420698
0.13411923614396082
0.13411921638645552
0.13411919729624933
0.13411917884882563
0.13411916102055743
0.13411914378867784
0.13411912713125085
0.1341191110271427
0.1341190954559912
0.13411908039818154
0.1341190658348168
0.13411905174769523
0.13411903811928527
0.13411902493270011
0.13411901217167665
0.1341189998205522
0.13411898786424092
0.13411897628822078
0.13411896507850518
0.13411895422162734
0.13411894370462252
0.13411893351500492
0.13411892364075972
0.13411891407031584
0.13411890479253696
0.13411889579670255
0.13411888707249497
0.1341188786099815
0.13411887039960424
0.1341188624321631
0.13411885469880447
0.13411884719101008
0.13411883990058016
0.134118832819626
0.1341188259405558
0.1341188192560665
0.13411881275913162
0.13411880644298824
0.13411880030113366
0.13411879432730867
0.13411878851549408
0.13411878285989898
0.13411877735495226
0.1341187719952962
0.13411876677577572
0.13411876169143344
0.1341187567375003
0.1341187519093907
0.13411874720269246
0.13411874261316414
0.13411873813672426
0.1341187337694495
0.1341187295075651
0.13411872534744163
0.13411872128558944
0.13411871731865022
0.13411871344339754
0.13411870965672568
0.1341187059556489
0.13411870233729928
0.13411869879891203
0.1341186953378345
0.1341186919515125
0.13411868863749132
0.13411868539340877
0.13411868221699474
0.13411867910606334
0.13411867605851702
0.13411867307233438
0.13411867014557222
0.1341186672763638
0.13411866446290865
0.13411866170348075
0.13411865899641617
0.1341186563401161
0.1341186537330411
0.13411865117371258
0.1341186486607051
0.13411864619264824
0.13411864376822613
0.1341186413861667
0.1341186390452518
0.13411863674430657
0.13411863448220052
0.13411863225784504
0.13411863007019365
0.13411862791823648
0.13411862580100442
0.134118623717563
0.13411862166701083
0.13411861964848149
0.1341186176611412
0.13411861570418548
0.13411861377683942
0.1341186118783554
0.13411861000801695
0.13411860816512877
0.1341186063490235
0.13411860455905644
0.13411860279460808
0.134118601055078
0.13411859933988846
0.13411859764848388
0.13411859598032494
0.13411859433489381
0.13411859271168858
0.1341185911102275
0.1341185895300433
0.134118587970684
0.13411858643171504
0.134118584912716
0.1341185834132803
0.13411858193301374
0.13411858047153746
0.1341185790284828
0.13411857760349555
0.13411857619623102
0.1341185748063568
0.1341185734335496
0.13411857207749855
0.13411857073789968
0.13411856941446176
0.13411856810690004
0.13411856681493983
0.13411856553831436
0.13411856427676272
0.13411856303003677
0.1341185617978905
0.1341185605800881
0.13411855937640016
0.13411855818660268
0.1341185570104777
0.13411855584781496
0.13411855469840972
0.1341185535620616
0.13411855243857662
0.13411855132776507
0.13411855022944452
0.1341185491434329
0.13411854806955803
0.1341185470076477
0.1341185459575357
0.1341185449190615
0.13411854389206435
0.13411854287639224
0.13411854187189431
0.13411854087842234
0.13411853989583122
0.1341185389239824
0.13411853796273865
0.1341185370119633
0.13411853607152635
0.1341185351412978
0.13411853422115383
0.13411853331096824
0.134118532410621
0.13411853151999475
0.13411853063897228
0.13411852976743865
0.13411852890528397
0.1341185280523982
0.13411852720867135
0.13411852637400112
0.13411852554828163
0.13411852473141161
0.13411852392329082
0.1341185231238201
0.13411852233290356
0.13411852155044668
0.13411852077635278
0.1341185200105336
0.13411851925289664
0.13411851850335277
0.1341185177618135
0.13411851702819366
0.13411851630240745
0.1341185155843706
0.13411851487400195
0.1341185141712179
0.1341185134759394
0.13411851278808573
0.13411851210757997
0.1341185114343455
0.1341185107683044
0.13411851010938403
0.13411850945750936
0.13411850881260712
0.13411850817460458
0.13411850754343124
0.1341185069190166
0.1341185063012914
0.13411850569018535
0.1341185050856334
0.13411850448756624
0.1341185038959195
0.13411850331062747
0.1341185027316234
0.13411850215884558
0.13411850159223027
0.13411850103171463
0.13411850047723783
0.13411849992873692
0.1341184993861525
0.13411849884942628
0.13411849831849676
0.13411849779330698
0.13411849727379765
0.13411849675991372
0.13411849625159655
0.1341184957487901
0.13411849525144115
0.13411849475949233
0.13411849427289046
0.1341184937915808
0.1341184933155114
0.13411849284462962
0.13411849237888163
0.13411849191821767
0.1341184914625848
0.13411849101193474
0.13411849056621528
0.1341184901253768
0.1341184896893709
0.13411848925815006
0.13411848883166444
0.13411848840986584
0.13411848799270887
0.13411848758014566
0.13411848717212926
0.13411848676861526
0.13411848636955626
0.13411848597490916
0.13411848558462847
0.13411848519866976
0.1341184848169893
0.13411848443954433
0.13411848406629046
0.13411848369718715
0.13411848333219067
0.13411848297126072
0.13411848261435433
0.1341184822614313
0.13411848191245113
0.13411848156737394
0.13411848122615877
0.134118480888767
0.13411848055515907
0.13411848022529693
0.13411847989914139
0.13411847957665557
0.13411847925780096
0.1341184789425406
0.13411847863083615
0.13411847832265344
0.13411847801795362
0.13411847771670427
0.13411847741886607
0.1341184771244054
0.13411847683328793
0.13411847654547804
0.1341184762609413
0.1341184759796441
0.13411847570155422
0.13411847542663524
0.13411847515485753
0.13411847488618578
0.13411847462058912
0.13411847435803503
0.13411847409849065
0.134118473841926
0.13411847358830897
0.13411847333760896
0.13411847308979585
0.13411847284483824
0.1341184726027066
0.13411847236337093
0.1341184721268025
0.13411847189297088
0.13411847166184898
0.13411847143340638
0.1341184712076151
0.1341184709844474
0.1341184707638755
0.13411847054587056
0.1341184703304078
0.1341184701174577
0.13411846990699405
0.13411846969899166
0.13411846949342177
