0.8318450308038638
0.1751776066772368
0.16668518589329703
0.15889900086644923
0.15157381534875636
0.14463043216652174
0.13803882639701814
0.13178488183205628
0.12586034521533582
0.1202591554288583
0.11497589766913513
0.11000508756940952
0.10534082222733342
0.10097661028152195
0.09690529665286235
0.09311904071839609
0.08960932631154772
0.0863669915741972
0.08338227175417214
0.0806448508854889
0.07814391997390652
0.07586824034367516
0.0738062114311403
0.07194594266273079
0.07027532919655204
0.06878213128112583
0.06745405682677981
0.06627884653055588
0.06524436058379411
0.06433866566538288
0.06355012062578878
0.06286745903612805
0.06227986664338075
0.06177705175701429
0.06134930670080147
0.060987558691281106
0.06068340883527867
0.06042915834942899
0.06021782156615044
0.06004312577264135
0.05989949840270533
0.05978204253903282
0.059686502063919365
0.05960921810257439
0.05954707862429087
0.059497463197541574
0.05945818493563391
0.059427431624459785
0.05940370790138535
0.05938578016534856
0.0593726256554997
0.05936338685284321
0.059357332050355045
0.05935382261577791
0.059352287151183875
0.05935220244715191
0.05935308084885374
0.05935446340706233
0.05935591798814958
0.05935704137056345
0.059357464265734856
0.059356858170715315
0.059354942986919824
0.059351494419885825
0.05934635030183135
0.05933941514237439
0.05933066240168836
0.059320134182170005
0.05930793823688443
0.05929424238380962
0.05927926658395972
0.05926327308063853
0.05924655510069049
0.0592294246836795
0.05921220023106268
0.05919519435665546
0.059178702576033713
0.059162993301561974
0.059148299518036594
0.059134812408588956
0.059122677088606794
0.05911199049371408
0.05910280136232665
0.05909511215900349
0.059088882705696726
0.05908403522680303
0.05908046047218959
0.05907802456050674
0.05907657618244875
0.05907595381862928
0.05907599265706645
0.059076530938063476
0.059077415506257565
0.0590785064073798
0.059079680427419456
0.05908083353118374
0.059081882212823573
0.05908276382031823
0.05908343595730433
0.05908387509769416
0.059084074570577814
0.05908404208484066
0.05908379696518761
0.059083367264754084
0.059082786905463446
0.059082092977303075
0.059081323303429835
0.05908051435121189
0.059079699541673046
0.059078907982865934
0.05907816362781918
0.059077484835945666
0.05907688429897379
0.059076369279031815
0.059075942097670864
0.05907560081025659
0.059075339999955394
0.0590751516289541
0.0590750258909245
0.059074952017301986
0.05907491899992658
0.05907491620320498
0.05907493384951922
0.05907496337149942
0.05907499763352745
0.05907503103209935
0.05907505949021457
0.059075080364734855
0.05907509228767671
0.05907509496283348
0.059075088938172725
0.059075075372404494
0.059075055811261386
0.05907503198567863
0.059075005640511526
0.05907497839891881
0.05907495166431583
0.0590749265589956
0.059074903896267454
0.05907488418130891
0.05907486763488471
0.05907485423362471
0.05907484376059797
0.05907483586038906
0.0590748300936688
0.059074825987245665
0.059074823076680626
0.059074820939659635
0.059074819219348845
0.05907481763786581
0.059074816000726775
0.05907481419366447
0.05907481217353941
0.05907480995520892
0.059074807596190736
0.0590748051807918
0.05907480280510844
0.05907480056397754
0.05907479854060333
0.059074796799234996
0.05907479538095584
0.0590747943023747
0.05907479355681053
0.05907479311742634
0.05907479294170077
0.05907479297661928
0.05907479316401751
0.05907479344558728
0.059074793767173506
0.05907479408210677
0.05907479435344625
0.05907479455511302
0.05907479467199644
0.059074794699185945
0.05907479464052869
0.059074794506738894
0.059074794313283496
0.059074794078253536
0.05907479382039335
0.059074793557424676
0.0590747933047499
0.059074793074577185
0.05907479287546633
0.0590747927122617
0.05907479258634718
0.05907479249614914
0.05907479243779814
0.0590747924058674
0.059074792394109704
0.05907479239613156
0.05907479240595535
0.059074792418442844
0.059074792429565974
0.05907479243653015
0.05907479243776393
0.05907479243280106
0.059074792422084715
0.05907479240672548
0.05907479238824275
0.05907479236831767
