0.7739970241933499
0.763150903881424
0.7511409720794663
0.7387050912889388
0.7258657550759852
0.7126438096029815
0.6990552796564895
0.6851140069995598
0.6708332788847498
0.6562267397644226
0.641308924642574
0.6260955881680601
0.6106039147171727
0.5948526521112516
0.5788621909336193
0.5626546010389992
0.5462536315076796
0.5296846775286197
0.5129747163100207
0.49615221350891303
0.4792470015218989
0.46229013110640993
0.44531369809698407
0.42835064737332706
0.411434556675918
0.3945994033119239
0.37787931721734946
0.36130832421366
0.34492008359580273
0.328747624394668
0.3128230847560699
0.2971774588607675
0.2818403556713295
0.2668397735330915
0.2522018942848048
0.2379509000619725
0.22410881541939454
0.2106953767798948
0.19772793055743643
0.18522136063001982
0.17318804517621322
0.16163784226279676
0.15057810300103114
0.14001371059294732
0.12994714317956368
0.12037855808791498
0.11130589485565334
0.10272499428865
0.09462973077169812
0.08701215509505156
0.07986264516763875
0.0731700621471999
0.06692190971409484
0.06110449443506516
0.05570308539361968
0.050702071493715084
0.04608511506535151
0.04183530060770402
0.03793527769429483
0.03436739723339832
0.031113840425339823
0.028156739888235527
0.02547829253678524
0.023060863898215822
0.020887083637830206
0.018939932146951777
0.017202818120444885
0.01565964712144019
0.014294881198646636
0.013093589687281693
0.012041491388403713
0.011124988383013679
0.010331191795885153
0.009647939879000145
0.009063808834650744
0.008568116842710638
0.008150921794480737
0.007803013266122871
0.007515899287505401
0.00728178847709271
0.0070935681201121925
0.006944778766131865
0.006829585913422087
0.006742749331980158
0.006679590555325632
0.006635959044088202
0.006608197492904755
0.006593106716981545
0.006587910516923645
0.006590220880917541
0.00659800384277609
0.0066095462736684985
0.006623423845041665
0.006638470361036597
0.0066537486209702346
0.006668522936721266
0.006682233396392512
0.006694471934622026
0.006704960241691982
0.006713529518103556
0.006720102058607291
0.0067246746299370885
0.006727303589451061
0.006728091677533743
0.006727176404924595
0.006724719946743618
0.0067209004480321966
0.006715904640577031
0.006709921667828467
0.006703138013372079
0.006695733428617179
0.006687877756927474
0.006679728554159325
0.006671429409184526
0.006663108872555057
0.006654879906516142
0.006646839775231839
0.006639070300083372
0.006631638411035978
0.006624596931430915
0.006617985539829285
0.006611831858805317
0.006606152626555617
0.006600954913182133
0.006596237348866052
0.006591991336567293
0.006588202226584072
0.006584850434956713
0.006581912491625541
0.00657936200810294
0.006577170557569345
0.006575308463297791
0.006573745493718364
0.0065724514646681165
0.006571396751058334
0.0065705527117349005
0.006569892032374791
0.006569388992215708
0.006569019660979447
0.006568762032800102
0.006568596104117863
0.00656850390260566
0.0065684694740067995
0.006568478833605007
0.00656851988867635
0.006568582337889595
0.00656865755315017
0.006568738448910039
0.006568819343412802
0.006568895815843745
0.0065689645627936555
0.006569023256976725
0.006569070410582856
0.006569105245251783
0.006569127570153932
0.0065691376693126635
0.006569136198919079
0.006569124095073597
0.00656910249210263
0.006569072651401053
0.006569035900467202
0.006568993581723581
0.006568947010534898
0.006568897441728061
0.006568846043913168
0.0065687938807738044
0.0065687418985590496
0.006568690918953846
0.006568641636543027
0.006568594620122936
0.0065685503171311055
0.006568509060547512
0.006568471077654903
0.006568436500103192
0.006568405374809738
0.006568377675264969
0.00656835331290162
0.006568332148202516
0.006568314001330511
0.006568298662084082
0.006568285899033022
0.006568275467753737
0.0065682671180790075
0.006568260600378184
0.0065682556708273054
0.0065682520957365265
0.0065682496549593905
0.006568248144455002
0.0065682473780687145
0.006568247188624254
0.00656824742840223
0.006568247969091501
0.0065682487013035695
0.0065682495337243685
0.006568250391992714
0.00656825121736615
0.00656825196524391
0.00656825260360705
0.006568253111427391
0.006568253477084007
0.006568253696831672
0.006568253773339694
0.00656825371433678
0.006568253531368584
0.006568253238680821
0.006568252852241829
0.006568252388890694
0.0065682518656274835
0.006568251299028827
0.006568250704777068
0.006568250097317652
0.006568249489598443
0.006568248892919293
0.006568248316839553
0.006568247769168423
0.0065682472560072425
0.006568246781829656
0.006568246349599516
0.006568245960922536
0.006568245616194068
0.006568245314779397
0.0065682450551761695
0.006568244835187476
0.006568244652081945
0.0065682445027442915
0.006568244383811428
0.006568244291791481
0.006568244223181252
0.006568244174542381
0.0065682441425837235
0.006568244124218303
0.006568244116602284
0.006568244117172384
0.006568244123654643
0.00656824413407886
0.006568244146772595
0.006568244160354397
0.006568244173715154
0.006568244186000105
0.006568244196580086
0.00656824420503177
0.0065682442111113515
0.006568244214719354
0.006568244215881869
0.006568244214723573
0.006568244211442309
0.006568244206289653
0.006568244199547935
0.006568244191523576
0.006568244182521332
0.006568244172839299
0.00656824416275803
0.006568244152535319
0.0065682441423996485
0.006568244132547085
0.006568244123138611
0.006568244114306121
0.006568244106143761
0.006568244098719034
0.006568244092070352
0.006568244086211372
0.006568244081133989
0.006568244076811225
0.006568244073203888
0.006568244070257467
0.006568244067914342
0.00656824406610923
0.0065682440647724105
0.006568244063839379
0.006568244063240969
0.006568244062917006
0.006568244062808426
0.006568244062860384
0.006568244063026918
0.006568244063268502
0.0065682440635477235
0.00656824406383727
0.006568244064114381
0.006568244064363182
0.006568244064569684
0.006568244064725781
0.006568244064827922
0.00656824406487555
0.0065682440648718865
0.006568244064817819
0.006568244064719564
0.006568244064584561
0.006568244064417361
0.006568244064227957
0.0065682440640206785
0.006568244063803519
0.0065682440635828065
0.006568244063364426
0.006568244063151041
0.006568244062947204
0.006568244062757245
0.006568244062583273
0.00656824406242551
0.006568244062285622
0.006568244062164275
0.006568244062060025
0.006568244061973094
0.006568244061901929
0.006568244061846085
0.006568244061802453
0.006568244061771922
0.006568244061749606
0.006568244061736839
0.006568244061729178
0.006568244061727513
0.006568244061730066
0.0065682440617353954
0.006568244061742612
0.006568244061748829
0.006568244061756823
0.006568244061762818
0.006568244061769923
0.006568244061774919
0.006568244061778472
0.006568244061779804
0.0065682440617802484
0.006568244061779693
0.006568244061778583
0.0065682440617752524
0.006568244061771256
0.006568244061766149
0.006568244061761153
0.006568244061755046
0.0065682440617503834
0.006568244061744166
0.006568244061738504
0.006568244061733064
0.006568244061728401
0.006568244061723738
0.006568244061719297
0.006568244061716633
0.006568244061712192
0.006568244061709638
0.006568244061707862
0.0065682440617057525
0.006568244061704864
0.006568244061704309
0.00656824406170331
0.006568244061702422
0.006568244061702977
0.006568244061702533
0.006568244061702089
0.006568244061702422
0.006568244061702533
0.00656824406170331
0.006568244061702533
0.006568244061703421
0.006568244061703754
0.006568244061703088
0.006568244061703865
0.00656824406170331
0.006568244061703865
0.006568244061703532
0.006568244061703865
0.006568244061703532
0.006568244061702977
0.006568244061703532
0.006568244061702533
0.006568244061702422
0.006568244061701978
0.006568244061702644
0.006568244061701534
0.006568244061702977
0.006568244061701756
0.006568244061701756
0.006568244061702422
0.0065682440617010895
0.0065682440617008675
0.006568244061701534
0.006568244061701756
0.0065682440617010895
0.006568244061701312
0.006568244061701312
0.006568244061701312
0.006568244061702089
0.006568244061702089
0.006568244061701756
0.0065682440617012006
0.006568244061702089
0.006568244061702089
0.006568244061701534
0.006568244061701312
0.0065682440617022
0.006568244061701534
0.0065682440617012006
0.0065682440617022
0.006568244061701978
0.006568244061701312
0.0065682440617022
0.006568244061701645
0.006568244061701978
0.0065682440617010895
0.006568244061701756
0.006568244061701534
0.006568244061702089
0.0065682440617012006
0.006568244061702089
0.006568244061701534
0.006568244061702089
0.006568244061701978
0.0065682440617012006
0.006568244061702422
0.006568244061702422
0.006568244061702089
0.006568244061701756
0.006568244061702089
0.006568244061701534
0.0065682440617022
0.006568244061702089
0.0065682440617012006
0.006568244061701645
0.006568244061701645
0.006568244061701756
0.0065682440617012006
0.006568244061701534
0.0065682440617012006
0.006568244061702533
0.0065682440617012006
0.006568244061702089
0.006568244061702422
0.0065682440617022
0.006568244061701312
0.006568244061701312
0.0065682440617010895
0.006568244061701645
0.006568244061701645
0.0065682440617012006
0.006568244061701756
0.0065682440617022
0.006568244061702089
0.0065682440617008675
0.006568244061701534
0.0065682440617012006
0.006568244061702089
0.006568244061701312
0.006568244061701645
0.0065682440617012006
0.006568244061701756
0.006568244061701312
0.0065682440617012006
0.0065682440617012006
0.006568244061701645
0.006568244061701312
0.006568244061701756
0.006568244061701756
0.006568244061702089
0.006568244061701645
0.006568244061701312
0.006568244061701756
0.006568244061702089
0.0065682440617012006
0.006568244061701756
0.006568244061701534
0.006568244061701756
0.006568244061701312
0.006568244061701756
0.006568244061701645
0.006568244061701312
0.006568244061701756
0.006568244061701645
0.006568244061702422
0.0065682440617012006
0.0065682440617012006
0.006568244061701534
0.006568244061701978
0.006568244061701978
0.006568244061701645
0.006568244061701645
0.006568244061702089
0.006568244061702089
0.006568244061701645
0.006568244061701978
0.006568244061701645
0.006568244061701645
0.006568244061701534
0.006568244061701756
0.0065682440617022
0.0065682440617010895
0.006568244061701756
0.006568244061701534
0.006568244061701756
0.006568244061701312
0.006568244061701756
0.006568244061701534
0.006568244061701756
0.006568244061702089
0.006568244061701534
0.006568244061701756
0.0065682440617010895
0.006568244061701534
0.0065682440617012006
0.006568244061701645
0.006568244061701756
0.0065682440617010895
0.006568244061701312
0.0065682440617012006
0.006568244061702089
0.006568244061701645
0.006568244061701645
0.006568244061701645
0.006568244061701645
0.0065682440617012006
0.0065682440617010895
0.006568244061701534
0.006568244061701756
0.006568244061702089
0.0065682440617012006
0.006568244061701978
0.006568244061701978
0.006568244061701312
0.0065682440617022
0.006568244061701534
0.006568244061702089
0.006568244061701756
0.006568244061701534
0.006568244061702422
0.006568244061701756
0.006568244061701312
