0.8064352279314548
0.7280413043849454
0.7270618851196029
0.7260797762645066
0.7250953387740678
0.7241086951491794
0.7231198934387222
0.7221289507450201
0.7211358691239762
0.7201406425965187
0.7191432606619214
0.7181437102332504
0.7171419767857463
0.7161380450804948
0.7151318996437082
0.7141235250974671
0.7131129063957344
0.712100028997271
0.7110848789948148
0.710067443212794
0.709047709281629
0.7080256656940735
0.7070013018473956
0.7059746080741356
0.7049455756634831
0.7039141968748164
0.702880464944643
0.7018443740879312
0.7008059194946552
0.6997650973222649
0.6987219046846762
0.6976763396383184
0.6966284011657107
0.6955780891569794
0.6945254043896978
0.6934703485073828
0.6924129239969452
0.6913531341653728
0.6902909831158792
0.6892264757237323
0.6881596176119607
0.68709041512709
0.6860188753150649
0.6849450058974766
0.6838688152482004
0.6827903123705384
0.6817095068749321
0.6806264089573171
0.6795410293781547
0.6784533794421856
0.6773634709789265
0.6762713163239285
0.6751769283008044
0.6740803202040297
0.67298150578251
0.6718804992239054
0.6707773151397021
0.6696719685510115
0.6685644748750743
0.6674548499124506
0.6663431098348698
0.6652292711737136
0.664113350809107
0.6629953659595904
0.6618753341723373
0.6607532733139028
0.6596292015614602
0.6585031373945109
0.6573750995870336
0.656245107200045
0.6551131795745528
0.6539793363248725
0.6528435973322801
0.6517059827389877
0.6505665129424092
0.6494252085897021
0.6482820905725639
0.6471371800222618
0.645990498304883
0.6448420670167794
0.6436919079802028
0.642540043239104
0.6413864950550898
0.6402312859035209
0.639074438469738
0.6379159756454045
0.6367559205249596
0.6355942964021626
0.6344311267667284
0.6332664353010367
0.6321002458769163
0.6309325825524863
0.629763469569057
0.6285929313480765
0.6274209924881204
0.626247677761921
0.6250730121134258
0.6238970206548837
0.6227197286639572
0.6215411615808486
0.6203613450054459
0.6191803046944802
0.6179980665586866
0.6168146566599846
0.6156301012086429
0.614444426560466
0.6132576592139658
0.6120698258075359
0.6108809531166242
0.6096910680508949
0.6085001976513877
0.6073083690876684
0.6061156096549669
0.6049219467713107
0.6037274079746433
0.602532020919933
0.6013358133762707
0.6001388132239522
0.5989410484515529
0.5977425471529818
0.5965433375245304
0.5953434478619015
0.5941429065572308
0.5929417420960876
0.5917399830544698
0.5905376580957784
0.5893347959677837
0.5881314254995786
0.5869275755985137
0.5857232752471266
0.5845185535000548
0.5833134394809376
0.5821079623793095
0.5809021514474761
0.5796960359973862
0.5784896453974895
0.5772830090695875
0.5760761564856722
0.5748691171647566
0.573661920669702
0.5724545966040302
0.5712471746087355
0.5700396843590847
0.5688321555614169
0.567624617949932
0.566417101283482
0.5652096353423512
0.5640022499250374
0.5627949748450327
0.5615878399275926
0.5603808750065193
0.5591741099209286
0.5579675745120274
0.5567612986198893
0.5555553120802299
0.5543496447211878
0.5531443263601028
0.5519393868003051
0.5507348558279046
0.5495307632085826
0.5483271386843969
0.5471240119705845
0.5459214127523804
0.5447193706818367
0.5435179153746525
0.5423170764070164
0.5411168833124558
0.5399173655786944
0.5387185526445288
0.5375204738967081
0.5363231586668333
0.5351266362282672
0.5339309357930555
0.5327360865088695
0.5315421174559563
0.5303490576441146
0.529156936009676
0.5279657814125123
0.5267756226330591
0.5255864883693533
0.524398407234097
0.5232114077517351
0.5220255183555593
0.5208407673848265
0.5196571830819054
0.5184747935894423
0.5172936269475479
0.5161137110910115
0.5149350738465381
0.513757742930008
0.5125817459437636
0.5114071103739235
0.5102338635877177
0.5090620328308535
0.5078916452249087
0.5067227277647517
0.5055553073159889
0.5043894106124407
0.5032250642536511
0.5020622947024185
0.5009011282823672
0.4997415911755392
0.4985837094200237
0.4974275089076158
0.49627301538150537
0.49512025443400376
0.4939692515042907
0.49282003187621304
0.4916726206760961
0.49052704287060556
0.4893833232646301
0.48824148649920984
0.4871015570494902
0.4859635592227155
0.48482751715625383
0.4836934548156636
0.48256139599278947
0.48143136430389544
0.48030338318783516
0.4791774759042623
0.4780536655318671
0.47693197496666107
0.4758124269202916
0.4746950439183938
0.47357984829898536
0.47246686221088907
0.4713561076122045
0.47024760626880535
0.4691413797528844
0.4680374494415286
0.46693583651533943
0.46583656195708445
0.46473964655039046
0.46364511087847404
0.46255297532290907
0.46146326006243577
0.4603759850718042
0.45929117012065557
0.4582088347724449
0.4571289983834005
0.4560516801015194
0.45497689886560544
0.4539046734043374
0.45283502223538596
0.4517679636645592
0.4507035157849858
0.4496416964763479
0.44858252340413496
0.447526014018945
0.4464721855558239
0.4454210550336347
0.4443726392544688
0.4433269548030975
0.4422840180464499
0.44124384513313675
0.44020645199300656
0.4391718543367381
0.43814006765547053
0.43711110722046465
0.4360849880828047
0.4350617250731371
0.43404133280143264
0.43302382565679653
0.4320092178073084
0.4309975231998925
0.42998875556022853
0.4289829283926919
0.4279800549803251
0.42698014838485143
0.42598322144671097
0.42498928678513825
0.4239983567982606
0.42301044366324436
0.42202555933645647
0.4210437155536694
0.42006492383028926
0.4190891954616187
0.4181165415231506
0.41714697287088753
0.4161805001416935
0.41521713375367897
0.41425688390660265
0.41329976058231577
0.41234577354522683
0.4113949323427952
0.41044724630605023
0.4095027245501458
0.40856137597492637
0.40762320926553597
0.40668823289304046
0.4057564551150855
0.40482788397656366
0.4039025273103293
0.402980392737914
0.4020614876702858
0.40114581930861515
0.4002333946450778
0.3993242204636709
0.39841830334105455
0.39751564964741837
0.3966162655473635
0.3957201570008082
0.3948273297639182
0.3939377893900481
0.3930515412307135
0.39216859043657337
0.39128894195843544
0.3904126005482812
0.3895395707603053
0.3886698569519772
0.38780346328511506
0.3869403937269841
0.3860806520513992
0.3852242418398595
0.38437116648268355
0.38352142918017174
0.38267503294377403
0.38183198059727774
0.3809922747780108
0.3801559179380535
0.37932291234546434
0.378493260085525
0.37766696306199077
0.37684402299835507
0.37602444143912683
0.3752082197511183
0.37439535912474686
0.3735858605753378
0.3727797249444531
0.3719769529012126
0.37117754494363797
0.37038150140000126
0.3695888224301752
0.36879950802700767
0.36801355801768576
0.36723097206512245
0.36645174966934146
0.36567589016887203
0.36490339274215133
0.36413425640893127
0.3633684800316911
0.3626060623170583
0.3618470018172295
0.36109129693139974
0.36033894590719895
0.3595899468421243
0.35884429768498705
0.35810199623735317
0.3573630401549932
0.3566274269493327
0.3558951539889055
0.3551662185008114
0.35444061757217205
0.35371834815159253
0.3529994070506205
0.35228379094521134
0.3515714963771861
0.3508625197557039
0.35015685735871427
0.34945450533443256
0.34875545970279853
0.3480597163569398
0.3473672710646337
0.34667811946977267
0.34599225709382175
0.3453096793372804
0.344630381481134
0.3439543586883166
0.343281606005161
0.34261211836284844
0.3419458905788578
0.34128291735841165
0.3406231932959175
0.33996671287640867
0.33931347047697846
0.33866346036821116
0.33801667671561475
0.3373731135810374
0.3367327649240931
0.3360956246035781
0.33546168637887575
0.3348309439113688
0.3342033907658326
0.3335790204118424
0.332957826225153
0.3323398014890896
0.33172493939592795
0.33111323304826235
0.33050467546038254
0.32989925955962685
0.32929697818774484
0.32869782410224035
0.32810178997771866
0.3275088684072248
0.3269190519035655
0.3263323329006401
0.3257487037547495
0.3251681567459106
0.3245906840791556
0.32401627788582354
0.3234449302248512
0.32287663308405345
0.32231137838138935
0.3217491579662287
0.3211899636206138
0.32063378706049805
0.32008061993699577
0.3195304538376095
0.31898328028745426
0.31843909075047716
0.3178978766306608
0.31735962927323136
0.3168243399658367
0.31629199993974433
0.315762600371
0.31523613238160786
0.3147125870406794
0.3141919553655862
0.313674228323093
0.3131593968304994
0.3126474517567508
0.31213838392356286
0.3116321841065167
0.31112884303615995
0.31062835139909417
0.3101306998390453
0.30963587895794575
0.3091438793169806
0.3086546914376468
0.30816830580279053
0.3076847128576451
0.30720390301084777
0.30672586663546
0.3062505940699688
0.3057780756192878
0.30530830155573707
0.30484126212002893
0.3043769475222322
0.30391534794273267
0.30345645353318507
0.30300025441745226
0.30254674069254195
0.30209590242952344
0.301647729674448
0.3012022124492506
0.30075934075264665
0.30031910456101774
0.2998814938292921
0.2994464984918125
0.2990141084631933
0.29858431363917604
0.2981571038974661
0.29773246909857054
0.2973103990866154
0.29689088369017336
0.29647391272305146
0.2960594759851046
0.29564756326301467
0.2952381643310753
0.29483126895196143
0.294426866877486
0.29402494784936273
0.2936255015999455
0.2932285178529638
0.2928339863242536
0.2924418967224732
0.29205223874981456
0.2916650021027092
0.29128017647251436
0.2908977515462049
0.2905177170070471
0.29014006253526725
0.289764777808712
0.28939185250350263
0.28902127629467345
0.28865303885681615
0.28828712986469585
0.2879235389938861
0.28756225592136087
0.2872032703261196
0.2868465718897645
0.2864921502970995
0.2861399952367075
0.2857900964015233
0.28544244348939574
0.28509702620364685
0.284753834253622
0.2844128573552286
0.28407408523147726
0.2837375076129982
0.2834031142385717
0.2830708948556335
0.28274083922078275
0.28241293710027826
0.2820871782705302
0.2817635525185823
0.2814420496425899
0.281122659452289
0.2808053717694575
0.2804901764283717
0.28017706327625513
0.2798660221737195
0.279557042995202
0.2792501156293915
0.278945229979649
0.27864237596443175
0.27834154351768914
0.27804272258927476
0.2777459031453383
0.27745107516871714
0.2771582286593155
0.2768673536344882
0.276578440129406
0.2762914781974214
0.27600645791043077
0.2757233693592247
0.27544220265383
0.2751629479238592
0.27488559531884016
0.2746101350085469
0.2743365571833216
0.27406485205439335
0.2737950098541937
0.2735270208366556
0.27326087527751775
0.27299656347462753
0.2727340757482186
0.2724734024412019
0.27221453391944905
0.2719574605720597
0.27170217281163256
0.27144866107453147
0.27119691582114414
0.27094692753613003
0.27069868672867636
0.27045218393273995
0.2702074097072815
0.26996435463650703
0.26972300933009086
0.2694833644234058
0.2692454105777343
0.26900913848049424
0.2687745388454442
0.2685416024128858
0.26831031994987165
0.2680806822504026
0.26785268013561403
0.26762630445396984
0.26740154608144573
0.2671783959217069
0.26695684490628613
0.26673688399475404
0.26651850417488765
0.26630169646283053
0.2660864519032553
0.2658727615695212
0.265660616563817
0.2654500080173193
0.26524092709032787
0.2650333649724095
0.26482731288253414
0.2646227620692062
0.26441970381059454
0.26421812941465506
0.26401803021925974
0.2638193975923038
0.2636222229318269
0.26342649766612825
0.26323221325386614
0.2630393611841648
0.2628479329767194
0.2626579201818927
0.26246931438080223
0.26228210718542533
0.26209629023867576
0.26191185521449434
0.2617287938179276
0.26154709778521223
0.26136675888384675
0.2611877689126635
0.2610101197019058
0.26083380311328375
0.2606588110400522
0.2604851354070613
0.26031276817082105
0.26014170131955217
0.25997192687325066
0.2598034368837231
0.25963622343464676
0.25947027864160976
0.2593055946521542
0.2591421636458172
0.2589799778341705
0.25881902946085045
0.25865931080159843
0.2585008141642847
0.25834353188894044
0.2581874563477825
0.25803257994523443
0.25787889511795214
0.257726394334842
0.25757507009707103
0.25742491493809316
0.2572759214236501
0.25712808215178684
0.2569813897528652
0.2568358368895577
0.25669141625686054
0.25654812058209364
0.2564059426249009
0.25626487517724883
0.2561249110634183
0.25598604314000484
0.25584826429591
0.2557115674523248
0.25557594556273144
0.25544139161287716
0.25530789862076775
0.25517545963664967
0.2550440677429876
0.2549137160544487
0.2547843977178811
0.25465610591228927
0.2545288338488064
0.2544025747706743
0.25427732195320996
0.2541530687037782
0.2540298083617615
0.253907534298523
0.2537862399173787
0.25366591865355825
0.2535465639741673
0.2534281693781525
0.2533107283962557
0.2531942345909838
0.2530786815565511
0.2529640629188492
0.2528503723353962
0.2527376034952874
0.25262575011915533
0.25251480595911235
0.2524047647987069
0.25229562045287
0.25218736676786324
0.2520799976212217
0.2519735069217064
0.25186788860924203
0.2517631366548626
0.25165924506065185
0.25155620785968713
0.2514540191159763
0.25135267292439833
0.25125216341063705
0.2511524847311257
0.25105363107297596
0.250955596653914
0.25085837572221603
0.2507619625566404
0.25066635146636107
0.2505715367908975
0.2504775129000404
0.2503842741937904
0.25029181510228093
0.25020013008570485
0.250109213634245
0.25001906026799736
0.24992966453689924
0.24984102102065175
0.24975312432863872
0.2496659690998665
0.2495795500028617
0.24949386173561516
0.2494088990254898
0.2493246566291446
0.2492411293324538
0.2491583119504286
0.2490761993271281
0.24899478633558791
0.24891406787772496
0.24883403888426436
0.24875469431464647
0.24867602915694942
0.24859803842780048
0.24852071717228663
0.24844406046387668
0.2483680634043246
0.24829272112359002
0.24821802877974586
0.2481439815588894
0.24807057467505633
0.24799780337012833
0.24792566291374685
0.24785414860321697
0.24778325576342075
0.24771297974672668
0.24764331593289468
0.24757425972898772
0.24750580656927434
0.24743795191513984
0.24737069125499456
0.24730402010417407
0.24723793400484928
0.24717242852593546
0.2471074992629867
0.24704314183811615
0.24697935189988485
0.2469161251232208
0.24685345720931118
0.2467913438855115
0.24672978090525166
0.2466687640479327
0.24660828911883792
0.24654835194902436
0.24648894839523738
0.24643007433980557
0.24637172569054577
0.2463138983806621
0.2462565883686495
0.24619979163819827
0.2461435041980865
0.24608772208209073
0.24603244134888058
0.2459776580819225
0.24592336838937878
0.24586956840400964
0.24581625428306808
0.24576342220821035
0.24571106838538237
0.24565918904473127
0.2456077804405029
0.24555683885093238
0.24550636057815434
0.24545634194809807
0.24540677931038746
0.24535766903823786
0.24530900752835727
0.24526079120084543
0.24521301649909522
0.24516567988968607
0.24511877786228597
0.24507230692954962
0.2450262636270205
0.24498064451302326
0.24493544616857
0.2448906651972521
0.2448462982251418
0.24480234190069394
0.24475879289463764
0.24471564789988365
0.24467290363141547
0.24463055682619095
0.24458860424304385
0.24454704266257676
0.24450586888706705
0.24446507974035914
0.2444246720677664
0.2443846427359705
0.24434498863291976
0.24430570666772777
0.24426679377057392
0.2442282468925988
0.24419006300580925
0.24415223910297312
0.24411477219752353
0.2440776593234476
0.24404089753520075
0.2440044839075961
0.24396841553570559
0.2439326895347672
0.24389730304007295
0.24386225320687982
0.24382753721030193
0.24379315224521747
0.24375909552616504
0.243725364287244
0.24369195578201974
0.24365886728341835
0.24362609608363206
0.24359363949401835
0.2435614948450029
0.2435296594859797
0.24349813078521187
0.2434669061297372
0.24343598292526403
0.24340535859608037
0.24337503058495014
0.24334499635301876
0.24331525337971638
0.24328579916265614
0.24325663121754426
0.2432277470780786
0.24319914429585088
0.24317082044025307
0.24314277309838328
0.24311499987494212
0.24308749839214416
0.2430602662896204
0.24303330122432076
0.24300660087041903
0.2429801629192232
0.24295398507907295
0.2429280650752479
0.242902400649879
0.24287698956184534
0.2428518295866865
0.24282691851650784
0.24280225415988144
0.2427778343417638
0.2427536569033929
0.24272971970220025
0.2427060206117181
0.24268255752148749
0.24265932833696524
0.24263633097942883
0.24261356338589535
0.2425910235090175
0.2425687093170027
0.24254661879351713
0.24252474993759698
0.24250310076355674
0.24248166930090342
0.24246045359424118
0.24243945170318815
0.24241866170227733
0.24239808168088495
0.24237770974312312
0.24235754400776222
0.24233758260814142
0.24231782369208288
0.24229826542179467
0.2422789059737972
0.24225974353882718
0.24224077632175256
0.24222200254149107
0.24220342043091614
0.24218502823678056
0.2421668242196211
0.24214880665368144
0.24213097382682314
0.24211332404044172
0.24209585560938673
0.2420785668618689
0.2420614561393868
0.24204452179663438
0.24202776220142364
0.2420111757346004
0.2419947607899623
0.24197851577417395
0.24196243910668924
0.24194652921966953
0.24193078455789685
0.24191520357870056
0.24189978475187057
0.24188452655958181
0.24186942749631146
0.2418544860687608
0.24183970079577455
0.24182507020826238
0.24181059284912
0.2417962672731524
0.24178209204699408
0.24176806574903276
0.24175418696932915
0.24174045430954194
0.2417268663828528
0.24171342181388622
0.241700119238636
0.24168695730438794
0.2416739346696435
0.24166105000405091
0.24164830198831921
0.24163568931415502
0.24162321068418036
0.24161086481186345
0.2415986504214418
0.2415865662478538
0.2415746110366569
0.24156278354396743
0.24155108253637714
0.24153950679088776
0.24152805509483732
0.24151672624582854
0.24150551905165962
0.2414944323302498
0.2414834649095745
0.24147261562759248
0.24146188333217378
0.24145126688103413
0.24144076514166501
0.24143037699126635
0.24142010131667224
0.2414099370142918
0.24139988299003579
0.24138993815924714
0.2413801014466429
0.24137037178623633
0.24136074812128072
0.2413512294041954
0.24134181459650617
0.24133250266877437
0.2413232926005353
0.2413141833802359
0.24130517400516371
0.2412962634813859
0.24128745082368985
0.24127873505551267
0.2412701152088811
0.2412615903243509
0.24125315945094117
0.24124482164607264
0.24123657597550918
0.24122842151329227
0.2412203573416809
0.24121238255109212
0.24120449624003937
0.241196697515074
0.24118898549072
0.2411813592894253
0.24117381804148763
0.2411663608850101
0.2411589869658336
0.24115169543748127
0.24114448546110057
0.24113735620540622
0.2411303068466223
0.24112333656842377
0.2411164445618822
0.24110963002540997
0.2411028921646997
0.2410962301926739
0.2410896433294255
0.24108313080216826
0.24107669184517222
0.2410703256997211
0.24106403161404744
0.24105780884328742
0.24105165664942108
0.2410455743012232
0.2410395610742091
0.24103361625057662
0.24102773911916742
0.2410219289753971
0.2410161851212217
0.24101050686507197
0.24100489352180843
0.24099934441267112
0.24099385886522828
0.24098843621332489
0.2409830757970327
0.24097777696260714
0.240972539062425
0.24096736145495024
0.24096224350467255
0.24095718458206805
0.24095218406354857
0.24094724133140966
0.2409423557737922
0.2409375267846222
0.24093275376357892
0.24092803611603497
0.2409233732530195
0.240918764591167
0.2409142095526735
0.24090970756524877
0.2409052580620763
0.24090086048176396
0.2408965142682996
0.2408922188710082
0.24088797374450843
0.2408837783486678
0.24087963214855856
0.24087553461441658
0.24087148522159652
0.24086748345053033
0.24086352878668482
0.24085962072051714
0.2408557587474407
0.2408519423677724
0.2408481710866991
0.24084444441423702
0.24084076186518721
0.2408371229590962
0.24083352722021678
0.24082997417746876
0.2408264633643974
0.24082299431913656
0.24081956658436654
0.24081617970727842
0.2408128332395315
0.24080952673722245
0.24080625976083503
0.2408030318752169
0.24079984264953203
0.24079669165722584
0.24079357847599014
0.24079050268772362
0.2407874638784978
0.24078446163851852
0.2407814955620945
