0.9999843503792053
0.9999840389407543
0.9999837258135548
0.9999834034092991
0.9999831393356967
0.9999828112930795
0.9999824704156536
0.9999821843317457
0.999981834832829
0.9999814714298092
0.9999810942857318
0.9999807035777932
0.9999802994065193
0.9999798816745858
0.9999794498708043
0.9999796993953984
0.9999792011323502
0.9999787807414405
0.9999783388281163
0.9999778753962189
0.9999773904179777
0.9999768834337951
0.9999763545469181
0.9999758030476915
0.9999752280195092
0.9999746280914169
0.9999740026118138
0.9999733497532883
0.9999726685059318
0.999971957764871
0.9999712155744407
0.9999704398061382
0.9999696292167162
0.999968781249612
0.9999678941296695
0.9999669658609724
0.9999659936394797
0.9999649743516047
0.9999639217430968
0.9999631342395342
0.9999619955362486
0.999960795836184
0.999959532902201
0.9999582041879279
0.9999568047237529
0.9999553323637284
0.9999537836771617
0.9999521569361951
0.9999504505803153
0.9999486628888745
0.9999467942387823
0.9999448430260761
0.9999428098825995
0.9999406976425184
0.9999385036588238
0.9999362312707327
0.999933880059788
0.9999314485748954
0.999928937466992
0.9999263466147595
0.9999236675136102
0.9999209039040893
0.9999180526249141
0.9999151052842089
0.9999120628772142
0.9999089287511828
0.999905697821947
0.999902367544347
0.9998989332655913
0.9998953998559715
0.9998917660449788
0.9998880314821518
0.9998842039754509
0.9998802818405114
0.9998762665770388
0.9998721641850086
0.9998679749612958
0.9998637038665439
0.9998593570585849
0.9998549392070073
0.9998504484344551
0.9998459030672263
0.9998413021971184
0.9998366331438022
0.9998319223045736
0.9998271540260275
0.9998223468982576
0.9998174941043809
0.9998125989747717
0.9998076827337509
0.9998027535684666
0.9997978025579524
0.999792835035589
0.9997878494369494
0.9997828446772435
0.9997778411287993
0.9997728532854973
0.9997678906929046
0.9997629569620161
0.9997580567596512
0.9997531894972275
0.9997483556151431
0.9997435710220728
0.999738833267373
0.9997341314658411
0.9997294914980822
0.9997248734915775
0.9997202925809953
0.9997157485297928
0.9997112724928753
0.9997068585418188
0.9997025181060435
0.9996982420960465
0.9996940277618573
0.9996898754840241
0.9996858101232342
0.9996818101312446
0.9996779063545378
0.999674066297834
0.9996702972498485
0.9996665491603606
0.9996628663019955
0.9996592634137664
0.9996557336100333
0.9996522905609184
0.9996489250329049
0.9996456113374788
0.9996423733146951
0.9996392145946872
0.9996361103847095
0.9996330816364652
0.9996301047695793
0.9996271956605068
0.9996243530664987
0.9996215800304189
0.9996188536456677
0.9996162305658441
0.9996136334526499
0.9996111083047541
0.9996086453552055
0.9996062470396821
0.9996039087405462
0.9996016435208218
0.9995994166436859
0.9995972514766517
0.9995951300272242
0.9995930586387379
0.999591039355156
0.9995890664430976
0.9995871704917251
0.9995853078541012
0.999583479339141
0.9995816960661781
0.9995799693436407
0.9995782923970381
0.9995767144733492
0.9995752100885893
0.9995737284598958
0.9995722650519082
0.999570842596683
0.999569468780559
0.9995681185843861
0.9995667802297813
0.9995654543780936
0.9995641319189243
0.9995628308079005
0.9995615656895614
0.9995603249298053
0.9995590957921485
0.9995579132625554
0.9995567802012713
0.9995556891520866
0.9995546455835586
0.999553630005169
0.999552641043944
0.9995516400644614
0.9995507016523225
0.999549800910115
0.9995488934837012
0.9995479983165544
0.9995470985103732
0.9995462447458028
0.9995454171299025
0.9995445767947545
0.9995437728604364
0.9995429709302542
0.99954225337045
0.9995415691497002
0.9995408961836008
0.9995402224992083
0.9995395829162007
0.999538937509788
0.9995383222861332
0.9995377014577224
0.9995370624978543
0.9995364890149964
0.999535918784588
0.9995353678101785
0.9995348414140709
0.9995343412936972
