1.0589535461044461
1.0561540186696385
1.0530106447458631
1.0494161456187718
1.045416667436843
1.0410635971273465
1.0363348295437453
1.0312583668533122
1.0258476446309817
1.020145957178326
1.0141617839739165
1.0078522645957568
1.0012672585346574
0.9944703421848726
0.9874453221392269
0.9801769820995425
0.9726880709892626
0.9650484251457406
0.957228032504606
0.9492578755381005
0.941183311783736
0.9329791049014746
0.9246982310247571
0.9163693580547165
0.9080302708627186
0.8995620978196043
0.8911256837363075
0.8826851847866394
0.874226043153087
0.8657765027755567
0.8573604088681073
0.8489804344426021
0.8406386361461142
0.832388870141309
0.8242675884647386
0.8161468172523713
0.8081845900592703
0.800395938512034
0.7927384714277677
0.7853103473590606
0.7781233790713509
0.7711689999122259
0.7644293958001971
0.7579463773184862
0.7515155947432713
0.7453214536846088
0.7392789874438762
0.7335056442141693
0.7279922009040741
0.7226600580614081
0.7175354685261214
0.7126670699624682
0.7081218277221385
0.7037704700361432
0.6995388933111428
0.6955871905148936
0.6918515616871563
0.6878559725629421
0.6839342514785421
0.6799380873838166
0.6759705702624342
0.6721102958830341
0.6683722739497108
0.6647722622268643
0.6612942732288013
0.6576446950834889
0.6540288597638688
0.6503359280833112
0.646616141570399
0.6431062288820508
0.6398410227809672
0.6366413300585666
0.6331360373375975
0.6298790539983535
0.6269083822823958
0.6242505009020431
0.6217208849881908
0.6193665691174134
0.6171740779328843
0.6153191350869052
0.6137430297587912
0.6123910624587593
0.6109847214190408
0.6097237752064779
0.6088971555594289
0.6080893662445311
0.6074318607562571
0.6070804417372794
0.6063266317992491
0.6058050327652055
0.6048996001578995
0.6040355765337175
0.6034295814455607
0.6030183347367009
0.6025302545214573
0.6021094377450897
0.6017988981666439
0.6015173240058244
0.6012500461031653
0.6008087053129872
0.6004232974040441
0.6002011215604202
0.6002698022216996
0.6001725479831946
0.6003801476429569
0.6001079966946544
0.5999415702289044
0.6000515784376703
0.6003618783445065
0.6004735761261466
0.6004613724644992
0.6004073103066231
0.6002778557046565
0.6004446295457601
0.6003842778510662
0.6001939267098485
0.6001447883938313
0.5999326858592928
0.6000773536867111
0.6001482866226184
0.6004236074516173
0.6005421877859448
0.6007127366935587
0.6011311124980279
0.6012219901201655
0.6013661296385703
0.6014469863775695
0.6013277302012454
0.6013547893837121
0.6011945739991236
0.6012005472283618
0.6011677980899975
0.6010252313307581
0.6011532849088306
0.6009713634233638
0.6012032861462291
0.6017289316896351
0.6023301283878195
0.6022083435020732
0.6022068901444899
0.6022796399009862
0.6019680056775892
0.6018187493934408
0.6017144916799376
0.6017827583780551
0.6019127811160858
0.602168933469319
0.6023846055529365
0.6028988924963133
0.6034540707828743
0.6031379841936996
0.6030390711173615
0.6032514480997689
0.6037220822782234
0.603662651735957
0.6036001347828738
0.6038129446715013
0.6036937073866612
0.6039987116196149
0.6040189851315463
0.6040986684164756
0.6046821977216988
0.6047645773348541
0.605020447852427
0.6046810796646928
0.6045785978985239
0.6046801200021313
0.6042160896411337
0.6041127422671415
0.6046302516672653
0.6047531308912099
0.6052872419434114
0.6055218628275865
0.6052493597133775
0.605165444648324
0.6056315304642389
0.6059176769293922
0.6056560380174527
0.6055454866637572
0.6057067214922229
0.605769513051871
0.6057867447457882
0.6058442554855468
0.6056214916124617
0.6055797635604587
0.6059325228684781
0.606411118656682
0.6063629257733844
0.60631324017118
0.6066505621989251
0.6064945580798579
0.6065277126904371
0.606539978175471
0.6066252457989872
0.6070532294278776
0.6077033142283177
0.6076247530243664
0.6078451545120431
0.6078559205644214
0.6078450294108563
