1.199596984335888
1.0476360348712224
1.0392117165648118
1.0288756194644824
1.0175811275711724
1.0056802365499065
0.9933478081981525
0.9806865691949151
0.9677640516664812
0.9546284635487314
0.9413164587337126
0.9278572997927347
0.914275235412843
0.9005909244653719
0.8868223204710473
0.8729852342658012
0.8590936942565509
0.8451601730683715
0.8311957254785868
0.8172100765906778
0.8032117063976275
0.7892079881842218
0.7752054340140622
0.7612100579334262
0.7472277908912436
0.733264824963123
0.7193277872766474
0.7054237312322652
0.6915600076853142
0.6777440952495252
0.6639834435832904
0.6502853522072095
0.6366568879963486
0.6231048371312674
0.6096356864740519
0.5962556306598691
0.5829706024691953
0.569786324496972
0.556708379633389
0.5437422965600194
0.5308936447447532
0.518168132362262
0.5055717032302353
0.4931106433610246
0.4807917511422639
0.46862271227680136
0.4566128816225771
0.44477440528853623
0.4331228176543642
0.4216759921647111
0.41045178587168946
0.39946594548656283
0.3887311017084375
0.3782566039057542
0.3680487251674726
0.35811096519133284
0.34844434990743006
0.33904770147977775
0.329917874533823
0.32104995920906076
0.3124374559445658
0.30407244205785067
0.29594578909142893
0.28804755536241666
0.280367705717354
0.27289711658299926
0.2656283679998191
0.25855569987434507
0.25167419652696066
0.2449788809338266
0.238464189897304
0.23212384224768356
0.2259509377891571
0.2199381528838503
0.21407795566128557
0.2083627990552109
0.20278527644626856
0.19733827527735126
0.1920152754865874
0.18681106401796044
0.18172292035843843
0.1767514312589553
0.17189970613296793
0.16717130948874967
0.16256846835832123
0.1580912994224419
0.1537377995000116
0.1495041863245833
0.14538535224934016
0.14137532993102545
0.13746774008077745
0.1336562508485989
0.12993515949134038
0.12630025590908256
0.12274990027714375
0.11928559578181476
0.11591114219257438
0.11263066353242629
0.10944683401392173
0.10636004919392275
0.10336839244580238
0.10046801319535155
0.09765365742226985
0.0949192322811256
0.09225839333467684
0.08966524214762127
0.08713525199728264
0.08466627892057936
0.0822589745567643
0.07991595710867617
0.07764014742557675
0.07543331130650252
0.07329534351661669
0.07122420712368477
0.06921627256105653
0.06726686946202204
0.06537096074444361
0.06352392057279399
0.061722410496145304
0.05996521158066061
0.05825358819813252
0.056590722333268575
0.05498033672807258
0.053425236505068426
0.05192639115999412
0.05048268221451994
0.04909115075951511
0.04774754973918907
0.04644706994305197
0.045185163430447116
0.04395837836625205
0.042765011730313475
0.04160527052874452
0.04048075073506906
0.03939343442635364
0.03834468039974307
0.037334580891396914
0.03636178814772387
0.03542373869928405
0.03451715379368561
0.0336386995614918
0.03278568774168391
0.031956657289187944
0.031151628380042522
0.030371868670046202
0.02961922068130373
0.02889527060587457
0.02820068523185803
0.02753490380814415
0.02689620340726938
0.02628205830660539
0.02568967889067155
0.02511660197862197
0.0245611875349662
0.024022869924780175
0.023502062003661874
0.022999738887522558
0.02251686906843896
0.022053911366863216
0.021610535455614116
0.02118561738574539
0.020777474545729493
0.02038425381417802
0.020004360340527664
0.019636802849435912
0.019281343568874197
0.018938395844645326
0.01860870656185396
0.01829294760511544
0.017991367381830645
0.01770361186868423
0.017428751389673255
0.017165483142175295
0.016912435938207744
0.016668481986845878
0.01643295978716061
0.016205737315438323
0.015987097755883823
0.01577749564294738
0.015577278182849747
0.015386471167631968
0.01520469450647641
0.015031221452648914
0.014865149592745363
0.014705621244426655
0.014552019394475695
0.014404074658272157
0.014261849339737351
0.014125609317165876
0.013995635795958833
0.013872048027641522
0.013754697781272841
0.01364316507282101
0.013536847861834365
0.01343510878671241
0.013337426352854124
0.013243499105421483
0.013153269095494061
0.013066860667187118
0.01298446166869455
