1.681315813967727
1.6500818621207733
1.6403608906731337
1.6298823469519153
1.6183110581160547
1.6061496697389672
1.594082978218111
1.5811388319777122
1.5678396107748134
1.5541204666935717
1.5399948041467206
1.5255612081434708
1.5107249728298555
1.4955117015987143
1.4799483660096624
1.46406329226574
1.4478860548354278
1.4314469491455057
1.4147753435247348
1.3978893720968149
1.3807403476748905
1.3634401148741926
1.3460393256711922
1.3285675597513702
1.3110552844003247
1.2925516304848943
1.2736968036013172
1.2544976320809138
1.2347271376311582
1.2145842056293932
1.1941121385462796
1.1733781819792932
1.1510489370778285
1.12810762396926
1.1046664222836684
1.080902616656878
1.0567405720070253
1.0322153082642382
1.007511460951265
0.9827113822170797
0.9576221519781556
0.9326074648080106
0.9081605862655712
0.8827164335297769
0.8565975463285832
0.8301331462010701
0.8032475635060295
0.7758857445375731
0.7480435009494468
0.7197053523196799
0.6910598837687912
0.6621555883721894
0.632393408995115
0.6024213225429574
0.5726559949344551
0.5423013429930782
0.5124359527893012
0.48207128099117363
0.4519902958914436
0.4227083548175705
0.3933959399051673
0.36481115813292664
0.33739421514688783
0.3104761518264308
0.28473137347044036
0.26044827322296604
0.23764886230672205
0.21551634579226647
0.19488862953513078
0.17577493185157053
0.15815659427532675
0.1419942189241606
0.12674668981498863
0.11292710981927861
0.10047079863136724
0.0887740532363338
0.07831443798072323
0.06904253606709843
0.06090582599629695
0.05323023810917366
0.04662718758664464
0.041008727307672216
0.03597096910428802
0.03176338502415655
0.028040004629152872
0.025002691667605065
0.022307841555918386
0.020188969898544934
0.01832354758643258
0.016922552247424536
0.015684640283741346
0.01481546219501091
0.014011471463310719
0.013477150904241274
0.013162721570058902
0.01260120112266662
0.01222945458353766
0.012019333921244676
0.011950092163378714
0.011523519014253893
0.011238790434849525
0.01108541767332315
0.011054527129446755
0.011138293854793932
0.010762272416921634
0.010542646413600108
0.010460689438559594
0.010495058933379873
0.01061996187135623
0.010805420526254194
0.010290232898393793
0.009884457082712262
0.009600404870952798
0.009449302993872791
0.009436488619902554
0.009562801764401817
0.009827248723720441
0.00935224703977265
0.00905647849792807
0.008935230870932304
0.008985941053585998
0.009208214838022503
0.00960378438682653
0.01017519894096468
0.010918503773650782
0.010911919826971093
0.010969730795926813
0.010944993275817584
0.010933833880504264
0.011012140937147434
0.011198271509986655
0.011495456058962053
0.01104845977132906
0.010818278371861252
0.01080318064984542
0.011000590033074941
0.01140967955151356
0.012035079963472651
0.012115501247727298
0.012496759723314913
0.01324916542433946
0.014536266939300494
0.016638140315792572
0.015501938221933227
0.01433307516679452
0.013689984319015771
0.013432347463287355
0.013475599050570764
0.013756493564875093
0.013597947802911084
0.013659231491913138
0.013931261917237
0.014426746178682155
0.015176511086125066
0.015527725754494296
0.01631036614191515
0.01774948988456763
0.02055547429614844
0.01580482694934954
0.01258002524962406
0.011136746404653893
0.011093884044407606
0.012261778180140022
0.014088149539806569
0.017548393254908708
0.012810794149131968
0.01104551329561576
0.01165704188023804
0.014866577933533963
0.02453118613001242
0.02237821876859031
0.020536380589255998
0.019036434320343718
0.017809465782002175
0.016877614744852085
0.0162594861861095
0.015280657075640861
0.014636402232811247
0.014305863146926332
0.014262929693787622
0.014476236328245103
0.014908412962797603
0.014913101882016196
0.015137079861740062
0.015515896807707808
0.016012207161229
0.016635496168879754
0.016839216299701573
0.017297554051300602
0.018062067505432756
0.019108716958210255
0.020032130637738826
0.01966683105929715
0.018984149947754346
0.018394372933075564
0.01799020516676289
0.01743700652538973
0.017143983684910404
0.017092519245615268
0.016849677259530436
