0.8598905057789652
0.5844390877417465
0.3078142081582146
0.13925933557637718
0.07750855199084866
0.051389090598968366
0.0394202345093336
0.029615996488379537
0.020599853975374047
0.014721021947181088
0.012930907530217077
0.013447711661025144
0.013147866850332375
0.010559017576404912
0.007048285426273902
0.0045713220781277
0.00418460756785867
0.004803155888860996
0.004924087332960143
0.0042917615697676565
0.003588668745910174
0.003287923343818993
0.003268174639924365
0.0032502871598979258
0.003124183343873352
0.0029035777085082513
0.0026742168225115954
0.002550638713187706
0.002550777130687296
0.0025826154281890137
0.0025590907065455642
0.0024779956936451146
0.002415119544886223
0.002440517927096711
0.0017518195093764112
0.001607142091395604
0.0014834131061061341
0.0013299996969456233
0.0014226740099431794
0.001409188850447387
0.0013880277067756356
0.001329001863636641
0.0012256993920806102
0.0011196555850056288
0.0011008457076033301
0.0011257660997385816
0.0011140453617063007
0.0011103456000802923
0.001192749192182475
0.0013099546781397613
0.0013595114540312448
0.0013475702014951205
0.0011344887769628464
0.00113007658369628
0.0011919286846675248
0.0009886099647177017
0.0009203948192692268
0.0008832063583643432
0.000863246250269761
0.0008960143890630021
0.0009577312541609608
0.0008791624500712326
0.0008634307019171916
0.0008716169266867144
0.0008579537541683584
0.000860472942194851
0.0008947204785603527
0.0009189170593181706
0.000982228794965293
0.001036863319501198
0.0010359627746297504
0.0010850466098170984
0.0011746629219578258
0.0012407112793373929
0.0013397855352943785
0.001440159620975049
0.0014913227550504998
0.0015829172853831096
0.0017113373087330789
0.001803957468084229
0.001896696935683583
0.0019755286859932985
0.0020002506818217343
0.002031863280304621
0.0020596294844127468
0.002024691966592289
0.001968760709185995
0.0019006922786202831
0.001798014655889769
0.0017075772747373482
0.0016244266798160082
0.0015125207266914655
0.0014080904797890053
0.0013158499011915155
0.001216679124116239
0.0011392874121217583
0.001076990953081687
0.0010108091293877985
0.0009619507348036419
0.0009187746276481351
0.0008689500512051216
0.0008341537063046121
0.00080654609128086
0.0007803827853277226
0.0007668380216191678
0.0007497412458246317
0.0007280555454566836
0.0007164017576262205
0.0007066335151879963
0.000700392935060107
0.0006997647706425059
0.0006929798416393699
0.0006872736139359471
0.0006883769098656856
0.0006906596239768022
0.0006982188899086564
0.0007067547455689933
0.0007120257428500902
0.000722637852052673
0.0007377763215236325
0.000756373297945313
0.0007801210152595306
0.0008024152973388352
0.0008254865579499875
0.0008535160684482279
0.0008826198074935136
0.0009129912000020159
0.0009412061661761926
0.0009643636102801209
0.0009863462311904354
0.0010039966230072953
0.001014230639439659
0.0010172506154196871
0.001011587570771002
0.0010005282745675981
0.0009840616411228395
0.0009594239855193297
0.0009295603103409369
0.0008964368808123414
0.0008625290903302329
0.000829239898322037
0.0007941552451894723
0.0007591555790740879
0.0007266322831225838
0.0006970710028635054
0.0006709662139094228
0.0006459171521272697
0.0006219085378274794
0.0006008807879704291
0.0005826144247405027
0.0005669710885358225
0.0005521630888941288
0.0005374778533126355
0.0005247775997079329
0.0005141123201315889
0.0005050485057545365
0.0004963502839934746
0.0004872207613613123
0.0004795118706544738
0.00047366005168655384
0.0004689532388382344
0.00046438708780579093
0.0004593217352776478
0.0004555989860823021
0.0004538417857163968
0.0004530336434613507
0.00045223376649012475
0.0004510927358134947
0.00045146045159279765
0.0004538899737489842
0.000457028442759587
0.0004599620415602354
0.0004626566712563479
0.00046691443227195203
0.000473015817884775
0.0004793132488117131
0.0004849713842557394
0.0004902536199121543
0.0004968514988573997
0.0005046715961466877
0.0005119020110516581
0.0005179034865593509
0.0005232201731709612
0.000529428674319074
0.0005360607563130108
0.000541301930373934
0.0005448134415409777
0.0005473854157132416
0.0005504966623846906
0.0005533171149400529
0.0005541979937402796
0.0005531480044132634
0.0005511735895953061
0.0005496549582091069
0.0005474294589798464
0.0005432494086544411
0.0005374601022924321
0.0005313155043457625
0.0005260172275795204
0.0005200806630916414
