0.9967245560661158
0.9724379837230475
0.9438098396191897
0.9103615289840907
0.871548793611356
0.8280125984545926
0.7804641898723341
0.7287212181413286
0.673953658800747
0.6172952985524675
0.559730321782901
0.5026197636621025
0.4481381267560394
0.397423584660946
0.3515266272280321
0.31006447986569613
0.2731962672755666
0.24025029431133096
0.21006477808066104
0.1842102231902193
0.1623031248721279
0.1412631259722729
0.12275858825841252
0.10650339927693642
0.09227355900408918
0.07974604746361928
0.06871066869118188
0.05891143631478647
0.05047785832588576
0.043271854232262
0.037153885939245346
0.032067438220184374
0.027791046059606472
0.02389172263131337
0.020857236603941294
0.01834912319011129
0.016257266259187546
0.014530739400165592
0.013073519465511097
0.011931132530814249
0.011052194730614282
0.010358912728627663
0.009786112778449766
0.009279249485975161
0.008802406730976448
0.008341079693333213
0.007885731458488672
0.007433786238480713
0.006988635848221773
0.0065548904161143355
0.006141557954511266
0.0057611360952431285
0.005426674165807404
0.005147362468446089
0.004925021368910629
0.004753803235296564
0.004622789673727499
0.00451951197226718
0.004432972878066529
0.004355914785923353
0.00428464341936444
0.004216768614763489
0.004148896400082035
0.004076269500201294
0.003996030631192701
0.003908517769623918
0.003774846943081914
0.0036611204713140563
0.0035929027276840313
0.0035417856116689095
0.0035051002581428653
0.003421551396890704
0.0032825708490356103
0.0032391509354451928
0.003300292775827707
0.0034282907121489575
0.0035629805280798224
0.0036480233612528564
0.0036102177854116435
0.0035089191772362943
0.0033774069379536374
0.0032545641582295668
0.0031656806969431843
0.003114979612585022
0.0030901833234087944
0.0030380186091102618
0.0030015841176518256
0.0029698558384746916
0.0029072176147093517
0.002857211244321054
0.002820356809500289
0.002788409920090262
0.0027248697597104694
0.002678136958162463
0.002647680844499902
0.002601586132467789
0.0025763318221101394
0.0025734565580659186
0.002586666469741555
0.0026050432360975265
0.002618653123417824
0.002622859758573792
0.002584107563453757
0.0025844346255850022
0.0025798885044165526
0.002582756097914422
0.002594557284575292
0.002614667190021719
0.0026391237950507294
0.0026626955820340404
0.002682154126005748
0.0026296525484510954
0.002623311961867109
0.0026417407464490363
0.0026138933547272176
0.002622693220521446
0.002674936656770325
0.002759497401419742
0.002733048656404062
0.002743365613802498
0.002802973135204697
0.00279696038954593
0.0028263849313919314
0.0029003623807200805
0.0030154697585971163
0.0029393461242964635
0.0029258058959097497
0.0029803055785680255
0.002812185066586561
0.002777110112554173
0.0028332676212392788
0.002946830940778942
0.0030240437730569857
0.0030188658415939156
0.0029299390864903994
0.002824522131546459
0.0026585321181526946
0.00258219140630782
0.002486124910758134
0.0025513406451650143
0.0026718505279079634
0.002687349836139002
0.002565152921144499
0.0024421988001407297
0.0024278375408097767
0.0025196790546818375
0.002595804585143527
0.0025491642931826384
0.0024309436435470733
0.0023550204301608455
0.002326691705298558
0.0024364795729216386
0.0025691230303557687
0.002613537022713603
0.0025584378717528064
0.0024722193751576765
0.002419447095479746
0.002405848389397581
0.002397731848562043
0.002376865987701249
0.0023634918352379
0.002389345830460577
0.002458568046646362
0.0025361377237787773
0.002580667333075017
0.0025817574462048084
0.002584536145767712
0.0024635635870421824
0.002371720188465577
0.0022772372503351043
0.0022737459160380997
0.002076459350726569
0.0021043000446667095
0.0022962842056006164
0.002466295303020533
0.0024930220195072575
0.0024108156059143397
0.0023272539869298495
0.00229562078838981
0.0022458292199635443
0.0021944644098466784
0.0020829048745928253
0.0020571236790438044
0.0021062060803804907
0.0021973038089949004
0.0022505218318515183
0.0022542720825028356
0.0022833844162033663
0.002391543998688426
0.002517289433945388
0.0025124164752063074
0.002328853880731801
0.0021148146775004793
0.0020286346859126614
0.0021397007947847884
0.0023350769381222636
0.0024537521907278433
0.0024553865332700466
0.002479493703744423
0.0026999975490613302
