0.9986195423334033
0.451245828229436
0.23380172543474154
0.11236340134266688
0.042271574681737645
0.02628542757011322
0.01882636790506708
0.012699650890614958
0.012454438882666997
0.010728295058182874
0.011274033383116094
0.01241481809901478
0.013492549738157457
0.014681546129978301
0.015205587606073894
0.018276603608814623
0.020434239509637905
0.022640987544245504
0.026235367128502357
0.030922777670780912
0.037963644544244196
0.04342679817935614
0.046938093369004
0.04896115716828892
0.05803202566399393
0.062297773273524655
0.06819056369986755
0.07257445511912525
0.08282862963693251
0.08201362101718186
0.08498433743400349
0.08476043952204265
0.08660630578808924
0.08628320927060813
0.08394572395707393
0.08822621431188903
0.0800588891929257
0.08203681236189701
0.07994445561008014
0.07526616209469031
0.07678617000608384
0.07993749751593755
0.0791942551370846
0.06826792988676113
0.06352854200082694
0.06415725702447035
0.06700663108754228
0.06720755078347614
0.0625452920969455
0.06095044843029139
0.056918580132977376
0.05989850524850597
0.057516411525025554
0.05307072467532363
0.05393165367182747
0.05630290874238248
0.05458331964679561
0.05690848086756871
0.05681745665480696
0.06298060417116437
0.061896485171563806
0.06429894055782881
0.06401846444611148
0.06308055264880219
0.06915275133366897
0.06357712255906357
0.06577127508212705
0.07027675678048753
0.07044331363278067
0.07248965490083274
0.07780167780718934
0.07555981359135724
0.0756714862572412
0.08172053104658979
0.06884417729911735
0.06516441485749129
0.06871990377054858
0.06820883858056566
0.06370180696440407
0.06599159058100323
0.07032372155789018
0.06680093081832168
0.0661574631040575
0.07029224433623683
0.07099107530560284
0.07046299769608044
0.07585804700656203
0.07432091794544435
0.07393214103667747
0.06911325400721798
0.06425226902217682
0.06194957333006451
0.05958688032624626
0.06353321520820854
0.06098518544223161
0.05464877412817931
0.05592923797141927
0.05133270050358334
0.049998056917582814
0.05089728277568279
0.051977890158910245
0.050017066727813156
0.04633641108373936
0.04557666279244298
0.04528912870290959
0.04383150388081243
0.0417306791668878
0.04320105279988342
0.04144519120779378
0.043256581385369974
0.04299523559933907
0.04249457973934985
0.04423751534903136
0.04455994551061835
0.0446136413901449
0.044996694660531515
0.04249893038192639
0.04287567894141855
0.044631118172429124
0.042877159821499804
0.041783558528483256
0.04519608458393993
0.04070620590330225
0.04194170622252522
0.043048912481540184
0.043048645577056836
0.0446795468744702
0.04311725670150901
0.04492022818810018
0.04534320003474538
0.045666108362475415
0.044772709365093935
0.04575217211082139
0.043703825131554234
0.04499448146170638
0.04450636921990935
0.042928365512077425
0.04097651412030208
0.041767790414502445
0.041781636044602735
0.042355816682411625
0.04265652302633745
0.04059629008057258
0.04058061115106848
0.038359997867202345
0.038673289228791236
0.03628101114284847
0.032979039973585575
0.03382642224768823
0.032485586650341416
0.032329515446691215
0.03336018976115228
0.031193823084628088
0.028583374067131077
0.030265905611853435
0.02992446509340511
0.030260402311000273
0.03057182458333831
0.03017805537168522
0.030073166436959366
0.03104994315309988
0.029366191532394836
0.029731410056923598
0.028911341990802468
0.02809932300356125
0.027430170060617678
0.02842931884847857
0.02892766038700522
0.02770127356291338
0.030823560554204828
0.028515272187179648
0.027961981076897773
0.02627155298947353
0.02603543096041931
0.02472588284289084
0.023502118765765752
0.024636790602546414
0.02451117096873474
0.023906294629535974
0.024592775737984966
0.02336914122660335
0.02329343884652129
0.022520347873064662
0.02273021753005078
0.023574319861083954
0.02263575002760982
0.023152688066781467
0.022493638417900017
0.023230581469151045
0.02362704055071607
0.02410843888414926
0.0243754433189923
0.028530916318192354
0.02776424008836134
0.0280431988120879
0.02855911824814849
0.030781537078925357
0.03149965220694487
0.03234607810483754
0.03265503196531774
