0.9695283711984203
0.9435607853159987
0.9406724612457359
0.9375802737528912
0.9341657075579999
0.9305980679408996
0.9269026858461245
0.9229941294811838
0.918971309455742
0.9148499480097458
0.9106370533998851
0.9061765651911787
0.9015568753575596
0.8967926208890337
0.8916401396675885
0.8865358986274955
0.8812623102474895
0.8758243870623569
0.8703941982517676
0.8648289391032672
0.8591656850339713
0.8525644386739167
0.8454554381839514
0.8380634817518806
0.830408507773625
0.8224993056421819
0.8143485894042856
0.8063464976314012
0.7981556529491459
0.7898115525316568
0.7813553759465262
0.7728318799439253
0.7642540225485938
0.7556777969560984
0.7471346231801537
0.738650571097853
0.7302485164476678
0.7219478854979482
0.7137635697852527
0.7057059990747815
0.6974232742738142
0.6893028491078117
0.6813574145464535
0.6735987897524676
0.6660381376107429
0.6586878128492398
0.6515675031632682
0.6447159252455337
0.6378874286598182
0.6309954614060667
0.6243249461625144
0.6175795995401614
0.6112666524467572
0.6054562827887735
0.6001855991048823
0.5952137899338514
0.590245568035354
0.5858665204414881
0.5820081909449275
0.5785267263454892
0.5755302353576652
0.5730268986340743
0.5699952872783274
0.5671704978431588
0.5648190327278155
0.5624040066552933
0.5604480777587519
0.5589200657473581
0.5577762425458523
0.5567051500867638
0.5559732243314952
0.5555596966745293
0.5545912579984933
0.5540366936662082
0.5532416706213957
0.5525279804067331
0.5520696909269968
0.5518324245209048
0.5517874664947104
0.5519124431971305
0.5521886935493561
0.5517988966061018
0.5511734561774339
0.5507589238469666
0.5505752132492019
0.5504245852160203
0.5505225708728021
0.5508084452953859
0.5512623450119144
0.550706343258432
0.5503518338623482
0.5501878429263705
0.5500247682832193
0.5500552671106458
0.5502745896600074
0.5506720123745279
0.5509036870388254
0.5511574920216987
0.5510009571076249
0.5511175368373863
0.5515932986418834
0.5528153201992724
0.5505116895104137
0.5491649135150379
0.548686001097159
0.5487153676845952
0.5492233024844356
0.5499431387588241
0.5501385770457199
0.5501842585299339
0.5498422606217506
0.5495853374710882
0.5493093064781733
0.5491960311385352
0.5492054897693297
0.5494063277857157
0.5493314100717229
0.548910624262049
0.5486476592933826
0.5486327787492131
0.5488343289350673
0.5492215444361743
0.5492631988622093
0.549510468005629
0.5496000170324398
0.5499928086410915
0.5502159078588442
0.5502899135269451
0.5502606467222289
0.5504500075438277
0.5502225008134392
0.5500452156799862
0.5500804845603976
0.5503127404418382
0.5504113622788729
0.5505951923622376
0.5510150073967901
0.5512266380997417
0.5517998498061596
0.5509891032856276
0.5505573173351526
0.550168836160677
0.5501876955498832
0.5505208508775101
0.5506584585210492
0.551071515316145
0.5517908078887483
0.551170878915372
0.5509298760577491
0.5510782123646127
0.5509349856172745
0.5508073469485514
0.5509949415333464
0.5514655841708627
0.5524141872380282
0.5520292887079883
0.5514719821680458
0.5509365178112222
0.5507341170849682
0.550828907655418
0.5510607764504905
0.5514654989749492
0.5521757254321961
0.5528031719583418
0.5523832868504881
0.5518545113275655
0.5516746539249675
0.5517923474955795
0.5521660069987413
0.552760844576005
0.5528680171867721
0.553213430155173
0.5537795500031131
0.5531120506223735
0.5526660029381452
0.5525448564631401
0.5527299592366528
0.5528854250719192
0.5533339140164191
0.5535015343243096
0.553979955042035
0.553713699069349
0.5537362321831334
0.554001458654342
0.554439487565237
0.5547959351751746
0.5549353952707912
0.5551909404321302
0.5556239640231599
0.5562531432246405
0.5551113953699777
0.5543000012870212
0.5537967508133133
0.5535757784697433
0.5534888877119144
0.5536387699542349
0.5539975785308899
0.5543154379789818
0.554827871286075
0.5555077494094032
