0.9778219586236728
0.9674762380200306
0.9662525995360509
0.9650259437476741
0.9637106835477321
0.9623085493375252
0.9608909759441092
0.9594860904616948
0.9580263367401092
0.9564474255604111
0.9548336903308393
0.9532715749746298
0.9517543707323741
0.9502080789534749
0.9486015161737275
0.9469639616548158
0.9452826161450313
0.943547729496208
0.9417517586331682
0.9399160934200701
0.9380555316303709
0.9361781727377357
0.9342891792849634
0.9321046808041559
0.9300332350829215
0.9279106155002571
0.925750597259037
0.9235507831207098
0.9213971379047738
0.918676529028342
0.9159916947725626
0.9133022206558954
0.9105971421502522
0.9078763804020543
0.9051432538010117
0.9024016851569501
0.8996549641113433
0.8969059774540914
0.8941582866298399
0.8914168827267622
0.888688421699439
0.8859814342996288
0.8833069765817533
0.8806806833943649
0.8781323171244454
0.8757875335623492
0.8729808075117861
0.8702987226639447
0.867718884196616
0.8652449394689958
0.8628937641595171
0.8610026420862965
0.8586557638536025
0.8563835290263644
0.854215008723354
0.8521664763180024
0.8502416584723425
0.8484361344596842
0.8467477628358052
0.8451784864053081
0.8437320265571243
0.8424114679716594
0.8412166926376848
0.8401427215824474
0.8391807376316253
0.838067714146487
0.8370339816972803
0.8361245902622844
0.835288773196592
0.8342462055266516
0.8333943997116122
0.8327193210050258
0.8322021807202961
0.831832043288152
0.8316105946827143
0.8311954330391584
0.8307496543481319
0.8303882377655405
0.8301419193087008
0.8300084248723281
0.8299800774844982
0.830049647976691
0.830215814674016
0.8304967797601834
0.830266368171281
0.8299519761259295
0.82979876260373
0.8297736491876064
0.8298504906358506
0.8299663248598872
0.829408324840381
0.8290638276170785
0.8289170255320888
0.8289525727780421
0.8288039464002204
0.8287808181801649
0.8288728848733039
0.8290635417619975
0.8293417822905144
0.8295385686258989
0.829481446138407
0.8290684924484201
0.8287548638713197
0.8285553852977874
0.828471540360257
0.8284985705930964
0.8286306278315352
0.8285130899688511
0.8285165973613187
0.8286414752347078
0.8288275660736049
0.8291238369634807
0.8289560248372564
0.8289767904598171
0.8290059407215201
0.828683079171619
0.8284818101636987
0.8283985356535672
0.8284242794644303
0.8285492469739464
0.828459345175612
0.8284824548477502
0.8286061919409038
0.8288187899314317
0.8288259091395728
0.8289568459465986
0.8291998137347044
0.8294389906085804
0.8289153875622394
0.8285970150229774
0.8284972412602638
0.828595410805451
0.8285769418944859
0.8287182690969297
0.8287975278606758
0.8290506028120606
0.8287568465598392
0.8286144066029644
0.8290395450683379
0.8287545640883603
0.8288055317268016
0.8288499881955398
0.828731620018776
0.8288168377793801
0.8289862625512567
0.8293991022827955
0.8289827570557607
0.8287463928046903
0.8287655103429312
0.8287001726977736
0.8287828560551658
0.8290237039578707
0.8294545276172038
0.8285996957559412
0.8280671066754338
0.8278447386544244
0.8278886010605517
0.8281626706614523
0.8286592680566895
0.8294899670376914
0.8289271891589557
0.8293673991602311
0.8296725846347155
0.8295703333370421
0.8294805551208089
0.8294345715841625
0.8294564048608726
0.8295580157240294
0.8297437400709524
0.8300148537479046
0.8303715073001404
0.8305715452761143
0.8308179172684174
0.8305686627801906
0.8301149717273318
0.829841798734085
0.8297553126151557
0.8298430960837884
0.8300385877976859
0.8302709342068928
0.8305544921003234
0.8305041320219777
0.8305194601291096
0.8305989246810883
0.8307452125648643
0.8308201494890924
0.8307555950665035
0.830871030453571
0.8311675195557208
0.8316054486112399
0.8316007253429839
0.8317879922805556
0.8314258015540215
0.8311245238931642
0.8309921645241722
0.830876222459058
0.8309883161735184
0.8313142551262438
0.8312723371959787
0.8310608582612811
