0.9974540794747636
0.9962167857863954
0.9954858242050165
0.9946979201109248
0.9938932091531028
0.993014124948985
0.9920890643451608
0.9919156410270882
0.991029348667407
0.9900762324622946
0.9890648901575327
0.9879952170456735
0.9868961045768619
0.9857586445916862
0.9845930805813532
0.9834196229402855
0.9832784510322682
0.981484416895681
0.9813945167899755
0.9795732942268907
0.978481585317279
0.9772603490279177
0.9771625191841407
0.975177922079839
0.9739989657346411
0.9739936868556328
0.9719309945173672
0.9707110861616319
0.9706669450370554
0.9686152536141545
0.9674483733658384
0.9674363486701698
0.9652312081630363
0.9652150141229451
0.9641214072001861
0.9629529812099831
0.9617020965825585
0.9603915834597249
0.9590179076266246
0.9575677185467253
0.9560901990165348
0.9546310625335735
0.953126016011215
0.9516308217569136
0.9501293747667642
0.9486231582990914
0.9471123236632969
0.9455553034764369
0.9440123827904896
0.9425169138387586
0.9409978026404087
0.9395181835741571
0.9380686899281286
0.9365786999847754
0.935145215776974
0.9337271677676559
0.9323800845602621
0.9310106595341404
0.9296943219139004
0.9284911037127525
0.9273495793485238
0.9260382576338813
0.9249044178629482
0.9238147664165299
0.9228172053799051
0.9218482823939815
0.9209435832943277
0.9201369263013447
0.9193366650511905
0.9185791405143868
0.9178696922878437
0.9171920995463174
0.9165655244390158
0.915920146929913
0.9152919403537012
0.9147646002796596
0.9142848508637861
0.9137677450822229
0.9131983108955575
0.9126385526026157
0.9120415488393572
0.9115176492035151
0.9110069395761772
0.9104972313662867
0.9100293848867763
0.9096380715604943
0.9092158495063022
0.9088197176401437
0.909741622871382
0.9094461019746035
0.9091569647812116
0.9100752324743169
0.9099383024380818
0.9097081668559095
0.9094363466344669
0.9091555566491057
0.9089278118952837
0.9086994481020654
0.9084204330436029
0.9082081889374776
0.9078962518592851
0.9075586686150874
0.9072866150586798
0.9070086231405367
0.9068331761307541
0.9063705217621082
0.9058954647473928
0.9055488922668337
0.9051809458594695
0.9048605318196429
0.9042097511259111
0.9039654286606633
0.9036638389034475
0.9033700889450111
0.9031294379667304
0.9027966285460942
0.9026017971904523
0.9025213929547234
0.9023566436307826
0.9022211759549595
0.9020084120906402
0.9018513184331983
0.9020741997285225
0.9016436678666548
0.9018595797692394
0.9018530793071271
0.9016097977148081
0.901819848676003
0.9018921824129775
0.9017217948036232
0.9019939471000151
0.9019896112336484
0.9019572091886507
0.9018656998418666
0.9017216942351826
0.9016270695280049
0.90155084392432
0.9014977629304303
0.9013357615237036
0.9012303958008773
0.901149988580663
0.9011395351357343
0.9011871518047884
0.9012537284038469
0.9012978562937868
0.9013585090309925
0.9010285101036044
0.9007127494770255
0.9003962755911114
0.9002182718591033
0.9001219381385901
0.9001468399433366
0.9000038861673629
0.8998260251506466
0.8997826709502907
0.8995863919718725
0.8994713479206337
0.8994533231106887
0.8994435650662619
0.899350143822013
0.8991341933225989
0.898963644788555
0.8987586547741796
0.8986011350009445
0.8984391517009725
0.8982114234422677
0.8978800731366292
0.8976310512260073
0.8974158956796832
0.897293967982289
0.8971393260460045
0.8968011361492522
0.896546081862733
0.8963535044759378
0.8962742233095541
0.896242396127303
0.8961000837420919
0.8959197672571926
0.8957253589898729
0.8955104787445014
0.8952074113281029
0.8949100527124139
0.8947182942444015
0.8945478732051494
0.894417906775326
0.8943100476666854
0.8941827227457656
0.8939186073273435
0.893671219680662
0.8934748873047113
0.8932677291769477
0.8929132098655655
0.8927387246699833
0.8926469914111466
0.8924964346826828
0.8924024171233981
0.8923131774521404
0.8919952182327341
0.8917366374033646
0.8915235137551891
