0.6672562122888872
0.8909700695267708
0.8854643841683661
0.879837115088652
0.8739501569565096
0.8678587789715532
0.8616217493027412
0.8552647479490347
0.8488026730466208
0.8422597857599976
0.8356955436222496
0.829286436787332
0.82236695318519
0.8151854462574709
0.8079422079087923
0.8006720870997219
0.7933849797320347
0.7860874197432397
0.7787458002511354
0.7713789500807532
0.7628286508997467
0.7540077052796517
0.7449074965803131
0.7355193148261736
0.7258341304951375
0.7158424817734235
0.7055343990184102
0.6948992017902667
0.6839247731603187
0.672595273526235
0.6608844629885735
0.6487373415075152
0.6360274978020742
0.622508216316851
0.6079032488344306
0.5921325539381013
0.5752908955490332
0.5575086394829296
0.5389100523790161
0.5196173514099645
0.4997580877803248
0.47946894884496194
0.4588964753281881
0.4381955687757839
0.41752639837345995
0.3970501602620212
0.3769240642157988
0.3572958719277527
0.338298272546081
0.32004336085626517
0.30261748327604154
0.28607667873785025
0.2704427370423468
0.2556996146157221
0.24179103828134296
0.2286270137998998
0.2161153405206152
0.20420197373410487
0.19286521342748086
0.18208385344523803
0.17182743038319848
0.16206295233198065
0.15276236048405967
0.14390595730574163
0.1354825103196593
0.12748785991933886
0.11992325709365204
0.11279364843578632
0.10610540417617997
0.09986334010294706
0.09406992155013172
0.08872936093554706
0.08384904576445129
0.07944100441758195
0.07554223447897579
0.0722590000231117
0.06983889370609242
0.06887295815124916
0.061325679717658454
0.05423717034461051
0.04920004003188283
0.04609411387095941
0.04458478437559221
0.04444515471892607
0.045927951468795025
0.03813906345424578
0.032317974834983554
0.028583220919831342
0.026776717401803096
0.026712821751147975
0.0282388864257046
0.02520072928292494
0.023450493861963073
0.022874676584406672
0.023329045084847788
0.024681365343017347
0.026836419768969666
0.02412538105718498
0.02259971465666355
0.022132649093194123
0.022590268248170786
0.023850182975870382
0.022260855126740475
0.021614603824225975
0.02183270975296714
0.022827230817484723
0.021622033422198594
0.021222900097582542
0.021518528422908134
0.02240912916749016
0.021157644276852072
0.020674230361749424
0.020871857466396193
0.021667207539123656
0.020391583632544008
0.019791665431009742
0.01980014819821263
0.020353775969699006
0.019222932956694416
0.018771098773447736
0.01892237032785893
0.0196033930104641
0.018503575911335668
0.01803031796412613
0.01811244036379067
0.018681579479689514
0.01775828552352543
0.017418522861504693
0.017596569220379332
0.018231619749760397
0.017336788877490017
0.016980899807239713
0.017100934466180107
0.017636887424337444
0.01689574435682617
0.016668206905765204
0.016895195157975218
0.01650551020569402
0.016544849701327413
0.016340903399715723
0.016348152936616178
0.0161750302587651
0.016399923509969994
0.016022921962187464
0.016037273788090833
0.01639982841872567
0.015891456658612024
0.015790796344307467
0.01605033125236277
0.016624729710229214
0.015940020925449105
0.01566186545983994
0.015748500972847523
0.01615867854527986
0.01685315076931737
0.016062400519626152
0.01567389731606661
0.015646304066303518
0.015939690669072082
0.01651621691308003
0.01734100519271997
0.016405678412344638
0.015883070905891694
0.015734106047689878
0.01591878306720007
0.01639743338356703
0.017132300623887375
0.01808914866940803
0.0170281326471875
0.016380206853219614
0.016108977813611536
0.016176902650193115
0.016545891142569658
0.0171785302538221
0.018039603049660347
0.01909762876022214
0.017892769115318563
0.0171219939349313
0.016750405976701188
0.016739793467585584
0.017049798294784257
0.01763978549021017
0.018470960615090903
0.019508372975497235
0.01830265959063171
0.01753267742434994
0.017163267918459013
0.017157650068692964
0.01747768422085505
0.018084827132542447
0.018941503984744923
0.01791930990577173
0.017319083919610123
0.01710078592390596
0.017223880746988218
0.017648200691223526
0.018335210851050388
0.017469771978700033
0.017010286823217702
0.01691479303748067
