0.8028268230326594
0.7470862414612489
0.7460257906690146
0.7449596739377001
0.7438889844268561
0.7428143744209393
0.7417362096073324
0.7406547034054727
0.7395699844293733
0.738482131140834
0.737391190784229
0.7362971903695688
0.7352001433840145
0.7341000540803617
0.7329969203240898
0.7318907355466766
0.7307814901242633
0.7296691723747697
0.7285537692942494
0.7274352671103288
0.7263136517042403
0.7251889089363607
0.7240610248994648
0.7229299861168099
0.721795779697413
0.7206583934576092
0.7195178160156814
0.7183740368647533
0.7172270464279433
0.7160768360989447
0.714923398270549
0.7137667263531506
0.7126068147849197
0.7114436590350195
0.7102772556010495
0.709107602001692
0.7079346967654041
0.7067585394158823
0.7055791304549106
0.70439647134313
0.7032105644791931
0.7020214131777
0.7008290216462576
0.6996333949619644
0.6984345390475684
0.697232460647516
0.6960271673040822
0.6948186673337262
0.6936069698038119
0.6923920845097908
0.6911740219529408
0.6899527933187248
0.6887284104558244
0.6875008858558871
0.686270232634012
0.6850364645099991
0.6837995957903612
0.6825596413511064
0.681316616621281
0.680070537567266
0.6788214206778078
0.6775692829497684
0.6763141418745693
0.6750560154253087
0.6737949220445207
0.6725308806325572
0.6712639105365559
0.6699940315399731
0.6687212638526464
0.6674456281013637
0.6661671453209077
0.6648858369455479
0.6636017248009531
0.6623148310964986
0.6610251784179413
0.6597327897204408
0.6584376883218959
0.6571398978965803
0.6558394424690566
0.6545363464083398
0.6532306344222985
0.6519223315522691
0.6506114631678732
0.6492980549620102
0.6479821329460227
0.646663723445005
0.6453428530932539
0.6440195488298435
0.642693837894309
0.641365747822429
0.640035306442104
0.6387025418693082
0.6373674825041125
0.6360301570267739
0.6346905943938719
0.6333488238344926
0.632004874846458
0.63065877719258
0.6293105608969474
0.6279602562412292
0.6266078937610018
0.6252535042420799
0.6238971187168638
0.62253876846068
0.6211784849881365
0.6198163000494614
0.6184522456268433
0.6170863539307647
0.6157186573963185
0.6143491886795172
0.6129779806535864
0.6116050664052386
0.6102304792309317
0.60885425263311
0.6074764203164194
0.6060970161839054
0.6047160743331879
0.6033336290526092
0.601949714817366
0.6005643662856079
0.5991776182945172
0.5977895058563629
0.5964000641545271
0.5950093285395086
0.5936173345249012
0.5922241177833454
0.5908297141424537
0.5894341595807175
0.5880374902233814
0.5866397423382976
0.5852409523317559
0.5838411567442925
0.5824403922464696
0.5810386956346385
0.5796361038266811
0.5782326538577245
0.5768283828758409
0.5754233281377272
0.5740175270043613
0.5726110169366432
0.5712038354910205
0.5697960203150918
0.5683876091432012
0.56697863979201
0.5655691501560614
0.5641591782033277
0.5627487619707461
0.5613379395597455
0.5599267491317581
0.5585152289037265
0.5571034171436002
0.5556913521658242
0.5542790723268227
0.5528666160204758
0.5514540216735935
0.5500413277413836
0.5486285727029221
0.5472157950566168
0.545803033315676
0.5443903260035725
0.5429777116495145
0.5415652287839183
0.5401529159338818
0.5387408116186672
0.5373289543451889
0.5359173826035077
0.5345061348623321
0.5330952495645331
0.531684765122667
0.5302747199145084
0.5288651522785985
0.5274561005098046
0.5260476028548979
0.5246396975081413
0.5232324226069021
0.5218258162272713
0.5204199163797156
0.5190147610047382
0.5176103879685618
0.5162068350588427
0.5148041399803951
0.5134023403509473
0.512001473696923
0.5106015774492405
0.5092026889391501
0.5078048453940915
0.5064080839335807
0.5050124415651269
0.5036179551801829
0.502224661550124
0.5008325973222572
0.49944179901586716
0.4980523030182976
0.49666414558106087
0.4952773628159882
0.49389199069141676
0.4925080650284096
0.4911256214970209
0.4897446956125888
0.48836532273208244
0.4869875380504749
0.48561137659716713
0.48423687323244735
0.48286406264399895
0.4814929793434447
0.4801236576629374
0.4787561317518002
0.47739043557320016
0.47602660290087806
0.4746646673159204
0.4733046622035758
0.47194662075012117
0.4705905759397765
0.4692365605516652
0.4678846071568238
0.46653474811526274
0.4651870155730745
0.4638414414595907
0.4624980574845965
0.46115689513558367
0.45981798567506893
0.45848136013795393
0.45714704932893613
0.45581508381998403
0.454485493947849
0.45315830981163974
0.4518335612704505
0.45051127794103596
0.44919148919554275
0.44787422415929845
0.4465595117086467
0.44524738046884405
0.4439378588120044
0.4426309748551037
0.441326756458032
0.4400252312217098
0.43872642648624693
0.43743036932916635
0.4361370865636761
0.4348466047369993
0.43355895012875767
0.4322741487494087
0.430992226338739
0.42971320836441207
0.42843712002056755
0.42716398622647855
0.42589383162526484
0.4246266805826504
0.42336255718578875
0.4221014852421301
0.42084348827834783
0.41958858953932354
0.4183368119871692
0.4170881783003232
0.415842710872682
0.41460043181279527
0.41336136294310444
0.4121255257992471
0.41089294162939216
0.40966363139365114
0.40843761576352
0.4072149151213801
0.40599554956005546
0.40477953888241236
0.4035669026010029
0.40235765993777883
0.40115182982383246
0.3999494308991981
0.39875048151269643
0.3975549997218366
0.3963630032927491
0.39517450970018086
0.3939895361275285
0.3928080994669233
0.3916302163193509
0.3904559029948359
0.3892851755126465
0.38811804960156626
0.38695454070019053
0.38579466395728046
0.3846384342321546
0.38348586609511504
0.3823369738279312
0.38119177142434923
0.3800502725906465
0.378912490746237
0.3777784390242983
0.3766481302724515
0.3755215770534691
0.3743987916460313
0.37327978604551026
0.37216457196479713
0.37105316083515716
0.36994556380713506
0.3688417917514789
0.36774185526010317
0.3666457646470984
0.365553529949752
0.36446516092961756
0.3633806670736137
0.3623000575951465
0.36122334143527246
0.36015052726388397
0.3590816234809324
0.35801663821766594
0.3569555793379179
0.35589845443939605
0.35484527085502426
0.35379603565429385
0.35275075564464564
0.3517094373728791
0.35067208712658526
0.34963871093560395
0.3486093145735044
0.34758390355908275
0.3465624831578994
0.3455450583838119
0.34453163400055387
0.3435222145233181
0.3425168042203718
0.3415154071146733
0.340518026985532
0.3395246673702663
0.33853533156588667
0.33755002263079503
0.3365687433865062
0.3355914964193757
0.3346182840823464
0.3336491084967137
0.33268397155390295
0.3317228749172574
0.3307658200238416
0.3298128080862607
0.32886384009448744
0.32791891681770025
0.3269780388061353
0.32604120639295064
0.32510841969609283
0.32417967862018193
0.3232549828584025
0.3223343318943934
0.32141772500416677
0.3205051612580121
0.31959663952242234
0.31869215846202126
0.31779171654149396
0.31689531202752697
0.3160029429907585
0.3151146073077181
0.31423030266278795
0.3133500265501544
0.3124737762757741
0.31160154895933145
0.310733341536208
0.3098691507594502
0.30900897320174214
0.30815280525736766
0.3073006431441915
0.30645248290563243
0.30560832041262065
0.30476815136559143
0.30393197129644334
0.30309977557050916
0.30227155938853023
0.3014473177886231
0.30062704564823817
0.29981073768613264
0.298998388464324
0.29818999239004784
0.2973855437177154
0.29658503655085644
0.29578846484407373
0.2949958224049779
0.29420710289612684
0.29342229983695967
0.2926414066057186
0.2918644164413736
0.2910913224455407
0.2903221175843833
0.28955679469052287
0.28879534646493144
0.28803776547882354
0.2872840441755371
0.28653417487241073
0.2857881497626521
0.2850459609171926
0.2843076002865469
0.28357305970265656
0.28284233088071564
0.28211540542101343
0.2813922748107386
0.2806729304257991
0.27995736353261547
0.2792455652899122
0.27853752675050725
0.2778332388630739
0.2771326924739058
0.27643587832867167
0.275742787074154
0.27505340925998356
0.2743677353403552
0.2736857556757445
0.2730074605346037
0.2723328400950519
0.2716618844465538
0.27099458359158624
0.27033092744729104
0.26967090584712716
0.2690145085424934
0.26836172520435975
0.2677125454248722
0.2670669587189517
0.2664249545258811
0.2657865222108833
0.26515165106667926
0.2645203303150412
0.26389254910833027
0.26326829653102657
0.26264756160124225
0.26203033327222214
0.26141660043383463
0.2608063519140523
0.26019957648041236
0.25959626284147597
0.2589963996482618
0.2583999754956804
0.25780697892394777
0.25721739841998525
0.2566312224188141
0.2560484393049314
0.2554690374136781
0.2548930050325878
0.2543203304027276
0.2537510017200283
0.2531850071365973
0.25262233476202134
0.25206297266465505
0.25150690887289906
0.2509541313764624
0.25040462812761743
0.24985838704243724
0.2493153960020198
0.2487756428537048
0.24823911541227694
0.2477058014611465
0.24717568875353468
0.24664876501363386
0.2461250179377572
0.24560443519548203
0.24508700443076992
0.2445727132630866
0.2440615492885012
0.24355350008077625
0.24304855319244467
0.24254669615587565
0.24204791648432733
0.24155220167298752
0.241059539199998
0.24056991652748383
0.2400833211025416
0.23959974035824672
0.23911916171462178
0.23864157257961827
0.23816696035006446
0.23769531241261443
0.237226616144682
0.23676085891536225
0.23629802808634714
0.23583811101281693
0.2353810950443348
0.23492696752572106
0.23447571579791837
0.234027327198847
0.23358178906424776
0.23313908872851208
0.2326992135255087
0.23226215078938495
0.23182788785537511
0.23139641206058403
0.23096771074476263
0.23054177125108144
0.23011858092688398
0.22969812712442905
0.22928039720163274
0.22886537852279032
0.22845305845929198
0.228043424390327
0.22763646370357893
0.22723216379591005
0.22683051207403604
0.2264314959551902
0.22603510286778172
0.22564132025203298
0.22525013556062623
0.2248615362593177
0.22447550982756515
0.2240920437591254
0.22371112556265815
0.22333274276231252
0.22295688289830473
0.22258353352749172
0.2222126822239271
0.2218443165794204
0.22147842420407182
0.22111499272681368
0.22075400979593285
0.22039546307958746
0.22003934026631766
0.21968562906554345
0.21933431720805752
0.21898539244650894
0.2186388425558765
0.218294655333938
0.21795281860172622
0.21761332020398327
0.21727614800959927
0.2169412899120512
0.21660873382982826
0.216278467706852
0.21595047951288793
0.2156247572439497
0.21530128892269718
0.21498006259882352
0.2146610663494416
0.2143442882794543
0.2140297165219266
0.21371733923844216
0.2134071446194601
0.21309912088466232
0.21279325628329027
0.2124895390944791
0.21218795762758746
0.21188850022251138
0.21159115525000372
0.21129591111197632
0.21100275624180143
0.21071167910460675
0.2104226681975625
0.21013571205016202
0.20985079922449879
0.20956791831553134
0.20928705795135383
0.20900820679344811
0.20873135353693406
0.20845648691081742
0.20818359567823075
0.20791266863666624
0.20764369461820487
0.2073766624897363
0.20711156115318008
0.20684837954569846
0.2065871066398982
0.20632773144403815
0.206070243002222
0.2058146303945917
0.20556088273750828
0.2053089891837394
0.20505893892263216
0.20481072118028643
0.2045643252197179
0.20431974034102118
0.20407695588152708
0.20383596121595682
0.20359674575656383
0.20335929895328386
0.20312361029386816
0.20288966930401786
0.2026574655475185
0.20242698862636033
0.20219822818086097
0.20197117388978414
0.20174581547044834
0.2015221426788406
0.2013001453097195
0.20107981319670998
0.20086113621241175
0.20064410426847978
0.20042870731572038
0.20021493534417611
0.20000277838320513
0.19979222650155826
0.19958326980745644
0.1993758984486571
0.199170102612528
0.19896587252610043
0.198763198456136
0.19856207070918586
0.19836247963163522
0.1981644156097616
0.19796786906977903
0.19777283047787686
0.19757929034026744
0.1973872392032191
0.19719666765309185
0.19700756631636407
0.19681992585967079
0.19663373698981623
0.1964489904538067
0.1962656770388621
0.1960837875724354
0.19590331292223329
0.19572424399621247
0.19554657174260004
0.19537028714989513
0.19519538124687263
0.1950218451025828
0.1948496698263481
0.19467884656775958
0.19450936651667428
0.1943412209031954
0.19417440099767058
0.19400889811067212
0.19384470359298067
0.1936818088355693
0.19352020526957758
0.1933598843662926
0.19320083763712181
0.1930430566335618
0.1928865329471754
0.19273125820955228
0.19257722409228206
0.1924244223069106
0.19227284460490734
0.19212248277762534
0.19197332865625671
0.1918253741117869
0.19167861105495643
0.19153303143620437
0.19138862724562555
0.1912453905129169
0.19110331330732233
0.190962387737584
0.19082260595187928
0.19068396013776467
0.19054644252212027
0.1904100453710852
0.1902747609899914
0.19014058172330695
0.19000749995456
0.1898755081062834
0.1897445986399363
0.18961476405583577
0.18948599689308843
0.18935828972951363
0.18923163518156816
0.18910602590427594
0.18898145459114357
0.1888579139740859
0.18873539682334606
0.18861389594741118
0.1884934041929337
0.18837391444464624
0.1882554196252756
0.18813791269546076
0.18802138665365853
0.1879058345360597
0.18779124941650593
0.18767762440638425
0.1875649526545483
0.18745322734722336
0.18734244170790593
0.1872325889972789
0.18712366251310675
0.18701565559014643
0.1869085616000451
0.186802373951243
0.18669708608887692
0.18659269149467328
0.18648918368685452
0.18638655622003164
0.18628480268510306
0.18618391670915457
0.1860838919553479
0.18598472212282113
0.18588640094658127
0.1857889221973945
0.185692279681684
0.18559646724141876
0.18550147875400247
0.18540730813216977
0.18531394932387046
0.18522139631216117
0.18512964311509528
0.18503868378560684
0.18494851241140042
0.1848591231148381
0.18477051005282308
0.18468266741669082
0.18459558943208443
0.18450927035884845
0.1844237044909095
0.18433888615615646
0.1842548097163279
0.1841714695668949
0.18408886013693404
0.18400697588902315
0.18392581131911323
0.1838453609564068
0.1837656193632481
0.18368658113499137
0.1836082408998908
0.1835305933189738
0.18345363308591656
0.18337735492693286
0.1833017536006416
0.1832268238979483
0.18315256064192686
0.1830789586876881
0.1830060129222656
0.18293371826448235
0.18286206966483542
0.1827910621053711
0.18272069059955343
0.18265095019214606
0.1825818359590895
0.18251334300736766
0.18244546647489113
0.18237820153036333
0.18231154337316757
0.18224548723322742
0.18218002837088898
0.18211516207679157
0.18205088367174582
0.181987188506599
0.18192407196211946
0.18186152944885958
0.1817995564070355
0.18173814830639845
0.18167730064610754
0.18161700895460253
0.18155726878947664
0.18149807573735155
0.18143942541374602
0.18138131346295305
0.18132373555790826
0.18126668740006602
0.1812101647192721
0.18115416327363054
0.18109867884938502
0.18104370726078278
0.18098924434995434
0.18093528598678033
0.18088182806876751
0.18082886652092167
0.18077639729561767
0.18072441637247116
0.1806729197582161
0.18062190348657625
0.1805713636181322
0.18052129624020186
0.18047169746670855
0.1804225634380553
0.1803738903209976
0.1803256743085212
0.18027791161970563
0.180230598499604
0.18018373121912123
0.18013730607487444
0.18009131938907785
0.1800457675094137
0.18000064680890382
0.17995595368578599
0.17991168456338735
0.1798678358900001
0.17982440413875045
0.17978138580748437
0.1797387774186313
0.17969657551908602
0.17965477668007868
0.1796133774970552
0.1795723745895511
0.17953176460106368
0.1794915441989331
0.17945171007421867
0.17941225894156887
0.1793731875391037
0.17933449262829104
0.17929617099382034
0.17925821944348197
0.17922063480804484
0.17918341394113568
0.17914655371911048
0.17911005104094102
0.17907390282808722
0.17903810602437942
0.1790026575958925
0.17896755453083113
0.17893279383940486
0.1788983725537091
0.178864287727606
0.17883053643660096
0.17879711577772783
0.17876402286942794
0.17873125485142782
0.17869880888462586
0.17866668215096926
0.1786348718533387
0.1786033752154328
0.17857218948164133
0.17854131191694
0.1785107398067619
0.1784804704568922
0.17845050119334271
0.17842082936223924
0.17839145232971
0.1783623674817595
0.17833357222416701
0.17830506398235857
0.1782768402013053
0.17824889834539592
0.17822123589833805
0.17819385036303004
0.17816673926145754
0.17813990013457992
0.17811333054220968
0.17808702806291288
0.178060990293885
0.17803521485085338
0.17800969936795064
0.17798444149761572
0.17795943891047905
0.17793468929525214
0.17791019035862077
0.17788593982513223
0.17786193543708817
0.177838174954438
0.1778146561546664
0.17779137683268964
0.1777683348007475
0.17774552788829145
0.17772295394188387
0.17770061082509248
0.17767849641837585
0.17765660861898736
0.1776349453408672
0.17761350451453284
0.17759228408698258
0.17757128202158612
0.1775504962979797
0.17752992491196906
0.17750956587542033
0.17748941721616218
0.1774694769778805
0.1774497432200205
0.17743021401767756
0.17741088746150957
0.17739176165761916
0.177372834727472
0.1773541048077828
0.17733557005042255
0.17731722862232113
0.177299078705361
0.17728111849628758
0.17726334620660855
0.17724576006249526
0.17722835830468642
0.17721113918839126
0.17719410098319877
0.1771772419729699
0.17716056045575657
0.17714405474369743
0.17712772316292458
0.1771115640534736
0.17709557576918622
0.17707975667761655
0.17706410515994364
0.17704861961087104
0.1770332984385431
0.17701814006444627
0.1770031429233221
0.17698830546307676
0.1769736261446866
0.1769591034421114
0.17694473584220682
0.17693052184463187
0.17691645996176064
0.17690254871859368
0.17688878665267127
0.17687517231398564
0.17686170426489678
0.17684838108003886
0.17683520134624187
0.17682216366243864
0.17680926663958407
0.17679650890057041
0.17678388908013842
0.17677140582479955
0.1767590577927448
0.17674684365376903
0.17673476208917993
0.17672281179172467
0.17671099146549674
0.17669929982586918
0.1766877355993951
0.17667629752374492
0.17666498434760947
0.1766537948306336
0.17664272774332856
0.1766317818669948
0.17662095599364358
0.1766102489259186
0.17659965947701728
0.17658918647061517
0.17657882874078357
0.17656858513192086
0.1765584544986688
0.176548435705842
0.1765385276283461
0.17652872915111006
0.1765190391690049
0.17650945658677364
0.1764999803189572
0.17649060928981852
0.17648134243326863
0.17647217869279874
0.17646311702140327
0.1764541563815104
0.17644529574491097
0.17643653409268278
0.17642787041512775
0.1764193037116918
0.17641083299090654
0.1764024572703088
0.1763941755763785
0.1763859869444664
0.17637789041872642
0.1763698850520493
0.17636196990599673
0.17635414405072314
0.1763464065649254
0.1763387565357647
0.17633119305880463
0.17632371523794432
0.17631632218535465
0.17630901302141055
0.17630178687463094
0.17629464288161245
0.17628758018696278
0.17628059794324324
0.17627369531090153
0.17626687145820785
0.17626012556120063
0.17625345680361526
0.17624686437682513
0.17624034747978856
0.17623390531897598
0.17622753710831685
0.17622124206914036
0.1762150194301112
0.1762088684271741
