0.7336694285380044
0.9038610666869769
0.8995325395346419
0.8949008156449376
0.8899868233772676
0.8849456129827593
0.8797084064802403
0.8741192750258919
0.8685780043503256
0.8631745963644142
0.8578139200706498
0.8524638500120529
0.8471147492244131
0.8417654993273909
0.8364186629477502
0.8310784281126997
0.8250944017499943
0.818997453047843
0.8127915170036609
0.8064491535705514
0.7999655201263691
0.7933347432338727
0.7865495363850207
0.7796008305141267
0.772477273068663
0.7651645005879483
0.7576440450054062
0.7498916512424885
0.7418745004627489
0.7335460318101223
0.7248370902512717
0.715650988635961
0.7058864404977943
0.6954834641843594
0.6844365742726284
0.672772110963968
0.6605295770711392
0.6477563697753445
0.6345082140519446
0.6208502759331156
0.6068574939711817
0.5926139635839143
0.5782114898416614
0.5637474574144423
0.5493221724054057
0.5350358369656598
0.5209853162691298
0.5072608461157475
0.4939428119493934
0.4810987133043192
0.4687804295878847
0.4570219805560666
0.44583822738459744
0.4352253191848585
0.4251634905910967
0.4156215100820728
0.4065615622210669
0.3979455222916667
0.38974327545160603
0.3819379785514696
0.37452510665401195
0.3675109616612924
0.36091531394942045
0.354777865231918
0.3491676011164978
0.3441945709318587
0.33713147341687055
0.33047306838270396
0.3243521824067991
0.31887182175656126
0.31477369476030737
0.3112923626388885
0.3084040891584454
0.3061053947405793
0.3043955900836852
0.2995109954556322
0.2952244600903505
0.29151338452961517
0.28835204593098673
0.2857326649457854
0.28366223633778587
0.28215747257688006
0.2779950054542121
0.27462483421651074
0.27201003824606995
0.27010034231541136
0.268839613221029
0.26817244867642875
0.26804916333586515
0.26531327335494315
0.2633272780957885
0.26204184601700997
0.2613913572293588
0.2613004721727551
0.26169244911216216
0.25991513823611134
0.25870639500789583
0.2579943065826984
0.25772046181461383
0.2578400213095998
0.2583203477919708
0.2566405118870888
0.2555263469655278
0.2549350559571699
0.2548192734144009
0.25512957553598503
0.25581678120051154
0.2568337507336167
0.25536985606202844
0.25444087775997215
0.2539866710595666
0.25394307559036755
0.2542452283201173
0.25483179806405365
0.25564904907824804
0.2566538364433303
0.2552474654731671
0.2542455806436046
0.25361326627879655
0.25331856047801404
0.2533314354006604
0.25362337813209423
0.25416738953436735
0.25493822125346144
0.25366646757193523
0.25284074082115326
0.2524216211708419
0.25236536676561394
0.2526255152993433
0.2531553532873374
0.2539108667361668
0.25294293873581064
0.2523248032821023
0.25201444521986704
0.2519740468502021
0.2521702208665817
0.2525741071519234
0.25316133444124767
0.25208592003498387
0.25138785675467923
0.2510372858729246
0.25100302253956164
0.2512521121918707
0.25174995090193764
0.2524609665559603
0.2516070446379506
0.2510789122696372
0.25083392184544917
0.250832186842177
0.25103772152810166
0.25141933156146
0.2519511071986028
0.25112214010826284
0.25059025390810086
0.25032924987500105
0.25031400760869993
0.2505200686574196
0.2509235354897247
0.25150121235746115
0.2506980346394101
0.2502012076968603
0.24997985965574165
0.25000143588539825
0.25023272972100474
0.2506412791411158
0.2511968568946994
0.251872805759943
0.2509802085967876
0.25036856374405914
0.2500124911567627
0.24988858485890275
0.24997502242401315
0.25025115914724694
0.2506971698339342
0.251293803723727
0.2504739867140988
0.2499440359930558
0.24967453384075522
0.2496351568020897
0.24979542056314974
0.25012569438470844
0.25059830180804155
0.24995898764496338
0.24956468703431645
0.24938892752761077
0.24940749086515523
0.24959828225005942
0.24994125601578154
0.24936329604309437
0.24902664108692518
0.24890940121372307
0.24898923994321942
0.24924334369906498
0.2496487400951738
0.24910447206462227
0.24879845526907396
0.24870347739500287
0.2487929649041576
0.24904186251589389
0.24942748733595288
