 (-0.436653+0.000000j)  (-0.126586+0.000000j)  (-0.756549+0.000000j)  (-0.000415+0.000000j)  (-0.392366+0.000000j)  (0.068849+0.000000j)  (-0.151197+0.000000j)  (0.198476+0.000000j)
 (0.328400-0.000000j)  (-0.495302+0.000000j)  (-0.062463+0.000000j)  (0.261521+0.000000j)  (0.097809+0.000000j)  (0.135919+0.000000j)  (0.401226+0.000000j)  (0.620896+0.000000j)
 (0.163556-0.000000j)  (-0.314525-0.000000j)  (-0.273948+0.000000j)  (-0.684651+0.000000j)  (0.332678+0.000000j)  (0.364509+0.000000j)  (0.103989+0.000000j)  (-0.275995+0.000000j)
 (0.071403-0.000000j)  (-0.438907-0.000000j)  (0.245677+0.000000j)  (-0.405913+0.000000j)  (-0.178709+0.000000j)  (-0.490737+0.000000j)  (-0.487465+0.000000j)  (0.258375+0.000000j)
 (0.486909-0.000000j)  (0.288721-0.000000j)  (-0.355752-0.000000j)  (-0.190792+0.000000j)  (-0.234983+0.000000j)  (-0.550512+0.000000j)  (0.390305+0.000000j)  (-0.077330+0.000000j)
 (-0.530544-0.000000j)  (0.188005+0.000000j)  (-0.012412+0.000000j)  (-0.228177+0.000000j)  (0.551342+0.000000j)  (-0.366336+0.000000j)  (0.281862+0.000000j)  (0.336647+0.000000j)
 (0.331737-0.000000j)  (0.106307-0.000000j)  (-0.395033-0.000000j)  (0.294606+0.000000j)  (0.564659+0.000000j)  (-0.131260+0.000000j)  (-0.546146+0.000000j)  (0.038220+0.000000j)
 (0.202563-0.000000j)  (0.563098-0.000000j)  (0.074588-0.000000j)  (-0.350478+0.000000j)  (-0.125842+0.000000j)  (0.385488+0.000000j)  (-0.194065+0.000000j)  (0.558026+0.000000j)
