 (-0.205543+0.000000j)  (0.012161+0.000000j)  (-0.322370+0.000000j)  (0.750807+0.000000j)  (-0.076980+0.000000j)  (0.205968+0.000000j)  (-0.463518+0.000000j)  (0.163623+0.000000j)
 (-0.191097+0.000000j)  (-0.032515+0.000000j)  (-0.290278+0.000000j)  (0.090885+0.000000j)  (0.702088+0.000000j)  (-0.356870+0.000000j)  (-0.018438+0.000000j)  (-0.499279+0.000000j)
 (-0.198545+0.000000j)  (0.161225+0.000000j)  (-0.208100+0.000000j)  (0.211872+0.000000j)  (0.237507+0.000000j)  (0.255595+0.000000j)  (0.777044+0.000000j)  (0.347644+0.000000j)
 (0.043515+0.000000j)  (0.056435-0.000000j)  (-0.643047+0.000000j)  (-0.539548+0.000000j)  (0.150860+0.000000j)  (0.075484+0.000000j)  (-0.286359+0.000000j)  (0.424078+0.000000j)
 (-0.586575+0.000000j)  (-0.049747+0.000000j)  (-0.331104+0.000000j)  (-0.115868+0.000000j)  (-0.587915+0.000000j)  (-0.340082+0.000000j)  (0.180447+0.000000j)  (-0.191151+0.000000j)
 (0.533281+0.000000j)  (-0.232218-0.000000j)  (-0.208320+0.000000j)  (0.273599+0.000000j)  (-0.111691+0.000000j)  (-0.648599+0.000000j)  (0.175372+0.000000j)  (0.281995+0.000000j)
 (0.315015+0.000000j)  (-0.568684-0.000000j)  (-0.360850+0.000000j)  (-0.001593+0.000000j)  (-0.143426+0.000000j)  (0.469234+0.000000j)  (0.178651+0.000000j)  (-0.417708+0.000000j)
 (-0.390162+0.000000j)  (-0.767994+0.000000j)  (0.267884+0.000000j)  (-0.061173+0.000000j)  (0.208060+0.000000j)  (-0.051739+0.000000j)  (-0.061481+0.000000j)  (0.364293+0.000000j)
