0.9983800243189991
0.9982508070053867
0.99813483154693
0.9980079558976469
0.9978731006074829
0.9977263844554307
0.9975684649878965
0.9973982075207122
0.997214535266639
0.9970179649594179
0.9968075766546529
0.9965781413753636
0.9963342760315091
0.9960685846425852
0.9957775975507648
0.9954662937354324
0.995133959238902
0.9947815180466202
0.9944043176346279
0.9940057702592475
0.9935828461381362
0.9931322121847878
0.9926471565073585
0.9921250226474897
0.991565276286786
0.9909720178974166
0.9903320869196922
0.9896631215724384
0.9889570702058309
0.9882092446123852
0.9874375410088195
0.9866204527939895
0.9857337414275303
0.9847950760941052
0.9838100631521719
0.9827649289072053
0.9816847066308942
0.9805483602557258
0.9793577575245179
0.9781099451032439
0.9767850286776022
0.9754020819189236
0.973997968629311
0.9725240868041847
0.9709786573502083
0.9694062183762632
0.9677888222358112
0.9660980960972282
0.9643875078517409
0.9626441336373919
0.9608413295469741
0.9590356614454358
0.9571707804291939
0.9552835664274392
0.9534220909647773
0.9514638063254184
0.9495102723556376
0.9475685157990266
0.9456158577218586
0.9435820635371297
0.9415588994493007
0.939597656237656
0.9375733405199563
0.9355441218842614
0.9334798586936606
0.9314531831194285
0.9293696488733438
0.9272845845303501
0.9252695191693638
0.92326887559589
0.9212825860860178
0.9193006499571525
0.9173665640133369
0.9154509789968795
0.9134625889405328
0.9115408597906749
0.9096835441159286
0.9077959901196972
0.9059350926939603
0.9040871746540393
0.9022983634143209
0.9005983317709707
0.8989891144423023
0.8973722592816026
0.8958458765423765
0.8944218962334876
0.8931025000412519
0.891738310556948
0.8904127691001799
0.8891579271279053
0.8878987862987071
0.8866471221296568
0.8852497214905787
0.8839578582552557
0.8826282740493422
0.8814885849494556
0.8803689093158158
0.8794303698787888
0.8785496337394024
0.8775694358801613
0.8766023993304083
0.8754659723430441
0.8744679187558878
0.8736348604717694
0.8729177962405698
0.8722197273587344
0.8715693151308296
0.870801404872179
0.8700443580952468
0.8693015309474086
0.8685778347403023
0.8678470770291679
0.8671372362169626
0.8665272665513901
0.8658642529536686
0.8652427414247235
0.8648303674813859
0.8643909758075287
0.8640775972540742
0.863776943836575
0.8633650993471506
0.8631173649717157
0.862980393039878
0.863001474512585
0.8628505191867065
0.8626895472748982
0.8623685440673947
0.862160980777227
0.8621147428564045
0.8619829129824238
0.8618801435232871
0.8618938688310802
0.8619564198557804
0.862002170888589
0.8620100250575264
0.8621090464846581
0.8621570436308803
0.8621415031785371
0.862091943101865
0.862121534518282
0.8620238949250876
0.8619979486321925
0.8620267965689321
0.8620357347866804
0.8620416845656909
0.8622362424971544
0.8624359369068274
0.862592764813682
0.8625762363451733
0.862446349130918
0.8623514025022921
0.8624112613077909
0.8624292239587116
0.8625306562921853
0.8626578704252612
0.862759909231615
0.8628610824307597
0.8628309682483998
0.8627756791304155
0.8628919186018954
0.8630508155757569
0.8632655649196874
0.863342800731029
0.8633959829084915
0.8633813425629876
0.8633810240555913
0.863407903057243
0.8634467800680632
0.8634421622406712
0.8635162235129052
0.8636071479468894
0.8637215754635306
0.8637469921737537
0.8638860522325764
0.8641141024137324
0.8642249526071863
0.8641637781097818
0.8641499038453725
0.8642337661955867
0.8643086648176601
0.8643242299631383
0.8643365234540387
0.8642768263978631
0.8641913524521868
0.864173755536648
0.8640919017009249
0.8640929617421605
0.8641456710276929
0.8641783518238639
0.8642763968119493
0.8643976053698883
0.8645919872739998
0.8648191353861232
0.8649667851588362
0.8650410691788808
0.8651526379958985
0.865148343895287
0.8649880912014198
0.8649111460875522
0.86491861125744
