0.8336484261818943
0.9245094223776069
0.9224230465507927
0.9199405294769425
0.9173170751571186
0.9145803195836275
0.9117487925991925
0.9088311281264132
0.90583294111364
0.9027588108742096
0.8996129164498861
0.8964022476219059
0.8931272351847028
0.8897919116251534
0.8863999294146229
0.8829544792117495
0.8794581798879479
0.8759129546719943
0.8723199067387326
0.8686792062387774
0.8649899954183994
0.8612503031136006
0.8574569244353364
0.8536051492311897
0.8496880878991149
0.8456951189370933
0.8416087375906989
0.8373994216477612
0.8330210005342203
0.8284147797203611
0.8235256881733433
0.8183107881772215
0.8127272846221276
0.8067261534976053
0.8002788834792303
0.7934002166283305
0.7861289485177047
0.7785077268530728
0.770580013159778
0.7623925459790863
0.7539971454479504
0.7454511097609371
0.7368165483245368
0.7281589806174841
0.7195454431809472
0.7110423039859953
0.7027129546280811
0.6946155175756258
0.6868006638016756
0.6793095950563
0.6721722574823354
0.6654060989494088
0.659016491854867
0.6530009076839979
0.6473566969069946
0.6420857550655423
0.6371909442946703
0.632669838125836
0.6285117560622312
0.6246979622845172
0.6212031945099625
0.6179976134047244
0.6150489923505916
0.6123251194649002
0.6097961783744285
0.6074365999559863
0.6052258861829534
0.6031483150571526
0.6011919208881422
0.5993473373159999
0.597606982239435
0.5959648427189213
0.5944168512009445
0.5929615095731046
0.5916001696357627
0.5903365234946569
0.5891753663697854
0.5881210954850457
0.5871764076291064
0.5863414258383661
0.5856132841211528
0.5849861086738014
0.5844513150340704
0.5839981445786051
0.5836143677678641
0.5832870813858639
0.583003525997582
0.5827518519858188
0.5825217697599709
0.5823050317621892
0.5820957097475057
0.5818902501593788
0.5816873131745489
0.5814874254318876
0.5812924982122586
0.58110527644409
0.5809287859858956
0.5807658378266325
0.5806186321316034
0.5804884873993038
0.5803757040876596
0.5802795593128718
0.5801984189602172
0.5801299444255313
0.5800713629156589
0.5800197642070024
0.5799723851887798
0.5799268476670527
0.5798813242297167
0.5798346194984083
0.5797861674286173
0.5797359574677694
0.5796844119399645
0.5796322427144971
0.5795803151728804
0.5795295396637553
0.5794807958071981
0.5794348806330973
0.5793924687319947
0.5793540833523061
0.5793200881343721
0.579290705776677
0.5792660550083959
0.579246184924995
0.5792310850062503
0.5792206584903477
0.5792146603373085
0.5792126146628735
0.5792137395434798
0.5792169200013937
0.5792207786310665
0.5792238809088873
0.5792250538806042
0.5792237013120053
0.57921995220516
0.5792145709673207
0.5792087179163576
0.5792037116502768
0.5792008760546216
0.5792014600496584
0.5792065746950642
0.5792170963705124
0.5792335077811499
0.5792556776965817
0.5792826243246988
0.5793123848104091
0.5793422080703441
0.5793692555625819
0.579391617173544
0.5794089556051684
0.5794222893069645
0.579433269142476
0.5794436294783607
0.5794550640732804
0.579469356360813
0.5794885081337637
0.5795146895903356
0.5795499148225416
0.5795953927650741
0.5796505620644247
0.5797120549437325
0.5797735017815369
0.5798277050495535
0.5798708402172728
0.5799043678026077
0.5799324565937011
0.5799587836698106
0.5799856685717418
0.5800148556859348
0.5800485614922308
0.5800900921105895
0.5801437906961613
0.5802141303046093
0.5803035376629566
0.5804082550727648
0.5805130027722656
0.5805931903247641
0.5806364301919988
0.5806560560676086
0.5806719008797837
0.5806950545489171
0.5807290552573383
0.5807751819185459
0.5808362694032778
0.5809186155552817
0.5810323787659251
0.5811905360727209
0.5814051781253248
0.5816751352610863
0.5819474982045834
0.5820808988335546
0.5820425103912092
0.5819613047423802
0.5819067617545743
0.5818916792155943
0.5819125441434021
0.5819666965905037
0.5820588464786784
0.5822040583581652
0.5824299050238875
