0.7964065091227225
0.7565862039880054
0.7533772348114
0.7501293047110211
0.746846794272918
0.7435325844144216
0.7401883147368502
0.736814946625769
0.7334130643598822
0.7299830332477166
0.7265250871830893
0.7230393800261387
0.7195260174123611
0.7159850774037049
0.7124166244707301
0.7088207193164422
0.705197426005955
0.7015468172880129
0.697868978662397
0.6941640115499467
0.6904320358011051
0.6866731917028737
0.6828876415951011
0.6790755711747817
0.675237190545418
0.6713727350537169
0.6674824659456059
0.6635666708663379
0.6596256642242013
0.6556597874336108
0.6516694090504977
0.6476549248108296
0.643616757581438
0.6395553572310639
0.6354712004285203
0.6313647903740336
0.627236656469135
0.6230873539299191
0.618917463347975
0.6147275902028735
0.6105183643297416
0.6062904393451121
0.6020444920339658
0.5977812217006402
0.5935013494860328
0.5892056176533802
0.5848947888446823
0.5805696453097393
0.5762309881096068
0.5718796362962197
0.5675164260697938
0.5631422099156007
0.5587578557216104
0.5543642458784901
0.5499622763633869
0.54555285580893
0.5411369045588534
0.5367153537116469
0.532289144153647
0.5278592255829817
0.5234265555257938
0.5189920983461773
0.5145568242512961
0.510121708293138
0.5056877293683975
0.5012558692179938
0.49682711142772595
0.49240244043160153
0.4879828405193597
0.4835692948497403
0.47916278447102745
0.4747642873504039
0.4703747774136453
0.46599522359667933
0.4616265889104858
0.45726982952084005
0.4529258938443296
0.44859572166207384
0.44428024325252113
0.43998037854466376
0.4356970362929712
0.4314311132752686
0.4271834935147608
0.42295504752732704
0.41874663159514636
0.414559087067652
0.4103932396907507
0.4062498989651545
0.4021298575346084
0.3980338906047154
0.39396275539299186
0.3899171906106774
0.38589791597678447
0.3819056317647501
0.37794101838199234
0.3740047359825929
0.3700974241132209
0.3662197013923726
0.36237216522287585
0.3585553915375652
0.3547699345779419
0.3510163267055493
0.34729507824574446
0.3436066773634553
0.33995158997045405
0.3363302596636175
0.3327431076935755
0.329190532963092
0.32567291205448134
0.3221905992852957
0.3187439267914728
0.3153332046371139
0.31195872094999066
0.30862074208186263
0.30531951279266234
0.3020552564575484
0.29882817529584393
0.2956384506208273
0.29248624310932403
0.2893716930900766
0.2862949208498051
0.2832560269559098
0.28025509259474235
0.2772921799243814
0.274367332440856
0.2714805753567605
0.2686319159912215
0.26582134417018377
0.26304883263600887
0.2603143374653857
0.25761779849458144
0.2549591397510803
0.252338269890675
0.2497550826391195
0.24720945723745602
0.2447012588901737
0.24223033921537585
0.2397965366961795
0.23739967713257437
0.23503957409302212
0.23271602936511304
0.23042883340460485
0.22817776578222337
0.225962595627632
0.2237830820700043
0.2216389746746743
0.21953001387537163
0.21745593140156105
0.21541645070047954
0.21341128735344894
0.21144014948609968
0.20950273817217457
0.20759874783057686
0.20572786661541664
0.2038897767987632
0.20208415514589007
0.20031067328282293
0.19856899805598294
0.1968587918837993
0.19517971310014082
0.19353141628946247
0.19191355261358822
0.19032577013003849
0.18876771410187543
0.18723902729902198
0.18573935029103783
0.1842683217313631
0.1828255786330334
0.181410756635903
0.18002349026541598
0.17866341318298273
0.1773301584280259
0.17602335865177177
0.17474264634287462
0.1734876540449669
0.17225801456624124
0.17105336118117542
0.16987332782451026
0.1687175492776105
0.167585661347338
0.16647730103755942
0.16539210671343907
0.16432971825864717
0.16328977722563354
0.16227192697911075
0.16127581283288805
0.16030108218022454
0.1593473846178287
0.15841437206367315
0.15750169886877574
0.15660902192308923
0.15573600075565996
0.15488229762921024
0.15404757762929255
0.15323150874815472
0.15243376196349245
0.1516540113122059
0.1508919339593363
0.15014721026229771
0.14941952383057522
0.14870856158101375
0.1480140137888375
0.14733557413454224
0.1466729397468014
0.14602581124149283
0.14539389275700987
0.1447768919859581
0.14417452020337918
0.1435864922916127
0.143012526761923
0.14245234577300858
0.14190567514650232
0.14137224437958762
0.1408517866548208
0.14034403884729219
0.1398487415292018
0.13936563897198084
0.1388944791460306
0.13843501371820432
0.13798699804709036
0.13755019117624212
0.13712435582537308
0.1367092583796804
0.13630466887731885
0.13591036099514608
0.1355261120328093
0.13515170289524192
0.1347869180736555
0.1344315456251053
0.13408537715069235
0.13374820777246388
0.13341983610910646
0.13310006425047038
0.13278869773100055
0.13248554550213
0.13219041990371683
0.1319031366345419
0.13162351472195966
0.13135137649075268
0.13108654753120952
0.13082885666652533
0.13057813591953593
0.13033422047885546
0.13009694866444732
0.1298661618926874
0.12964170464095826
0.1294234244118121
0.1292111716967388
0.12900479993960012
0.1288041654997344
0.12860912761479648
0.12841954836335667
0.12823529262728217
0.12805622805395522
0.12788222501834234
0.12771315658495375
0.12754889846970474
0.12738932900174083
0.12723432908521926
0.12708378216108518
0.12693757416887552
0.12679559350856062
0.12665773100245392
0.12652387985721258
0.1263939356259386
0.1262677961704184
0.12614536162350543
0.1260265343516681
0.12591121891771262
0.12579932204372934
0.12569075257422568
0.1255854214395038
0.1254832416192847
0.12538412810657784
0.12528799787183298
0.12519476982736466
0.12510436479207698
0.1250167054564909
0.12493171634807743
0.12484932379692948
0.1247694559017486
0.12469204249618848
0.12461701511553802
0.12454430696375318
0.12447385288087232
0.12440558931076984
0.12433945426931237
0.12427538731287135
0.12421332950723463
0.12415322339689239
0.1240950129747298
0.12403864365209438
0.12398406222928271
0.12393121686641184
0.12388005705469674
0.12383053358813456
0.12378259853559559
0.12373620521331541
0.12369130815779605
0.12364786309912035
0.12360582693467193
0.12356515770325915
0.12352581455964662
0.12348775774950871
0.12345094858476535
0.12341534941934429
0.1233809236253306
0.12334763556953421
0.12331545059044291
0.12328433497558533
0.12325425593928108
0.12322518160079177
0.12319708096285853
0.12316992389063086
0.12314368109097895
0.12311832409219425
0.12309382522405932
0.12307015759830497
0.12304729508943424
0.12302521231591401
0.12300388462173784
0.12298328805834924
0.12296339936692258
0.12294419596099304
0.1229256559094476
0.12290775791985464
0.12289048132213665
0.12287380605258302
0.12285771263819445
0.12284218218136223
0.12282719634486039
0.12281273733717646
0.12279878789814036
0.12278533128487457
0.12277235125806074
0.12275983206848318
0.12274775844390018
0.12273611557618691
0.12272488910878643
0.12271406512442695
0.12270363013312846
0.12269357106049428
0.12268387523625712
0.12267453038309739
0.12266552460573044
0.12265684638024965
0.12264848454371247
0.12264042828398658
0.12263266712983922
0.12262519094125757
0.12261798990001538
0.1226110545004695
0.12260437554057291
0.12259794411312208
0.12259175159721736
0.12258578964993883
0.12258005019823137
0.12257452543099479
0.12256920779138081
0.12256408996927604
0.12255916489399121
0.1225544257271346
0.12254986585566874
0.12254547888515643
0.12254125863317189
0.12253719912289951
0.12253329457689854
0.12252953941102518
0.12252592822853936
0.1225224558143414
0.12251911712939634
0.12251590730528317
0.12251282163891297
0.12250985558737948
0.1225070047629574
0.12250426492824562
0.12250163199143371
0.12249910200170777
0.12249667114479224
0.12249433573859836
0.12249209222902335
0.12248993718584333
0.12248786729874606
0.12248587937345656
0.1224839703279974
0.12248213718904066
0.1224803770883719
0.12247868725946098
0.12247706503412648
0.12247550783930716
0.12247401319392759
0.12247257870584327
0.12247120206890438
0.12246988106008116
0.12246861353668981
0.1224673974337036
0.12246623076113439
0.12246511160151208
0.12246403810741657
0.1224630084991164
0.12246202106225024
0.12246107414560237
0.12246016615893451
0.12245929557089363
0.12245846090697976
0.12245766074757747
0.12245689372605939
0.12245615852693292
0.12245545388406442
0.12245477857894504
0.12245413143902117
0.12245351133607763
0.12245291718466778
0.12245234794059767
0.12245180259946975
0.1224512801952492
0.12245077979890473
0.12245030051707806
0.12244984149080274
0.1224494018942589
0.12244898093357959
0.12244857784569196
0.12244819189719147
0.12244782238326957
0.1224474686266569
0.12244712997661944
0.1224468058079804
0.12244649552017639
0.12244619853634842
0.12244591430246154
0.12244564228645427
0.12244538197741994
0.12244513288481607
0.12244489453769791
0.12244466648398233
0.1224444482897371
0.1224442395384906
0.1224440398305745
0.12244384878248005
0.12244366602624479
0.12244349120885323
0.1224433239916719
0.12244316404988576
0.12244301107197542
0.12244286475919475
0.12244272482508123
0.12244259099497556
0.12244246300556316
0.12244234060442849
0.12244222354963163
0.12244211160929375
0.12244200456120213
0.12244190219242723
0.12244180429895568
0.12244171068533927
0.12244162116434698
0.12244153555664505
0.12244145369047521
0.1224413754013538
0.12244130053177738
0.12244122893094278
0.12244116045447562
0.12244109496416977
0.12244103232773629
0.12244097241856411
0.12244091511548627
0.12244086030255641
0.12244080786883815
0.12244075770819407
0.12244070971909504
0.12244066380441898
0.12244061987127608
0.12244057783083406
0.12244053759814344
0.12244049909197707
0.12244046223467853
0.1224404269520063
0.12244039317299338
0.1224403608298098
0.12244032985762765
0.12244030019449459
0.12244027178121508
0.12244024456122704
0.12244021848049336
0.12244019348739543
0.12244016953262138
0.12244014656907887
0.12244012455179087
0.12244010343780387
0.122440083186107
0.12244006375754157
0.12244004511472328
0.12244002722196445
0.12244001004519911
0.12243999355191304
0.12243997771107562
0.12243996249307132
0.12243994786964496
0.12243993381383256
0.1224399202999108
0.12243990730333598
0.12243989480069939
0.12243988276966944
0.12243987118894684
0.12243986003821927
0.12243984929811236
0.1224398389501542
0.12243982897673023
0.12243981936104376
0.12243981008708182
0.12243980113957986
0.12243979250398318
0.12243978416642076
0.12243977611366974
0.12243976833312475
0.12243976081277419
0.12243975354117154
0.12243974650740386
0.12243973970107691
0.12243973311228185
0.12243972673157788
0.12243972054996999
0.12243971455888847
0.12243970875016386
0.12243970311601704
0.12243969764903584
0.12243969234215557
0.12243968718864817
0.12243968218210333
0.12243967731641281
0.12243967258575994
0.12243966798460038
0.12243966350765234
0.12243965914988442
0.12243965490650488
0.12243965077294394
0.12243964674485264
0.12243964281808095
0.12243963898868104
0.12243963525288881
0.12243963160711424
0.12243962804794017
0.122439624572107
0.1224396211765102
0.12243961785818869
0.12243961461431985
0.12243961144221416
0.12243960833930612
0.12243960530314968
0.12243960233141105
0.12243959942186577
0.12243959657239045
0.12243959378096181
0.12243959104564517
0.12243958836459734
0.12243958573605795
0.1224395831583468
0.12243958062985782
0.12243957814905915
0.12243957571448616
0.1224395733247402
0.12243957097848279
0.12243956867443806
0.12243956641138187
0.12243956418814672
0.12243956200361295
0.12243955985671073
0.1224395577464149
0.12243955567174691
0.12243955363176273
0.12243955162556552
0.12243954965228998
0.12243954771110921
0.12243954580123051
0.1224395439218906
0.12243954207235752
0.12243954025193082
0.12243953845993427
0.12243953669571939
0.122439534958664
0.12243953324816725
0.1224395315636514
0.12243952990456075
0.12243952827035987
0.12243952666053426
0.12243952507458322
0.12243952351202891
0.1224395219724076
0.12243952045527173
0.12243951896018979
0.12243951748674398
0.12243951603452852
0.12243951460315416
0.12243951319224256
0.12243951180142731
0.12243951043035128
0.12243950907867218
0.12243950774605439
0.12243950643217472
0.12243950513671764
0.12243950385937719
0.12243950259985681
0.1224395013578663
0.12243950013312521
0.12243949892535821
0.12243949773429907
0.12243949655968878
0.1224394954012723
0.1224394942588013
0.12243949313203917
0.12243949202074467
0.12243949092469109
0.12243948984365305
0.12243948877740907
0.12243948772574675
0.12243948668845395
0.12243948566532492
0.12243948465615839
0.12243948366075852
0.12243948267892879
0.12243948171048136
0.12243948075523026
0.12243947981299297
0.12243947888358964
0.12243947796684596
0.12243947706258895
0.12243947617064899
0.12243947529085908
0.1224394744230567
0.1224394735670794
0.12243947272277156
0.12243947188997606
0.12243947106854025
0.12243947025831403
0.12243946945914852
0.12243946867089794
0.12243946789342053
0.12243946712657294
0.12243946637021708
0.1224394656242146
0.12243946488843183
0.12243946416273577
0.12243946344699363
0.12243946274107664
0.12243946204485734
0.12243946135821127
0.12243946068101286
0.12243946001314043
0.12243945935447231
0.1224394587048917
0.12243945806427858
0.12243945743251927
0.12243945680949775
0.12243945619510244
0.12243945558922154
0.12243945499174635
0.12243945440256576
0.12243945382157484
0.12243945324866745
0.12243945268373857
0.12243945212668594
0.12243945157740743
0.12243945103580278
0.12243945050177174
0.12243944997521916
0.12243944945604446
0.12243944894415415
0.12243944843945476
0.12243944794185113
0.12243944745125201
0.12243944696756659
0.12243944649070448
0.12243944602057788
0.12243944555709907
0.12243944510017857
0.12243944464973577
0.12243944420568276
0.12243944376793647
0.12243944333641521
0.12243944291103759
0.1224394424917219
0.12243944207838997
0.12243944167096332
0.12243944126936335
0.12243944087351266
0.12243944048333744
0.12243944009876129
0.12243943971971183
0.12243943934611579
0.12243943897789933
0.12243943861499318
0.1224394382573255
0.12243943790482736
0.12243943755742948
0.12243943721506467
0.12243943687766556
0.1224394365451662
0.12243943621750031
0.12243943589460393
0.12243943557641312
0.12243943526286527
0.12243943495389642
0.12243943464944673
0.12243943434945381
0.12243943405385982
0.12243943376260302
0.12243943347562591
0.12243943319286965
0.12243943291427895
0.12243943263979562
0.12243943236936505
0.12243943210293029
0.12243943184043904
0.12243943158183723
0.12243943132706958
0.12243943107608557
0.12243943082883424
0.12243943058526163
0.12243943034531979
0.12243943010895764
0.12243942987612544
0.12243942964677623
0.12243942942085972
0.12243942919833073
0.12243942897914073
0.12243942876324398
0.12243942855059486
0.12243942834114863
0.1224394281348603
0.12243942793168527
0.12243942773158123
0.1224394275345051
0.1224394273404138
0.12243942714926626
0.12243942696102106
0.12243942677563668
0.12243942659307427
0.12243942641329308
0.1224394262362547
0.12243942606191893
0.1224394258902487
0.12243942572120714
0.12243942555475529
0.12243942539085717
0.12243942522947737
0.1224394250705787
0.12243942491412607
0.12243942476008429
0.12243942460842028
0.12243942445909761
0.12243942431208577
0.12243942416734954
0.1224394240248573
0.12243942388457629
0.12243942374647532
0.12243942361052118
0.12243942347668513
0.12243942334493518
0.12243942321524104
0.12243942308757427
0.12243942296190358
0.12243942283820175
0.12243942271643904
0.1224394225965878
0.12243942247861994
0.12243942236250749
0.12243942224822302
0.12243942213574177
0.12243942202503577
0.12243942191607882
0.12243942180884615
0.12243942170331146
0.1224394215994501
0.12243942149723763
0.1224394213966491
0.12243942129766161
0.12243942120025031
0.12243942110439221
0.12243942101006411
0.12243942091724358
0.12243942082590742
0.12243942073603487
0.12243942064760249
0.12243942056059065
0.1224394204749758
0.12243942039074007
0.1224394203078597
0.12243942022631582
0.122439420146088
0.12243942006715669
0.12243941998950181
0.12243941991310436
0.1224394198379467
0.12243941976400807
0.12243941969127059
0.12243941961971672
0.12243941954932758
0.12243941948008485
0.12243941941197412
0.12243941934497526
0.12243941927907276
0.12243941921424695
0.12243941915048617
0.12243941908777067
0.12243941902608524
0.12243941896541488
0.12243941890574261
0.1224394188470539
0.12243941878933351
0.12243941873256692
0.12243941867673813
0.12243941862183327
0.12243941856783847
0.1224394185147396
0.12243941846252238
0.12243941841117245
0.12243941836067729
0.122439418311024
0.12243941826219773
0.12243941821418769
0.12243941816697956
0.12243941812056114
0.12243941807492043
0.12243941803004521
0.12243941798592217
0.12243941794254187
0.12243941789989066
0.12243941785795753
0.12243941781673107
0.12243941777619982
0.12243941773635425
0.12243941769718136
0.12243941765867283
0.12243941762081623
0.12243941758360177
0.12243941754701915
0.12243941751105913
0.1224394174757103
0.12243941744096432
0.12243941740681008
0.12243941737323938
0.12243941734024277
0.12243941730780972
0.12243941727593288
0.12243941724460239
0.12243941721380913
0.12243941718354556
0.12243941715380269
0.12243941712457163
0.1224394170958435
0.12243941706761186
0.12243941703986783
0.12243941701260297
0.12243941698580996
0.12243941695948146
0.12243941693360882
0.1224394169081865
