0.9999245015298052
0.9999179636936786
0.9999104391380566
0.99990168513006
0.9998915358618898
0.9998798496449681
0.9998663868805574
0.999850961750967
0.9998333905321013
0.9998134822503896
0.9997909591750658
0.9997654988218578
0.9997368035643353
0.9997045518218739
0.9996684060852412
0.9996278884014035
0.9995827958000189
0.999532656754493
0.9994772017379251
0.9994158691963708
0.9993480815790443
0.9992733217212227
0.9991910306186124
0.9991004685490257
0.9990007153758635
0.9988911553005857
0.9987713681115596
0.998641041959646
0.9984991482294098
0.9983451497112985
0.9981781941235639
0.9979983484023276
0.9978043123021303
0.9975953096464005
0.9973711284976312
0.9971298763440628
0.9968723354186685
0.9965963945355802
0.9963033999698744
0.9959911153442981
0.9956581941111176
0.9953041403891718
0.9949279569557087
0.9945322999711648
0.9941164601364575
0.9936774024990345
0.9932175009472677
0.9927392685432231
0.9922398219817229
0.9917218409539839
0.9911826754723262
0.9906235091918125
0.9900433376542912
0.9894431837974189
0.9888258358510069
0.9881877297135264
0.9875369030852672
0.9868677784320927
0.9861853553164522
0.9854926749231029
0.9847858677451721
0.9840651983015963
0.983333354173368
0.9825834183266872
0.9818292151015071
0.981071943989974
0.9803078306551465
0.9795408616768652
0.9787732531276844
0.9779907166093822
0.977207886615177
0.9764247206288167
0.9756496488472968
0.9748731348108572
0.9740929650695732
0.9733148486972159
0.9725452035886715
0.9717892775966238
0.9710392368295904
0.9703006012436682
0.9695656126719775
0.96883305355782
0.9681152137338375
0.9674213188184614
0.9667437981474567
0.9660773790821582
0.965426548053131
0.9647793747879304
0.9641523631145977
0.9635420724279007
0.9629563441293552
0.962379033137388
0.96181163175834
0.9612640501512807
0.9607316746767052
0.960201928046099
0.9596911177758486
0.9591899734882874
0.9587115948506344
0.9582463226658815
0.9577935861231306
0.9573603528560675
0.956937200671233
0.956531466604568
0.9561376565766455
0.9557687171955477
0.9554013592002936
0.9550496750208748
0.9547055677357765
0.9543654630849984
0.9540343197333613
0.9537166672821116
0.9534167344736968
0.9531172661104171
0.952830916076987
0.9525514171487521
0.9522779473225962
0.9520096222421192
0.9517485013350749
0.9515020646979356
0.9512613180421046
0.9510412665207665
0.9508398183765195
0.9506355648892573
0.9504417536275778
0.9502602646869417
0.9500785934884841
0.9499001890434425
0.9497246861392838
0.9495720959372047
0.9494172494936881
0.9492596271906061
0.9491206152887022
0.9489900695739101
0.9488610936588641
0.9487288157895097
0.9486114829432207
0.9485052277218508
0.9484044994695296
0.9483183487762858
0.9482323332381588
0.9481356420228872
0.9480602323801849
0.947994683830961
0.9479181466507265
0.9478480783718718
0.947779084088828
0.9477115568188805
0.9476508814614492
0.9476118471786958
0.9475843318590009
0.9475492295884907
0.9475093754156425
0.9474739049707368
0.9474347852011725
0.9474124924419218
0.9474008643814564
0.9474141120747664
0.9474191267012237
0.9474189176659462
0.9474290969187298
0.9474445392215382
0.9474672981925705
0.9474751961455135
0.9474716673605466
0.9474660478846647
0.9474743974384437
0.9474965037609789
0.94751324442142
0.9475233769059742
0.947531770311842
0.9475259042098392
0.9475282787961553
0.9475398211885158
0.9475688122911047
0.9475915476317347
0.9476265511110875
0.9476409041047666
0.9476523330793714
0.9476596065807592
0.9476799086069946
0.9476952027526441
0.947729070580238
0.9477545624440129
0.9477689362240401
0.9477905850210949
0.9478267924293744
0.9478506674084074
0.9478811581313561
0.9479093864097866
0.9479458733449303
0.9479849132710585
0.9480245249661909
0.9480436805856296
0.9480676764916917
0.9480958899938408
0.9481189152885445
0.9481433889681284
0.9481774613460691
0.9482034101764324
