0.9999835238309028
0.9999826838834109
0.9999817721555526
0.9999808808363404
0.999979801395335
0.9999785915288871
0.9999772380281537
0.9999757260830733
0.9999740332612781
0.9999721372593714
0.9999700109916146
0.9999676279204641
0.9999649572015207
0.9999619646029719
0.9999586087787808
0.9999548510587011
0.9999506476554527
0.999945955065759
0.9999407259021974
0.9999349080705752
0.9999284433476103
0.9999212869568911
0.9999133753430809
0.9999046524114772
0.9998950415466918
0.9998844946166544
0.9998729284067905
0.999860300679121
0.9998465680012407
0.9998316848346123
0.9998155535967752
0.999798128149468
0.9997793766713661
0.9997592446722029
0.9997376898703249
0.9997147111279299
0.9996902606391015
0.9996642344959598
0.9996366293461215
0.9996074482346075
0.9995765989058669
0.9995440765777233
0.9995098762237962
0.9994739953286066
0.9994363862558259
0.9993971286263345
0.9993562028643047
0.9993136897476886
0.9992694902960221
0.9992237090065451
0.9991763899367878
0.9991274917144417
0.9990770371814434
0.9990252124198047
0.9989719997514166
0.9989176372244442
0.9988621096078694
0.9988056248222246
0.9987481399603435
0.9986898008071855
0.9986306524285622
0.9985706476631281
0.9985096795098211
0.9984477390825518
0.9983852359065135
0.9983219977334405
0.9982583857716172
0.9981947957357039
0.9981308950825313
0.9980670143724224
0.9980030135276983
0.997939534705698
0.9978765224943053
0.9978142594964364
0.997752865101796
0.9976922780010259
0.997632187158874
0.9975727982765517
0.997513847834498
0.9974560942837918
0.9973992204921289
0.997343738586446
0.9972891483157629
0.9972353963610134
0.9971828106729967
0.9971314863210475
0.9970809473991922
0.9970318118607154
0.996983805353865
0.9969372591948749
0.996891917957763
0.9968473647867373
0.9968038428108724
0.9967613323053826
0.9967201653933214
0.9966801365582627
0.9966414351765401
0.996604127426681
0.9965678583246
0.9965325680167838
0.9964980459031237
0.9964646618854014
0.9964330739131004
0.9964019331086024
0.9963718483440516
0.9963425914573224
0.9963150344851344
0.9962884049846401
0.9962627099330782
0.9962383545357851
0.9962141981611831
0.9961907084256542
0.9961683294867517
0.9961465473827753
0.9961256847333433
0.9961055520273017
0.9960863231553401
0.9960675902690752
0.9960493322610753
0.9960320551859475
0.9960159662941729
0.996000288440786
0.9959850707787671
0.995970461796148
0.9959565294676909
0.9959427710063264
0.9959303832708631
0.9959186084946346
0.9959070381594429
0.9958958166602847
0.9958847867189349
0.9958742160204435
0.995863005215167
0.9958531958775508
0.9958442991468245
0.9958352353497784
0.9958264839414758
0.9958186247385546
0.9958104376091852
0.9958031580282771
0.9957965284783484
0.9957909436394916
0.9957853888013559
0.9957803803491605
0.9957754513006359
0.9957708481265034
0.9957662533047776
0.9957619056955883
0.9957577813779637
0.9957547975561978
0.9957523296324321
0.9957502413743259
0.9957481552552969
0.9957456872767997
0.9957435456489451
0.9957423022354319
0.9957419223134311
0.9957414569872058
0.9957411710481848
0.9957409391808624
0.9957413504579994
0.9957419088288855
0.9957430113692943
0.9957438966688301
0.9957445356504329
0.9957454939239745
0.9957466967067631
0.9957481812741659
0.995750297598299
0.9957523292728104
0.9957541918574583
0.9957574857141378
0.9957610942761178
0.9957657401226336
0.9957701981295062
0.9957755529875117
0.995780295081502
0.9957840013205859
0.9957877077777524
0.995791687775287
0.9957958049094802
0.9958000839756306
0.9958040712194566
0.995808030973783
0.9958118536411783
0.9958168371392573
0.9958227330563166
0.9958293806422204
0.9958355174184133
0.9958407931240811
0.9958460349739738
0.9958512630332378
0.9958571901987756
0.9958637459156467
0.9958705394808429
0.9958777467806808
0.9958854785517852
0.9958940385465562
0.9959026170953355
0.9959107446484277
