1.087329137106517
1.0781171435146513
1.0734028668738926
1.0681938276837386
1.0628284432214667
1.0572783140554718
1.0515651186493427
1.045694822488622
1.0396690704195597
1.0331270318331123
1.0264033581958376
1.0195275336757443
1.012484013840047
1.0050835234233677
0.9974856719051941
0.9897043024894052
0.981735108719438
0.9735901013894106
0.9652778498744213
0.9568112786543722
0.9482064896480163
0.939491692646394
0.930358247487307
0.9209363967547384
0.9113503557736488
0.9015654288095063
0.8916229922648655
0.8815352031978304
0.8713143020606816
0.8609737382459538
0.8505283292416038
0.8399942946284803
0.8293469053166462
0.8186796322963379
0.8079096497133925
0.7971236893140029
0.7864043245246243
0.775090368310718
0.7633759790685379
0.7518872439021609
0.740526046614496
0.7290850827283042
0.7176570084450441
0.7062046518488004
0.6946850869023538
0.6830354256551763
0.6710377955134929
0.658780871816213
0.6463040310045953
0.6336830197656842
0.6209755382792693
0.607922899822477
0.59484606370852
0.5817748556568318
0.5687406115707305
0.5557842577684702
0.5428783811948246
0.5301943911136161
0.5178116798346831
0.5058106826429162
0.4942679100894906
0.48144980905995627
0.46910024778205606
0.4572867875323045
0.44606277119124405
0.43546796668249466
0.4255297633621015
0.41626457948135304
0.40767966435543523
0.3994348600141399
0.3918982984055532
0.38505724955600273
0.3788780323580941
0.37305752993033725
0.3679104961223151
0.3634176586832996
0.3595500503837674
0.3562762823197938
0.35356196855239497
0.3513684822646045
0.34882457874177447
0.3467835030081267
0.3443607559629966
0.34237329863939603
0.3407825679090112
0.33960347205298463
0.33860018002000236
0.33751312654459337
0.3367451638476123
0.33589040740498394
0.3353187143062844
0.33500788464413905
0.33493601561667147
0.33420280583171436
0.33372164596481924
0.33347916915148873
0.3328269785712453
0.33246079749970053
0.3323831026536875
0.33261817280677625
0.333266407601575
0.33499761171521303
0.3335398222047936
0.3328592135208723
0.332614353937191
0.33258429121174826
0.3322546204253023
0.3322883891642303
0.33222655659364947
0.3324998235935131
0.33307524121540316
0.3339727505148996
0.33531321555955446
0.33699241438830785
0.3362796754741372
0.33517754805653266
0.3344008937957017
0.3336846259325135
0.33321244218646456
0.3329496616470483
0.33286909405672926
0.3323583543183821
0.33168702739635286
0.3312229147362724
0.3309423988097573
0.3308249643027324
0.33085396511496384
0.3308383547345314
0.3309788590202716
0.33126828201747466
0.3317032779648763
0.3320028267379386
0.3324677923188859
0.33310355609125103
0.3339195918330233
0.3347869708418604
0.33530287412237114
0.33607633426848943
0.337062332458153
0.335434151338372
0.33402734439247606
0.3329164663431157
0.33196441720228725
0.3313380430007059
0.33097097716634666
0.33089496961811177
0.3309296905136995
0.33120582958594047
0.3316458167993879
0.33228375873338173
0.33295385640798353
0.3337935439910453
0.33425603088717254
0.3349386388670112
0.33565945790248325
0.3365683924915678
0.3353650803755987
0.3343825117111439
0.33370649739200314
0.33323395041333487
0.3327148181774031
0.3324249087097846
0.3323433967850935
0.3324504669372969
0.3327274239915561
0.3329976137274493
0.33343548633010983
0.33402429343808726
0.3347491179183667
0.33507624147601056
0.33538797194321646
0.33587567218916087
0.33652813290155065
0.3355930916243395
0.33490227579722204
0.33425309927945424
0.33381523563925425
0.3335616536911957
0.33347227425390674
0.3335330780446333
0.33373233480950226
0.3338065715980401
0.33401860647117243
0.3343564524903241
0.3348093439247079
0.33534160952760605
0.335534057624733
0.3357039871698383
0.3360306865997152
0.33650529639055976
0.337119663198109
0.33651981868990755
0.3359556711276783
0.3355274434206806
0.3352275369599543
0.3350281443381036
0.33494285487953995
0.3349820162645685
0.3349535017771889
0.33505814867423056
