0.9958375276159521
0.9957153508916731
0.9956401523636478
0.9955659005805848
0.9954908326163507
0.9954148164301357
0.9953352196903771
0.9952540363287594
0.995170542261547
0.9950865925596588
0.9950017675283684
0.9945807065963304
0.9945095323576564
0.9948108723797245
0.9943484432628815
0.9946746646408458
0.9941782596965341
0.9940851251994186
0.993986242368965
0.9938832033346028
0.9937753767031808
0.9936663733273396
0.9935549913069206
0.9934418790072348
0.9933322463278736
0.9932223622899994
0.9931102250684272
0.99299628897408
0.9928830286229058
0.9927609071804
0.9926375208661973
0.992515948832394
0.9923893735808887
0.9922646736776406
0.9921422261077053
0.9920196836903282
0.9918958343497788
0.9917792060531443
0.9916682440826375
0.9915580554096124
0.9914486079725775
0.9913434824445029
0.9916910386138593
0.9916080141232902
0.9915166992404572
0.9914195648856292
0.991322105735401
0.9912189726695237
0.9911170405070427
0.9910175611540485
0.9909251000723036
0.9908360830667863
0.990750209879115
0.9906576512656506
0.9905664163412011
0.9904762877660822
0.9903883854000706
0.9902861190312598
0.9901599003824159
0.9902619579420948
0.9899708016608091
0.9901720810898247
0.989808947837316
0.9900867308908453
0.9900457501906411
0.9895947300166593
0.9895209797618376
0.9899298428385093
0.9893933885721029
0.9898597730223198
0.9892754347970237
0.9892066282475432
0.9897305709283515
0.9890751180903019
0.9896286477922318
0.9889535052850665
0.9888887171811763
0.9894824119842779
0.9887804276844523
0.9893902962999627
0.9886866742382523
0.988636106400925
0.9892553932561412
0.9892044613936901
0.9884980249814489
0.9884415166154004
0.9890628906187593
0.9883448894446821
0.9882933637181202
0.9889420907132058
0.9900736060292135
0.9899995024873246
0.9888566964091837
0.9888179669965326
0.9894854096565744
0.9894205421099009
0.98934679846306
0.9892797806978364
0.9892061607154607
0.989123991008351
0.9890372344333007
0.9889495894348287
0.988863034081658
0.9887766286390217
0.988691792186898
0.9886031049919612
0.9885158368213217
0.9884342448887801
0.9883584322687832
0.9882883227859895
0.9882234360128161
0.9881650000134986
0.988109830911462
0.9880607018114916
0.9880138956608918
0.9879747991877781
0.987919637258243
0.9878712677848746
0.9878288326158491
0.9877930224929844
0.9877480776916201
0.9877098890612095
0.9876789784451396
0.9876500994162327
0.987627684812004
0.987607278249781
0.9875870847120833
0.9875605333794462
0.9875380327466473
0.9875140381986547
0.9874938163598289
0.9874704946574552
0.9874347001550149
0.9873962073810586
0.9873520954801629
0.9873042099884736
0.9872623180758203
0.9872198657166111
0.9871699897036811
0.987126407799906
0.9870825145262769
0.9870443543750188
0.9870103768614784
0.9869831478736278
0.9869581936484705
0.9869324025872653
0.9869045851096477
0.9868803700895564
0.9868530002756447
0.9868269283285962
0.9868044380547834
0.9867860000096601
0.9867629820924432
0.9867337531130707
0.9867068742443501
0.9866748647140154
0.9866473188309957
0.9866258588595817
0.9866086012603263
0.9865948878941049
0.9865764571024744
0.9865547255804826
0.9865330126783832
0.986514715352205
0.9864983297404354
0.9864830560544602
0.9864560455729874
0.9864212996971407
0.9863831676094773
0.9863444435612488
0.9863100885172876
0.9862759423064618
0.9862448493027255
0.9862166488326197
0.9861933035090747
0.9861715687091207
0.9861434914809338
0.9861124163586096
0.986083282561866
0.9860506462486086
0.9860206426958542
0.9859873864424197
0.9859528649159647
0.9859154845342617
0.9858723255279591
0.985820669581753
0.9857695000727313
0.9857196822986963
0.9856765131223182
0.9856379395920067
0.9856061761921912
0.9855797009385652
0.9855504513755063
0.9855216433216096
0.985494673054329
0.9854703714752412
0.9854465661109
0.9854245952765227
0.9854043130863199
0.9853848641856441
