0.9978528182571927
0.9976315955227232
0.9974203699258342
0.9971906838330339
0.9969427408066894
0.9966722580974607
0.9963811487267927
0.9960689275758193
0.9957351806741466
0.9953742767438337
0.9949812163302229
0.994561451409092
0.9941102583287403
0.9936310951301759
0.9931117302517455
0.9925406782818593
0.9919348438047026
0.9912888287006753
0.9905951288299923
0.9898459565155969
0.9890252248556697
0.988152111519083
0.987226393080164
0.986202936991433
0.9850909778188828
0.9838900450006128
0.9826165494076161
0.9812659368320127
0.9798260611946905
0.9782856415479639
0.9766686880690028
0.9749685825038863
0.9731452053576843
0.971248872611435
0.9692575722479616
0.9671508219110433
0.9649707115608909
0.962664170098343
0.9602054034384685
0.9576617226306587
0.9550274115803434
0.952282048549804
0.949403778098261
0.9464043036643812
0.9431965541145172
0.9398734606249767
0.9364728657796887
0.9328501679545858
0.9291524360220013
0.9253553105721427
0.9214685449172692
0.9175264196515954
0.9135318231946024
0.9095294632605195
0.9055036899268277
0.9014338306781857
0.8972238139425845
0.8929385779829394
0.8885383472499034
0.8841849769484293
0.8797332468780539
0.8752916476607508
0.8707814463912368
0.8662883826426975
0.8618075954666217
0.8572789359775184
0.8528302625006086
0.8483343485100291
0.8438691563135907
0.8394313260336014
0.8351091766175236
0.8308903293886654
0.8263911398949311
0.822057191348569
0.8176056159702474
0.8131350550521235
0.8087725245108929
0.8046356128642875
0.8006152552250239
0.7965668198376976
0.7925407247278184
0.7884552394459337
0.7844551327340985
0.7802628028655417
0.7761454550811974
0.772229785505109
0.7686870204230754
0.7652820546143513
0.7620527283096604
0.758960168077796
0.7559468076654137
0.7527372996349744
0.7496431723446191
0.7467476923000307
0.7438869220433417
0.7409291475430018
0.7381250947402598
0.7353954266919555
0.7327906974674709
0.730318670300693
0.7278961516082858
0.7255464979934162
0.7233490374198417
0.7211117895269266
0.7192624548099624
0.7175655551314026
0.7157647235923129
0.7140043644099933
0.7124126271369654
0.7108540857379425
0.7093355381452044
0.7080226734436079
0.7066338609757123
0.7054482574875269
0.7042938944180066
0.7033955949221826
0.7020913232408998
0.7006949455109923
0.6996213085387096
0.6988646538174594
0.6983372804608476
0.6978816428481207
0.6974826137421247
0.696882016964382
0.6964333943823231
0.6960124909052803
0.6955467984206678
0.6954341197554256
0.6956168380019381
0.6950362292140777
0.6946618918612306
0.6944569123012376
0.694361422277211
0.6942503604549551
0.694350925522244
0.6943404537106317
0.6945528531043543
0.6943000613265387
0.6940196136965919
0.6938315896372306
0.6937852763004446
0.6936526068674764
0.6936062080713045
0.6934791187167256
0.6934885801846173
0.6936372322970472
0.6937447318263291
0.6939664052621393
0.6939936516125476
0.6937862212815098
0.6936487529192761
0.6935432979850884
0.6934629692810665
0.6935383451088621
0.6936041405156155
0.6936122916714426
0.6935887217028975
0.69378266629209
0.6941182247109832
0.6947597434391876
0.6952353174470216
0.6958906710710291
0.6960709935122011
0.6962559443193982
0.6965280582993318
0.696704303944243
0.696490919833896
0.6960498728995155
0.6959610285648363
0.6957814484552027
0.6960655777927367
0.6964112457646995
0.6967027935253091
0.697232317437891
0.6973786008146494
0.6974375549166607
0.6975455525197272
0.6977021988890246
0.6980749980635139
0.6982485003375141
0.6985693145468621
0.6986631439352428
0.698871404184493
0.6988381321702704
0.6989813945865658
0.6993286088924824
0.6992395090549279
0.6990286198839326
0.6991641660812852
0.6994794663782611
0.6996408419743034
0.6995641937780752
0.6996620520952052
0.700170204067851
0.7005365366755558
0.700753489091821
0.7007726837801868
0.7010667737853273
0.7013239970984245
0.7017831690931247
