0.9999009199821031
0.9998839933898523
0.9998634391158663
0.9998386214028314
0.9998088650543299
0.9997737039569952
0.9997324299603086
0.9996841712628083
0.9996281957341578
0.9995635294682739
0.9994888336737477
0.9994037195938277
0.9993067458529324
0.9991967232883843
0.9990726078984672
0.9989332930105913
0.9987770815325281
0.9986026247821663
0.9984085537912535
0.9981931847008453
0.9979535133093753
0.997688264942224
0.997394957968227
0.9970694053234938
0.9967118097623776
0.9963169811066971
0.9958864851729005
0.995416342826001
0.9949024275932826
0.9943455483744763
0.9937421960123076
0.9930862213485021
0.9923744949463151
0.9916069181830074
0.9907760819804164
0.9898826078853705
0.9889282122524156
0.9879090378980392
0.9868088486435733
0.9856360394628448
0.9843891471145518
0.983062627834981
0.9816632298455458
0.9801854173792606
0.9786319267405779
0.9769980757176843
0.9752713373563369
0.9734625019670404
0.9715634212357982
0.9695861149025484
0.9675028897401736
0.9653348346865083
0.9684639504159726
0.9664452933013831
0.9643374680973004
0.9621584025795058
0.9598753809095936
0.9575277694812635
0.9551037373819168
0.9526083645169107
0.9500426901182398
0.94742596824151
0.9447279179442737
0.9419812830294675
0.9391828049098011
0.9363280587767316
0.9334314324856746
0.9305017979890957
0.9275430115254083
0.924569743340953
0.9215767920696771
0.918563468919388
0.9155618536790138
0.9125152094939919
0.9094452157013646
0.9064151222758192
0.9033616351740335
0.9003156267893337
0.8972645061621971
0.8941886763556781
0.891117550784706
0.8880620952192756
0.8850708666048506
0.8821083467922299
0.8791680550766188
0.8762585048875564
0.8734001641092943
0.8706037025239193
0.8679176233150987
0.8652238053863737
0.8625894920454523
0.860000384905351
0.8574558157276998
0.8549516759705248
0.8525540465572298
0.8502212702397142
0.8479509068591814
0.845771812306726
0.8436572363486479
0.8416159618992543
0.8396484759607152
0.837719657146958
0.8358739302859896
0.8340659210562174
0.8323137283605032
0.830611971980743
0.82902808785138
0.8275255112467113
0.8260159656901005
0.8245811689541291
0.8231723854316046
0.8218034431991845
0.8205162747770594
0.8193120235446687
0.8181916985240966
0.8171465513860711
0.8160625124909743
0.8150474529905107
0.8140522419018411
0.8130529634364003
0.8121278696422451
0.8111945338557265
0.8103209741304461
0.8094311459454144
0.8085737652166654
0.8077394309699257
0.8069697408068496
0.8061814490738738
0.8055214079621554
0.8049022777415223
0.8043167364559439
0.8037414532857299
0.8031373674396339
0.8025765290480089
0.8020671716258053
0.8015708141011498
0.8010715561423983
0.8005105789317918
0.8000129883400181
0.7994654155005653
0.7989300248275586
0.7984984450281378
0.7980894703207391
0.7977383171598512
0.7973150680820307
0.7968991447344652
0.7965771302774003
0.7962296138872522
0.7958933684455529
0.7955283229570329
0.7952717004100988
0.7949874965373439
0.7946778904970817
0.7944168418427547
0.7941934542742438
0.7939683090105791
0.7937773671301461
0.7935137049608757
0.7932975615666685
0.7930778796437477
0.792848629569765
0.7926506926952681
0.7924015969649807
0.7921826018825473
0.7920031615068844
0.7918981691673659
0.7917991950139648
0.7916895150872052
0.7916067046904631
0.791471032663049
0.7913550926531717
0.7912581963486247
0.7911470316255538
0.7910275232920438
0.7909694926011195
0.7908666706888012
0.7907478304003454
0.7907167516569403
0.7906846240074359
0.7906743183573363
0.7906576869194646
0.7906808510235772
0.7907636956488159
0.7908459551249946
0.7908260483539336
0.7908437186545906
0.7908606781929365
0.7908671297975709
0.7908957544547461
0.7909649162885809
0.7909826186742487
0.791019367457007
0.7910441588594834
0.7910681344970666
0.7911890857762055
0.7913285855131781
0.7915010647417093
0.7916115926747055
0.7917568111064734
0.7917832210112978
