0.9999273221684963
0.9999220102588805
0.9999160343215133
0.9999091522239527
0.9999012387392314
0.9998921819669938
0.9998818277667276
0.9998700962035038
0.9998567702909582
0.9998416935610895
0.9998246969560077
0.9998055947028905
0.9997841176265059
0.9997600436244305
0.9997331353625021
0.9997031261855157
0.9996696542230251
0.9996326026193934
0.9995914164448665
0.9995460791459573
0.9994961571051146
0.9994412953674547
0.9993808449371887
0.9993144138664698
0.9992415364082496
0.9991616528545828
0.9990741398174506
0.9989792364476499
0.9988765149567893
0.9987650797996015
0.998644188639731
0.9985135187522327
0.998372886886107
0.9982217701788647
0.9980591096609639
0.997884377478827
0.9976982352049664
0.9974996930507977
0.9972873969013871
0.9970613294109701
0.9968213787919586
0.996567415339492
0.9962982336537732
0.9960147601310017
0.995715694073329
0.9954003054163169
0.9950704582068796
0.994727828220615
0.9943710391469618
0.994000041852867
0.9936156602434648
0.9932176263763719
0.9928068294304487
0.9923840006506219
0.9919498098879203
0.9915036318186594
0.9910478991286362
0.9905817839028161
0.9901068212819403
0.9896196797472209
0.9891251418011896
0.9886212344361093
0.9881099639183952
0.9875925050567127
0.9870716850002982
0.9865433988964759
0.986010861912591
0.9854740692407588
0.9849322838817843
0.9843875742380718
0.9838449050102912
0.9833007070146459
0.9827576584271006
0.982215880470851
0.9816749045584282
0.9811399666584457
0.9806096475179179
0.9800811697271902
0.9795546918634
0.9790370855268518
0.9785224304892498
0.9780208075656661
0.9775267414317059
0.9770406258885511
0.9765619029957348
0.97609440661104
0.9756373020886225
0.975192013265527
0.9747565194658934
0.9743302487332313
0.9739145475141668
0.9735170373601136
0.9731310795069987
0.9727453561728601
0.9723784851402837
0.9720167063215724
0.9716565100501768
0.9713192109129833
0.9709885925960214
0.97067508090814
0.9703722568025758
0.9700735573402871
0.9697909413283746
0.96952081196495
0.9692523694396742
0.9689905536704865
0.9687419544105473
0.9684957896062366
0.9682577630475652
0.968014848786226
0.9677764742498883
0.9675479351214069
0.9673326908352243
0.9671276684172748
0.9669355249517243
0.9667530675002225
0.9665784176582468
0.9664008782872232
0.9662299396230036
0.9660622536316729
0.9658974439317463
0.9657471167666344
0.9656127058298478
0.9654685212845299
0.9653317098819081
0.9652007688314683
0.9650670708999493
0.9649435197080574
0.9648359513781718
0.9647355681228761
0.9646297314951591
0.9645378244526688
0.9644527246652433
0.9643575138671012
0.9642654217867263
0.9641775276990773
0.9640961726661254
0.9640218821296159
0.9639477258442724
0.963874102671104
0.9638034564098418
0.9637219842356425
0.9636557404165218
0.9635965615081333
0.9635463520908675
0.9635093874064702
0.9634748012127505
0.9634324062314064
0.963399054090726
0.9633689445863369
0.9633316031186024
0.9633028323301958
0.9632756036142193
0.9632530208821988
0.9632308630513493
0.9632149867634004
0.963208751091664
0.9632033305845504
0.9631898695324572
0.9631841142764
0.9631810521164217
0.9631773987545045
0.9631808128091408
0.9631894300710439
0.9631907738352421
0.9631891876167601
0.9631878127689892
0.9631911440795632
0.9631922533360714
0.9631915781909499
0.9631867740143716
0.9631901345357525
0.9631928403010946
0.9632119969530749
0.9632181779873693
0.9632338607277965
0.9632452598173041
0.9632576060512013
0.9632630506224854
0.9632736278714862
0.9632830630381428
0.9633023090889504
0.9633223469351972
0.9633346264899861
0.963355905104813
0.9633705771685921
0.963379571763682
0.9633866722132846
0.9633978687525295
0.9634088353313601
0.963424521293928
0.9634411155077482
0.9634543605229152
0.9634661432262246
0.9634786651396098
0.9634910154850385
0.9635046018688209
0.9635184295074737
0.9635266634013527
0.9635481075371519
