0.9999826045925703
0.9999811036374532
0.9999794846418633
0.9999775167513898
0.9999751987566965
0.9999724815153832
0.9999693115576352
0.999965618874304
0.9999613242257881
0.9999563502825779
0.9999506128282428
0.9999440119824535
0.9999364278082676
0.9999277467188044
0.9999178639243056
0.9999066503371392
0.9998939790471093
0.9998796985608812
0.9998636914043479
0.9998457992491979
0.9998258581251593
0.9998036922388169
0.9997791590581738
0.9997521284854642
0.9997224151690057
0.9996898488058527
0.9996543251479619
0.9996156759813821
0.9995738559172143
0.999528661345816
0.9994800164709469
0.9994279113695878
0.999372075503339
0.999312441775573
0.9992488162147041
0.9991809815882874
0.9991089919447049
0.9990328207896042
0.9989524281477407
0.9988676436628983
0.9987781837579114
0.9986842016671654
0.9985853959300716
0.9984820444753605
0.9983737641583185
0.9982603103054888
0.9981419208489885
0.9980186513667244
0.9978902235403725
0.9977567406764127
0.9976185593360106
0.9974754879915101
0.997327817866042
0.9971752986451619
0.9970184472809643
0.9968578707066909
0.9966936681970018
0.9965261341858871
0.9963553929282027
0.9961818319099293
0.9960064848047001
0.9958289800464649
0.9956497410667915
0.9954680272369362
0.9952854055829145
0.995100909989722
0.994915801093976
0.9947311895931936
0.9945465305135838
0.9943618397402179
0.994176914194298
0.9939918113269249
0.9938073051800204
0.9936248763693297
0.9934445397780965
0.9932665990002271
0.9930911055065426
0.99291828069766
0.9927480761023098
0.992580971015805
0.9924167022953824
0.9922555025506063
0.9920981927603261
0.9919441057825957
0.9917921031964491
0.9916426380303212
0.9914970381395171
0.9913566244808708
0.9912175968705077
0.99108287099055
0.9909516822045877
0.9908228539598904
0.9906966572405969
0.990574431955286
0.9904557385036649
0.990341217059298
0.9902289101107151
0.9901195603086568
0.9900145992280939
0.9899119455593995
0.9898117042957019
0.9897161900731155
0.9896238304208098
0.9895352193548743
0.9894503624604822
0.989369935175892
0.9892922343426077
0.9892156685668619
0.9891409637356254
0.9890695948393134
0.9890008756115639
0.9889345738846714
0.988869654839819
0.9888081645672172
0.9887502717036145
0.9886933502871993
0.9886393531957606
0.9885864542455066
0.9885353937813487
0.9884865328535616
0.9884397676323484
0.9883960609763885
0.9883538384137974
0.9883130494176006
0.9882738422501374
0.9882376567037596
0.988203930514813
0.9881704752653123
0.9881376995063854
0.9881062851388132
0.9880752168658464
0.9880455205181662
0.9880172716405624
0.9879913197291862
0.9879679646621283
0.9879446025106334
0.9879230433402854
0.9879028779425393
0.9878846793268519
0.9878667663475763
0.9878523886723828
0.9878387142485063
0.9878255495624442
0.9878117092252522
0.9877997720249154
0.9877916466636694
0.9877819024609195
0.9877740005731218
0.9877647888894238
0.9877582933908652
0.9877536546272581
0.9877497839263338
0.9877462971789547
0.9877444760876606
0.9877423499271025
0.9877422673861697
0.9877412796574283
0.9877413732828363
0.9877414370166093
0.9877435589668283
0.9877478588429028
0.9877493442531987
0.9877540288156547
0.9877598969051178
0.9877671014743774
0.9877755523536077
0.9877846936518907
0.9877935135806029
0.9878058930065086
0.9878193165721124
0.9878331630693074
0.9878462101959462
0.9878605438820689
0.9878747157342063
0.9878904344347338
0.9879050202907848
0.9879200440228302
0.9879347600015838
0.9879486770174303
0.9879638654546302
0.9879790543038964
0.9879933221416994
0.9880092348066167
0.9880258846024293
0.9880435602868342
0.9880628330880136
0.9880817662558574
0.9881030659005627
0.9881243030201401
0.9881446821478068
0.9881646205533497
0.9881833935397384
0.9882041660320807
0.9882267671911686
0.988248858767188
0.9882698339566574
0.9882912427967269
0.9883123251680827
0.9883325806202037
0.9883547315592573
