0.999693771341579
0.9996676588276779
0.9996442831537187
0.9996176122698647
0.9995876383189941
0.9995539771012046
0.9995162969123956
0.9994742505468243
0.999427437636915
0.9993756208635697
0.9993186839113711
0.9992556819906269
0.9991852246075644
0.9991077639834803
0.9990229514342688
0.9989307248876991
0.9988295479211583
0.998719132848184
0.9985997538843379
0.9984702394665199
0.9983308698986691
0.9981793990055254
0.9980173817124479
0.9978426495893186
0.9976544620357435
0.9974521492052646
0.9972354656414221
0.9970044866596385
0.996758160281224
0.9964944081482553
0.9962133966821033
0.9959148536171027
0.995597335520472
0.9952619252718753
0.9949060073492094
0.9945304931267558
0.9941375324552991
0.9937219213179854
0.993287167924783
0.9928288601136277
0.9923440845199046
0.9918386503885718
0.9913128313160735
0.9907620552556948
0.99018698512624
0.9895888227978025
0.988970786141515
0.9883307538615076
0.9876748782740176
0.986991629865504
0.986287679051968
0.9855552245723398
0.984805633575986
0.9840350740610255
0.9832477565118021
0.9824510564582914
0.9816299044450109
0.980794102927833
0.9799360934859975
0.9790648732819432
0.9781854445776221
0.9773019939546072
0.9764181017732864
0.9755124181291338
0.974610996289695
0.9736976724840274
0.9727640342362625
0.9718256597622127
0.9708884026714565
0.9699522585036091
0.9690293329107528
0.9680992748391105
0.9671734663725873
0.9662356974663425
0.965299917447014
0.9643658292396697
0.9634378182981992
0.962531062770449
0.961636244205123
0.9607728951863358
0.9599272620254202
0.959080570844782
0.9582654331978645
0.9574495972362106
0.9566358092227385
0.9558360695344164
0.9550550687070225
0.9542778366553035
0.9535369617975168
0.9527895177375226
0.9520649459499513
0.951357115100223
0.9506826730002385
0.9500430951557964
0.9494216231078287
0.9488401780542927
0.9482588074096119
0.9477036689397248
0.9471584070731671
0.946650088441793
0.946162271707375
0.9457151817402899
0.9453076368589639
0.9449052888028925
0.94451066528534
0.9441560781486337
0.9438161636496849
0.9434829004104461
0.9431704408338084
0.9428506748551673
0.9425480279547338
0.9422548036654216
0.9419474394260321
0.9416434923793827
0.941351010729644
0.9410826706821283
0.9408345049094062
0.9406045429252892
0.9403710186179665
0.940128112514625
0.9399097263479137
0.9397000217102566
0.9395155144312325
0.9393135657882852
0.9391075482638089
0.9388764132785311
0.93867823010365
0.9385123546538405
0.9383272327498823
0.938128237831484
0.9379461442102928
0.9377555204791963
0.9376007629982349
0.937473665694698
0.937386727637693
0.9372798846253771
0.9371441372316627
0.9370185680600229
0.9368982916101749
0.9367822666327239
0.9367243830860341
0.9366088423902764
0.9364656235317448
0.9363032578264402
0.936139881441997
0.935994055747899
0.9358885686221784
0.9357792472091057
0.9356724241423015
0.9355850130935992
0.9354862190117355
0.9353659978975759
0.9352690767983175
0.9351440483452265
0.935036031575768
0.934934814541131
0.9348368295953449
0.9347217829815061
0.9346320435084084
0.9345396046168271
0.9344613560714734
0.9344063851120281
0.9343847832575367
0.9343271015806136
0.9342678158959441
0.9341882580582328
0.9341256355671779
0.9340639605589457
0.93400967736574
0.933953960932678
0.9338864349165182
0.9338282144246068
0.9338013033553967
0.9337945405259436
0.9337652751752156
0.9337534643915015
0.9337726292864316
0.9337763110139152
0.9337336549786301
0.9337180695499291
0.9336815997955619
0.9336507469201445
0.9336349213161033
0.9336371618087973
0.9336335191671093
0.9336492091155566
0.9336783077033778
0.9336734382341706
0.933678826197867
0.9336859338168295
0.9336813026081807
0.9336885137122988
0.9336993574975576
0.9337444861672737
0.933752466391045
0.9337941527214002
0.9337970046686114
0.9337956021733276
0.9337902974771876
0.9338007052262288
