0.7756793355340986
0.7632420187531902
0.7519436900182441
0.7402641118066348
0.7282239173804507
0.7158417495997713
0.7031315484416445
0.6901050226504717
0.6767731616934423
0.6631470790326441
0.6492385047414786
0.6350600904847081
0.6206256067890163
0.6059500727544207
0.5910498390283392
0.5759426351318304
0.5606475871662913
0.5451852092490688
0.5295773706202311
0.513847239670153
0.4980192058624979
0.4821187805052183
0.4661724774568853
0.45020767508649107
0.4342524610908499
0.41833546208489747
0.40248566019266674
0.3867321991609086
0.3711041827763596
0.35563046857706215
0.3403394599962525
0.32525890015470116
0.31041567051786945
0.29583559755467714
0.28154327037519933
0.267561872088948
0.2539130273203317
0.24061666795328918
0.22769091876542458
0.2151520041674736
0.20301417680217648
0.19128966829360416
0.1799886619891765
0.16911928711636282
0.15868763339698122
0.1486977848338923
0.13915187111516936
0.1300501348735007
0.12139101289482179
0.11317122928827705
0.1053858986053906
0.09802863692341901
0.09109167897880421
0.08456599954257227
0.07844143736187414
0.07270682014168717
0.06735008920023622
0.06235842259380908
0.05771835566558481
0.05341589812451952
0.04943664690095673
0.0457658941537854
0.042388729918725665
0.03929013898903688
0.0364550917092652
0.033868628441021786
0.03151593752882664
0.029382426655160887
0.02745378752901939
0.02571605390243381
0.024155652955989093
0.022759450138144843
0.021514787584483552
0.020409516282334117
0.019432022183461295
0.018571246502377847
0.01781670047018391
0.017158474843060545
0.016587244490452346
0.016094268409829637
0.01567138553276637
0.015311006700331586
0.015006103194464049
0.014750192216106295
0.01453731970031269
0.014362040853680091
0.014219398790478621
0.014104901631176503
0.014014498410983123
0.013944554127263475
0.01389182423341806
0.013853428863818018
0.01382682704998528
0.013809791162904594
0.01380038179072296
0.013796923235288028
0.013797979785672876
0.013802332902141945
0.013808959420194333
0.013817010861855827
0.013825793920128504
0.01383475216278962
0.013843448983720807
0.01385155181343023
0.013858817585758687
0.013865079444724482
0.013870234664077219
0.013874233742449227
0.01387707062882404
0.013878774026328755
0.013879399717153906
0.013879023847386818
0.013877737107773513
0.013875639744760804
0.013872837335451305
0.013869437260261352
0.013865545808029123
0.013861265849876125
0.013856695020307064
0.013851924346632405
0.013847037270779183
0.01384210901082883
0.013837206213155429
0.013832386849587652
0.013827700317799896
0.013823187706828333
0.013818882193320614
0.013814809537734285
0.01381098865324304
0.013807432223440386
0.013804147348177476
0.013801136199850128
0.01379839667528282
0.013795923030950785
0.013793706491652569
0.013791735824941309
0.013789997875485516
0.013788478055355324
0.013787160787637975
0.01378602990217237
0.013785068983281357
0.01378426167030844
0.013783591912565285
0.013783044180896042
0.013782603638532898
0.01378225627430929
0.013781989001481976
0.013781789725596294
0.013781647384851659
0.01378155196643227
0.013781494502158487
0.01378146704671701
0.01378146264150093
0.013781475266952392
0.01378149978603449
0.013781531881226439
0.013781567987183774
0.013781605220984594
0.013781641311581772
0.0137816745299002
0.013781703620743269
0.013781727737466998
0.013781746380212123
0.013781759338232558
0.013781766636762338
0.013781768488658308
0.013781765250967637
0.01378175738641152
0.013781745429737868
0.013781729958731392
0.013781711569725519
0.013781690857266216
0.013781668397678026
0.013781644736160281
0.013781620377075421
0.013781595777062727
0.013781571340643395
0.013781547417944129
0.013781524304230408
0.013781502240927002
0.013781481417833086
0.013781461976276166
0.013781444012950561
0.013781427584235284
0.013781412710801355
0.01378139938234424
0.013781387562307512
0.01378137719248107
0.013781368197387955
0.01378136048839329
0.01378135396745872
0.013781348530555682
0.013781344070656343
0.013781340480354398
0.013781337654070303
0.013781335489885471
0.013781333891007441
0.013781332766892085
0.013781332034057958
0.013781331616623427
0.013781331446584333
0.013781331463889823
0.01378133161632178
0.01378133185924113
0.013781332155191506
0.01378133247343205
0.013781332789387424
0.013781333084060932
0.013781333343424351
0.013781333557795872
0.013781333721239242
0.013781333830967468
0.013781333886792702
0.01378133389060332
0.013781333845898747
0.013781333757350467
0.013781333630438652
0.013781333471117763
0.013781333285535546
0.013781333079811553
0.013781332859841622
0.013781332631157661
0.013781332398813961
0.013781332167321358
0.013781331940590724
0.013781331721924861
0.013781331514011064
0.013781331318942769
0.013781331138255637
0.013781330972964412
0.013781330823617544
0.013781330690351035
0.013781330572946615
0.013781330470891362
0.013781330383429435
0.013781330309620365
0.013781330248387125
0.013781330198566422
0.013781330158944338
0.013781330128292524
0.013781330105404166
0.013781330089113086
0.013781330078317056
0.013781330071991893
0.013781330069203901
0.01378133006911375
0.013781330070984477
0.013781330074176257
0.013781330078150078
0.013781330082457521
0.01378133008674165
0.01378133009072302
0.013781330094196353
0.013781330097021649
0.013781330099111977
0.013781330100429368
0.013781330100975153
0.013781330100783085
0.013781330099906897
0.013781330098421418
0.013781330096411026
0.01378133009396787
0.013781330091183208
0.013781330088151744
0.013781330084960186
0.013781330081689247
0.013781330078412535
0.013781330075193776
0.013781330072086928
0.013781330069136843
0.013781330066376274
0.013781330063832531
0.013781330061519825
0.013781330059448926
0.013781330057619612
0.013781330056029995
0.013781330054670082
0.01378133005352733
0.013781330052584972
0.013781330051826246
0.013781330051231389
0.013781330050780638
0.013781330050453011
0.01378133005023141
0.013781330050096074
0.013781330050030127
0.01378133005001636
0.01378133005004345
0.013781330050096074
0.013781330050167129
0.013781330050246066
0.01378133005032478
0.013781330050398721
0.013781330050463336
0.013781330050517071
0.013781330050556151
0.013781330050581242
0.013781330050591234
0.013781330050587015
0.013781330050570362
0.013781330050542717
0.01378133005050397
0.013781330050457563
0.013781330050405605
0.01378133005034854
0.013781330050289142
0.013781330050228191
0.013781330050168017
0.01378133005010962
0.013781330050053442
0.013781330050001261
0.01378133004995219
0.01378133004990767
0.013781330049867813
0.013781330049833174
0.013781330049803309
0.013781330049777107
0.013781330049755791
0.013781330049738028
0.013781330049723928
0.013781330049713714
0.01378133004970572
0.013781330049701168
0.013781330049696838
0.013781330049696172
0.013781330049694951
0.013781330049694951
0.013781330049695506
0.01378133004969706
0.013781330049699392
0.013781330049700391
0.013781330049702945
0.013781330049703944
0.013781330049706386
0.013781330049706608
0.013781330049707385
0.013781330049708385
0.013781330049707718
0.013781330049707718
0.013781330049706608
0.013781330049705609
0.013781330049704388
0.013781330049704277
0.01378133004970239
0.013781330049700835
0.01378133004970028
0.013781330049698504
0.013781330049696727
0.013781330049696283
0.013781330049694618
0.013781330049693619
0.013781330049692175
0.013781330049691731
0.013781330049691287
0.013781330049690177
0.013781330049689733
0.013781330049688623
0.013781330049688734
0.01378133004968951
0.013781330049689178
0.013781330049688734
0.013781330049689067
0.0137813300496884
0.01378133004968829
0.013781330049689178
0.013781330049687956
0.013781330049688845
0.013781330049688734
0.01378133004968829
0.0137813300496884
0.013781330049688734
0.013781330049688623
0.013781330049688179
0.013781330049688179
0.013781330049688179
0.013781330049688623
0.0137813300496884
0.013781330049688179
0.013781330049688734
0.0137813300496884
0.013781330049687845
0.0137813300496884
0.013781330049689178
0.01378133004968829
0.013781330049688734
0.013781330049687734
0.013781330049688623
0.013781330049687956
0.013781330049688734
0.013781330049687734
0.013781330049687512
0.0137813300496884
0.013781330049688179
0.013781330049687845
0.013781330049688623
0.013781330049688734
0.013781330049688845
0.013781330049689067
0.013781330049687845
0.013781330049687845
0.013781330049688734
0.013781330049689067
0.013781330049687512
0.013781330049688623
0.013781330049688179
0.01378133004968829
0.013781330049687845
0.013781330049687956
0.013781330049688179
0.013781330049688179
0.013781330049688179
0.0137813300496884
0.013781330049687845
0.013781330049687956
0.013781330049687845
0.013781330049688623
0.013781330049687845
0.013781330049688623
0.013781330049688623
0.013781330049687734
0.013781330049687956
0.013781330049688734
0.013781330049687845
0.013781330049687512
0.013781330049687401
0.013781330049687845
0.013781330049687956
0.0137813300496884
0.013781330049688179
0.013781330049687734
0.013781330049688179
0.0137813300496884
0.013781330049687845
0.013781330049688623
0.013781330049687956
0.013781330049688179
0.01378133004968829
0.0137813300496884
0.013781330049687734
0.01378133004968829
0.01378133004968829
0.013781330049688179
0.01378133004968829
0.013781330049687956
0.013781330049688734
0.013781330049687734
0.0137813300496884
0.013781330049687956
0.0137813300496884
0.013781330049687845
0.013781330049688179
0.01378133004968829
0.0137813300496884
0.013781330049688623
0.013781330049687512
0.013781330049687512
0.0137813300496884
0.013781330049688179
0.013781330049688179
0.013781330049688734
0.0137813300496884
0.01378133004968829
0.013781330049688179
0.0137813300496884
0.013781330049687401
0.013781330049687845
0.013781330049688179
0.013781330049687734
0.0137813300496884
0.013781330049687956
0.0137813300496884
0.013781330049687734
0.013781330049688623
0.013781330049687956
0.013781330049688179
0.013781330049687956
0.013781330049687845
0.013781330049688623
0.013781330049688179
0.01378133004968829
0.013781330049688623
0.013781330049687401
0.01378133004968829
0.013781330049688623
0.013781330049687512
0.013781330049687845
0.013781330049687734
0.013781330049688179
0.01378133004968829
0.013781330049688179
0.013781330049688179
0.013781330049687956
0.013781330049687734
0.0137813300496884
0.0137813300496884
0.01378133004968829
0.013781330049687956
0.013781330049687401
0.013781330049687956
0.013781330049687512
0.0137813300496884
0.013781330049688623
0.013781330049688623
0.013781330049688623
0.013781330049687956
0.013781330049687956
0.013781330049688179
0.013781330049687956
0.013781330049688734
0.0137813300496884
0.013781330049687956
0.013781330049688845
0.0137813300496884
0.013781330049687512
0.013781330049688179
0.01378133004968829
0.013781330049687845
0.013781330049688179
0.01378133004968829
0.01378133004968829
0.013781330049687845
0.0137813300496884
0.013781330049688845
0.013781330049688179
0.01378133004968829
0.013781330049688623
0.013781330049689067
0.013781330049688623
0.013781330049687956
0.013781330049687845
0.013781330049687512
0.013781330049687734
0.013781330049687845
0.01378133004968829
0.013781330049688845
0.013781330049688179
0.013781330049687845
0.013781330049687845
0.013781330049687401
0.0137813300496884
0.013781330049687845
0.013781330049688179
0.01378133004968829
0.013781330049687734
0.013781330049688179
0.01378133004968829
0.013781330049687734
0.013781330049687845
