0.8170204495124814
0.1465778964179042
0.1428565985975531
0.13930604313620965
0.13596587656105813
0.13287482787607718
0.13005253971383976
0.12750714963622106
0.12523946113899315
0.12324510759381928
0.12151576493943939
0.12003990065572456
0.11880328884277301
0.11778940934177162
0.11697979835803334
0.11635439317931491
0.11589189876498769
0.11557019245304745
0.11536677232500347
0.11525924457794527
0.11522583613293393
0.11524591128509241
0.11530046589071803
0.11537256970319083
0.11544772742099683
0.11551413231575856
0.11556279331113568
0.11558752680672334
0.11558481715241503
0.11555356236013964
0.11549473192944071
0.11541096955973525
0.11530617416542195
0.11518508851359922
0.11505291756558507
0.11491499028637975
0.1147764711742556
0.11464212231635003
0.11451611386931426
0.11440188025119097
0.11430202025224345
0.11421824072079677
0.11415134447452403
0.1141012629172196
0.11406713223136887
0.11404740917798922
0.11404001907761675
0.11404252528850091
0.11405230723066721
0.11406673328379872
0.11408331591305314
0.11409983897485725
0.11411445084259307
0.11412572110648524
0.1141326624467774
0.11413472226999544
0.11413175047652906
0.11412395022299852
0.11411181796311154
0.11409607780592912
0.11407761380723268
0.11405740263557824
0.11403644839177778
0.11401572125684996
0.11399610194819777
0.11397833439612819
0.11396298929835387
0.11395044101723491
0.11394085953650339
0.11393421794069562
0.11393031432264833
0.11392880546006763
0.11392924834671449
0.11393114496886185
0.11393398570972624
0.11393728741840388
0.1139406233325428
0.11394364344254698
0.11394608525249816
0.11394777599410581
0.1139486280405982
0.11394862951484992
0.11394783195964857
0.11394633657532231
0.11394428009005775
0.11394182094656634
0.11393912624552593
0.11393635979504524
0.11393367163295821
0.11393118943954413
0.11392901226554382
0.11392720691294977
0.11392580711366539
0.11392481538455024
0.11392420715543526
0.11392393653552964
0.11392394295548657
0.11392415792067712
0.11392451122589657
0.11392493617508524
0.11392537356983438
0.11392577442747183
0.11392610152884852
0.11392632996559109
0.11392644686651561
0.1139264504577216
0.11392634857925994
0.11392615676543501
0.1139258960050813
0.11392559032755761
0.11392526439433844
0.11392494129611919
0.11392464074659259
0.11392437782117489
0.11392416231781961
0.11392399873232396
0.11392388676082121
0.11392382218411089
0.11392379796211749
0.11392380537326406
0.11392383506591879
0.11392387793530256
0.11392392578631994
0.11392397178056372
0.11392401068911666
0.11392403898210274
0.11392405478544819
0.11392405773083869
0.11392404872135624
0.11392402963522809
0.11392400299322596
0.11392397161911672
0.11392393832418418
0.11392390564401522
0.1139238756479992
0.11392384983073339
0.11392382908238226
0.11392381372489535
0.11392380359490774
0.1139237981528312
0.11392379660034314
0.11392379799344837
0.11392380134354825
0.11392380570297805
0.11392381023361635
0.11392381425770638
0.1139238172898156
0.11392381904889026
0.11392381945026869
0.1139238185793829
0.11392381665121461
0.11392381396161276
0.1139238108375862
0.11392380759328276
0.11392380449663762
0.11392380174913236
0.11392379947845736
0.1139237977417938
0.11392379653630501
0.11392379581332705
0.11392379549339753
0.11392379548026053
0.11392379567292443
0.11392379597547975
0.11392379630464707
0.11392379659503071
0.11392379680199827
0.11392379690212394
0.11392379689132097
0.11392379678107582
0.11392379659348627
0.1139237963559704
0.11392379609647967
0.11392379583983249
0.1139237956054452
0.11392379540640818
0.11392379524961131
0.11392379513652946
0.11392379506431821
0.11392379502698431
0.1139237950165292
0.11392379502403631
0.11392379504069927
0.11392379505874896
0.11392379507219685
0.11392379507729467
0.11392379507263527
0.11392379505888767
0.11392379503824057
0.11392379501369192
0.11392379498834554
0.11392379496485343
0.11392379494508188
0.11392379493000933
0.11392379491980976
0.11392379491404121
0.11392379491186773
0.11392379491225775
0.11392379491414188
0.11392379491652808
