1.3543409837974658
1.3475785998130745
1.3398966159670458
1.3311428346200083
1.3214651401076374
1.3108699418190577
1.2994634789407977
1.2871610729369156
1.2741812917330335
1.2604138663793436
1.2459534401245809
1.2308885837753647
1.2152433597513848
1.19903127476518
1.1821070926573094
1.1646288768447541
1.1465826328215503
1.128032399559558
1.1090462123011
1.089628293365137
1.0697977186978618
1.0496745870048376
1.0293534811695857
1.0088963293725288
0.9882555249847599
0.9674466095085219
0.9466146115251658
0.9253997098885818
0.9041417417889982
0.8828938996092961
0.8617032810428606
0.8406010399880713
0.8195555560307175
0.7984913529889854
0.7774509003786276
0.7565383570021376
0.7359125892993229
0.7154443021451181
0.6953765434743208
0.6755315125734356
0.6560191892280921
0.6367673073270332
0.6181131322615185
0.5998969919418049
0.5822986714192941
0.5655011053049968
0.5490744499327114
0.533045939207031
0.5179144644378763
0.503316669807721
0.4894393716848564
0.4758134010915759
0.4628096761285951
0.45035368223062455
0.43845239742615977
0.42595299959361504
0.4142171124448346
0.40265415127522997
0.3915884855809217
0.3811157242703432
0.3710071476356809
0.36137190167591193
0.35186363081800764
0.3424674899737918
0.33243997931816033
0.3228650027823388
0.3130481631399706
0.3039655551821207
0.29551005347824016
0.28730598727494483
0.27896555504754794
0.271034296680364
0.26359430470431644
0.25700184550596405
0.25094569687187035
0.24576834896022604
0.2395535289818713
0.2338163655888957
0.2288851898667906
0.22385270330115226
0.21970884030679988
0.21618635243442058
0.21322080652212358
0.21119041158402121
0.20969127304908636
0.2075729089913021
0.2060279092313051
0.2043151250116182
0.20166849035576442
0.1992913917045512
0.19763898500188282
0.19651470929590967
0.19477724565667937
0.1936445751916012
0.19278589069401914
0.19240779956422235
0.19162725102288794
0.190115466835765
0.18940991274471788
0.1885280771259683
0.18776617804061901
0.1871474193421755
0.18679088691747905
0.18622895988891672
0.18594957735908063
0.18589577353807166
0.18638245165740044
0.18656040681361397
0.1876733237315893
0.18722981249864493
0.1872885035510846
0.1873689065123225
0.18689292010559816
0.18728050908637042
0.18738389384864262
0.18663438742963415
0.18660353352450726
0.18698569700880693
0.18700146560375824
0.18662797796209352
0.18668571705811998
0.18625099040628187
0.18624999559160169
0.18649042985465894
0.1869239830698859
0.18643279962162482
0.1862014819915047
0.1867935922660164
0.1880028455081208
0.18783258129901065
0.1878725003765866
0.18631302298424005
0.18534428804141842
0.18542949019411348
0.1858249247392337
0.18585678759745797
0.18531186183016854
0.18543827840831867
0.18558048528382112
0.18571471107340382
0.1858686387054448
0.18649938459573306
0.1866158106652243
0.18706887388512147
0.18699158740044994
0.18588294060157015
0.18560008047270365
0.1861259417167254
0.18591842567213945
0.1861683096497466
0.1863466399246165
0.18620029638985675
0.18581007425592508
0.18593061147727757
0.18598989042385516
0.18643233424781505
0.18702554557066542
0.18769437786005744
0.18737064037063397
0.18756411376769858
0.1877066881908086
0.18757512095573875
0.18768044057272382
0.1876351297795571
0.18768823626592143
0.18753290202838718
0.1873671127402502
0.18770035651399336
0.18762088454100037
0.18760020102178718
0.1883142492349045
0.18919253944760672
0.1890451404801518
0.18876807216211508
0.18865128841777734
0.1887298222934351
0.18925851533016966
0.19029594366765876
0.19157918804804486
0.19215764409313094
0.19194496402948316
0.19007047329356486
0.18928214579092456
0.18954175270049056
0.1894497029045801
0.18936471211269157
0.18951627350759828
0.19018872076974647
0.190223683778581
0.19042630844438452
0.19018291495397385
0.19065085657553196
0.19149341693597105
0.19163664207182554
0.19259644569190928
0.19292912414969537
0.19227371864964513
0.1923293695067845
0.19282227571883004
0.19361013829122994
