0.9039086631243962
0.8358724927096356
0.8301394916735425
0.8236402800415363
0.8167372920217061
0.8095682560450708
0.8022027635156699
0.7946824123718725
0.7870351875297849
0.7792816721926168
0.7714380768101979
0.7635178476503712
0.7555325780627148
0.7474925515726758
0.7394070756324718
0.7312846851950044
0.7231332601636419
0.7149600883440314
0.7067719003959354
0.6985748974515373
0.6903747851449701
0.6821768216896097
0.6739858828092438
0.6658065421771208
0.6576431622508163
0.6494999874302027
0.6413812300532287
0.6332911403717818
0.6252340541824588
0.617214415457035
0.6092367750563901
0.6013057694997096
0.5934260853344105
0.5856024149459937
0.5778394090253631
0.5701416298378637
0.5625135083034225
0.5549593069421055
0.5474830900589177
0.5400887021220815
0.5327797550512751
0.5255596249653176
0.5184314587230592
0.5113981902173975
0.5044625657720199
0.4976271771205643
0.49089449937597796
0.4842669302768248
0.4777468260650696
0.4713365288828887
0.46503838081005217
0.4588547207054173
0.45278786178628316
0.4468400501149296
0.4410134064873145
0.43530985625387636
0.4297310530569977
0.42427830319440096
0.4189524972981538
0.4137540553358713
0.40868288972441785
0.40373838974542386
0.3989194286211463
0.3942243927095964
0.3896512304767953
0.38519751736720664
0.38086053156806876
0.3766373350568081
0.37252485428164056
0.3685199553340712
0.36461950944157334
0.36082044589878814
0.3571197909936492
0.353514692893206
0.3500024336762479
0.34658043062215116
0.3432462294277694
0.3399974922209063
0.3368319831094146
0.3337475536192345
0.33074212981782325
0.327813702278826
0.32496031940022957
0.3221800840102252
0.31947115273575083
0.3168317373032998
0.3142601068050836
0.31175458998980093
0.3093135767995472
0.3069355186299991
0.304618927087939
0.3023623713060764
0.3001644741061702
0.298023907448701
0.29593938765982286
0.2939096708900859
0.29193354915393477
0.2900098471517492
0.28813741991724506
0.2863151511900932
0.2845419523082011
0.28281676135940703
0.28113854233190144
0.27950628405098427
0.2779189987735713
0.27637572041316527
0.2748755024672333
0.27341741579855866
0.27200054646946814
0.27062399383696545
0.2692868690888469
0.26798829434328486
0.26672740235882314
0.26550333682190413
0.2643152531080372
0.2631623193610251
0.2620437177086994
0.26095864543508174
0.25990631595488245
0.25888595948021226
0.25789682332249075
0.2569381718254865
0.2560092859700596
0.2551094627218148
0.2542380142070412
0.25339426680074534
0.25257756019668376
0.251787246508183
0.25102268942570544
0.25028326343757473
0.2495683531074181
0.24887735239721837
0.2482096640278858
0.247564698877791
0.24694187543057966
0.24634061929339687
0.24576036281251903
0.2452005448134878
0.24466061048679202
0.24414001142890562
0.2436382058341176
0.24315465881772416
0.24268884283846648
0.2422402381797068
0.24180833344602107
0.24139262603479253
0.24099262255017034
0.24060783913776446
0.24023780173059586
0.23988204620808912
0.23954011847859538
0.23921157450109629
0.238895980263162
0.238592911730428
0.23830195477890723
0.23802270511663481
0.23775476819677488
0.23749775912129797
0.2372513025332139
0.23701503249603156
0.2367885923611781
0.23657163462675446
0.23636382079338794
0.2361648212243433
0.23597431501701896
0.23579198989141809
0.23561754209841265
0.23545067634719097
0.23529110574786097
0.2351385517624664
0.2349927441561387
0.23485342094000497
0.23472032829873563
0.23459322049791062
0.23447185976923088
0.23435601617441662
0.23424546745092747
0.23413999884406833
0.23403940293046988
0.23394347943744867
0.2338520350616089
0.2337648832886183
0.23368184421473692
0.2336027443696933
0.233527416540068
0.2334556995924618
0.23338743829626982
0.23332248314665302
0.2332606901890214
0.23320192084681426
0.23314604175445033
0.2330929245969757
0.2330424459572614
0.2329944871707362
0.23294893418679294
0.23290567743534918
0.23286461169672246
0.232825635973026
0.23278865335969248
0.23275357091634813
