1.121481640984064
0.9100697340179081
0.8985673949362093
0.8870101543878611
0.8754165807506348
0.8637994187235863
0.8521674026361756
0.8405271499296196
0.8288841220866642
0.8172431174507349
0.8056085385278277
0.7939845448777129
0.7823751443648241
0.7707842493008035
0.7592157115804677
0.7476733446916249
0.7361609372035617
0.7246822605347946
0.7132410727666088
0.7018411196549571
0.6904861336172616
0.6791798312336629
0.667925909649056
0.6567280421607089
0.6455898732074017
0.6345150129282336
0.6235070314252632
0.6125694528393764
0.6017057493302805
0.5909193350372867
0.5802135600863064
0.5695917046993474
0.5590569734551875
0.5486124897433614
0.5382612904479098
0.5280063208922527
0.5178504300719579
0.5077963661979684
0.4978467725689992
0.48800418378819105
0.4782710223357984
0.46864959550654617
0.4591420927173991
0.4497505831887832
0.4404770139997736
0.4313232085154522
0.4222908651824861
0.4133815566870089
0.4045967294671007
0.39593770357053076
0.3874056728469845
0.3790017054626857
0.37072674472420514
0.36258161019726104
0.3545669991054801
0.34668348799341225
0.33893153463752945
0.3313114801885348
0.32382355152800457
0.3164678638222248
0.30924442325601187
0.30215312992936755
0.29519378089994036
0.2883660733545183
0.28166960789307566
0.27510389190929907
0.2686683430519647
0.2623622927520584
0.25618498980110177
0.2501356039667526
0.24421322963240133
0.23841688944816952
0.23274553798141218
0.22719806535555442
0.221773300866825
0.21647001656918455
0.21128693081849134
0.2062227117676799
0.20127598080545558
0.1964453159317213
0.1917292550636518
0.18712629926700786
0.182634915907939
0.17825354172115274
0.17398058579093467
0.16981443244207672
0.16575344403831863
0.16179596368641988
0.15794031784446635
0.1541848188334639
0.15052776725169364
0.1469674542916898
0.14350216396006027
0.14013017520069238
0.13684976392218717
0.1336592049306269
0.13055677376902564
0.12754074846501837
0.12460941118853607
0.12176104982137222
0.11899395944068669
0.11630644371861036
0.11369681624020993
0.11116340174215027
0.10870453727445428
0.10631857328780109
0.10400387464883705
0.10175882158598769
0.09958181056826303
0.0974712551195443
0.09542558657081986
0.09344325475281641
0.09152272863143607
0.08966249688837324
0.08786106844923676
0.08611697296145687
0.084428761224199
0.08279500557245263
0.08121430021740077
0.07968526154511706
0.07820652837557106
0.07677676218386272
0.07539464728553724
0.07405889098777342
0.07276822370816863
0.07152139906278483
0.07031719392505442
0.06915440845708502
0.06803186611484179
0.06694841362862657
0.06590292096021762
0.06489428123797723
0.06392141067118094
0.06298324844477131
0.06207875659568859
0.061206919871882946
0.06036674557506639
0.05955726338821923
0.05877752518882178
0.05802660484874398
0.0573035980216832
0.05660762191900668
0.05593781507481715
0.055293337101027074
0.05467336843319428
0.05407711006784022
0.05350378329194335
0.052952629405270034
0.05242290943617974
0.05191390385151421
0.05142491226115568
0.05095525311781476
0.050504263412586424
0.05007129836678929
0.04965573112058341
0.04925695241883953
0.04887437029471509
0.048507409751371
0.04815551244224731
0.047818136350294776
0.0474947554665455
0.047184859468386665
0.046887953397885845
0.04660355734050125
0.04633120610449359
0.0460704489013433
0.04582084902745908
0.04558198354745402
0.04535344297924717
0.04513483098123886
0.04492576404179183
0.04472587117123983
0.044534793596631504
0.044352184459405475
0.04417770851618081
0.04401104184283552
0.04385187154203427
0.04369989545435541
0.043554821873156895
0.04341636926331022
0.04328426598392099
0.043158250015145304
0.04303806868920149
0.042923478425666316
0.042814244471137984
0.04271014064333704
0.042610949079709116
0.042516459990585155
0.04242647141694652
0.04234078899283452
0.042259225712437315
0.042181601701878735
0.04210774399572833
0.04203748631824369
0.04197066886935108
0.041907138115363764
0.041846746584431986
0.04178935266671219
0.04173482041923942
0.041683019375480336
0.04163382435954016
0.041587115304992726
0.0415427770782979
0.041500699306767586
0.04146077621103625
0.04142290644199052
0.04138699292210722
0.04135294269114745
0.04132066675615028
0.04129007994566904
0.04126110076818792
0.041233651274657605
0.04120765692508331
0.04118304645910065
0.041159751770468586
0.04113770778541214
0.041116852344742126
0.041097126089680476
0.04107847235131849
0.04106083704363315
0.04104416855998839
0.04102841767304536
0.04101353743800674
0.04099948309911979
0.04098621199936205
0.040973683493234866
0.040961858862587915
0.04095070123540134
0.040940175507448454
0.040930248266766535
0.040920887720859826
0.04091206362656299
0.04090374722249073
0.04089591116400303
0.04088852946061322
0.04088157741576999
0.040875031568943
0.04086886963994341
0.0408630704754129
0.04085761399741369
0.04085248115405488
0.04084765387209069
0.04084311501142756
0.040838848321478355
0.04083483839930318
0.040831070649477226
0.04082753124562747
0.0408242070935815
0.040821085796073
0.04081815561894921
0.04081540545882759
0.04081282481214998
0.04081040374558356
0.04080813286771986
0.04080600330202344
0.040804006660984
0.0408021350214268
0.04080038090093655
0.04079873723535269
0.04079719735729449
0.040795754975674954
0.04079440415616528
0.04079313930257104
0.04079195513908421
0.04079084669337491
0.04078980928048815
0.04078883848751321
0.04078793015899229
0.04078708038303808
0.040786285478129715
0.04078554198055827
0.04078484663249377
0.040784196370646224
0.04078358831549523
0.04078301976106278
0.0407824881652045
0.04078199114039711
0.040781526444998384
0.04078109197495918
0.04078068575596579
0.04078030593599359
0.04077995077825183
0.04077961865450201
0.040779308038731706
0.04077901750116688
0.04077874570260664
0.040778491389064746
0.04077825338670274
0.040778030597040764
0.040777821992431955
0.04077762661178765
0.040777443556540456
0.04077727198683376
0.040777111117925445
0.040776960216795555
0.04077681859894714
0.04077668562539018
0.040776560699799076
0.0407764432658349
0.040776332804623366
0.04077622883238044
0.04077613089817759
0.040776038581839265
0.040775951491965445
0.04077586926407233
0.04077579155884488
0.040775718060494966
0.040775648475219015
0.04077558252975019
0.040775519969999355
0.040775460559779625
0.040775404079610535
0.04077535032559626
0.040775299108374706
0.04077525025213231
0.04077520359368163
0.04077515898159742
0.0407751162754081
0.04077507534483935
0.04077503606910647
0.040774998336252644
0.040774962042530775
0.040774927091825584
0.04077489339511401
0.04077486086996148
0.04077482944005154
0.04077479903474734
0.040774769588682175
0.040774741041378515
0.04077471333689198
0.04077468642348077
0.04077466025329673
0.04077463478209877
0.04077460996898522
0.04077458577614583
0.040774562168630485
0.04077453911413445
0.040774516582798924
0.04077449454702575
0.04077447298130523
0.0407744518620567
0.040774431167480224
0.04077441087741944
0.0407743909732341
0.040774371437682345
0.04077435225481113
0.040774333409855555
0.04077431488914491
0.040774296680016274
0.04077427877073447
0.040774261150418024
0.04077424380897091
0.04077422673701952
0.04077420992585399
0.040774193367375054
0.04077417705404401
0.04077416097883719
0.040774145135203874
0.04077412951702747
0.040774114118589784
0.040774098934538205
0.04077408395985548
0.04077406918983181
0.04077405462003957
0.04077404024630951
0.040774026064709604
0.0407740120715249
0.040773998263239734
0.0407739846365209
0.04077397118820247
0.04077395791527181
0.04077394481485694
0.04077393188421477
0.0407739191207203
0.04077390652185703
0.04077389408520797
0.040773881808447404
0.04077386968933359
0.04077385772570188
0.04077384591545847
0.040773834256574965
0.04077382274708297
0.040773811385069685
0.04077380016867339
0.04077378909607973
0.04077377816551811
0.0407737673752586
0.04077375672360891
0.04077374620891183
0.04077373582954271
0.04077372558390749
0.04077371547044054
0.04077370548760299
0.04077369563388104
0.040773685907784525
0.04077367630784559
0.04077366683261752
0.040773657480673596
0.04077364825060604
0.04077363914102546
0.04077363015055958
0.040773621277852806
0.04077361252156554
0.04077360388037355
0.04077359535296734
0.04077358693805179
0.04077357863434587
0.04077357044058171
0.04077356235550483
0.04077355437787346
0.04077354650645836
0.040773538740042546
0.04077353107742104
0.04077352351740051
0.04077351605879943
0.040773508700447374
0.04077350144118537
0.04077349427986528
0.040773487215350034
0.040773480246513255
0.04077347337223916
0.04077346659142261
0.04077345990296873
0.04077345330579316
0.040773446798821535
0.04077344038098977
0.04077343405124379
0.04077342780853944
0.04077342165184247
0.04077341558012842
0.040773409592382646
0.04077340368760008
0.04077339786478524
0.04077339212295224
0.040773386461124626
0.04077338087833534
0.04077337537362669
0.04077336994605026
0.040773364594666864
0.040773359318546455
0.04077335411676807
0.04077334898841986
0.0407733439325989
0.040773338948411224
0.04077333403497172
0.040773329191404147
0.04077332441684098
0.04077331971042335
0.04077331507130113
0.0407733104986327
0.040773305991585095
0.04077330154933368
0.04077329717106238
0.04077329285596326
0.04077328860323709
0.040773284412092506
0.04077328028174652
0.04077327621142427
0.04077327220035899
0.04077326824779192
0.04077326435297227
0.04077326051515721
0.04077325673361168
0.04077325300760857
0.040773249336428334
0.04077324571935933
0.04077324215569738
0.04077323864474594
0.04077323518581608
0.040773231778226185
0.04077322842130211
0.04077322511437723
0.04077322185679192
0.04077321864789404
0.04077321548703853
0.04077321237358749
0.040773209306910065
0.040773206286382535
0.04077320331138803
0.04077320038131658
0.040773197495565135
0.040773194653537466
0.04077319185464401
0.040773189098301944
0.040773186383935046
0.040773183710973736
0.040773181078854887
0.04077317848702188
0.04077317593492447
0.04077317342201885
0.040773170947767466
0.04077316851163901
0.04077316611310837
0.040773163751656655
0.040773161426770954
0.04077315913794444
0.040773156884676316
0.04077315466647168
0.04077315248284146
0.04077315033330252
