1.4446371450711137
0.08057628978722235
0.07537132341994673
0.06903446592889138
0.062491524056055736
0.05605791587446893
0.04988114100488991
0.04404042282551857
0.03858060498667788
0.033526516114983806
0.028890015559913797
0.024673852217502554
0.020873979138010857
0.01748105695731246
0.014481503684368019
0.011858278729745403
0.009591506899028627
0.007659005775033073
0.006036756538744183
0.00469934402034192
0.0036203819170815585
0.002772931490148229
0.002129915799993641
0.001664526458914833
0.001350616045269832
0.0011630668644573023
0.0010781257247449597
0.0010736947753718607
0.0011295700564689785
0.0012276219415661776
0.001351914726991292
0.001488765804818898
0.0016267477294662064
0.0017566387182642608
0.0018713285191643131
0.0019656871093574287
0.002036403493843337
0.0020818012078222714
0.0021016362966589266
0.002096882834425452
0.0020695106441688082
0.0020222598754281837
0.001958417422897414
0.001881600671270565
0.0017955544956388464
0.0017039675933999369
0.0016103138769472086
0.0015177237132205166
0.0014288882731080881
0.0013459982885443914
0.0012707163419243626
0.0012041797149529986
0.0011470290792842286
0.001099457135659541
0.0010612708183222817
0.0010319608772098345
0.0010107734226568975
0.0009967791761896908
0.0009889374876992903
0.0009861534321073439
0.000987327313379392
0.0009913965811714177
0.0009973704909782292
0.0010043578738019008
0.0010115882394615475
0.001018426251352882
0.001024379498084785
0.0010290995264198735
0.0010323763125819044
0.00103412670251285
0.0010343777715604914
0.0010332464460993047
0.001030917004543012
0.0010276181704939177
0.001023601403817839
0.0010191217065798988
0.0010144218458572197
0.0010097204307231195
0.0010052038444744208
0.0010010216887618342
0.0009972851802334851
0.0009940678581318505
0.0009914079908893826
0.0009893121707753195
0.0009877597118028375
0.0009867075772541417
0.0009860956339874725
0.000985852054328185
0.0009858986728738886
0.0009861560760700734
0.0009865481811371327
0.0009870060674021805
0.000987470866790732
0.0009878955985948834
0.0009882459336902783
0.0009884999761162053
0.0009886472359224643
0.0009886870217030053
0.000988626497646489
0.0009884786305577548
0.00098826020680495
0.0009879900412365162
0.000987687443581832
0.0009873709631884415
0.0009870574052776905
0.0009867611007251809
0.000986493411845562
0.0009862624618886837
0.0009860730794642046
0.0009859269467994201
0.0009858229317741447
0.000985757570294696
0.0009857256518851845
0.0009857208518290956
0.0009857363510280953
0.0009857653910636012
0.0009858017255076912
0.0009858399462923848
0.0009858756820684998
0.0009859056804757923
0.0009859277958374126
0.0009859409073855626
0.000985944791668851
0.0009859399682523558
0.0009859275324308177
0.0009859089842459065
0.0009858860605707499
0.0009858605763690634
0.000985834281682314
0.000985808741355455
0.0009857852440349974
0.0009857647450875868
0.0009857478449326114
0.0009857348004925187
0.0009857255639240219
0.0009857198403128693
0.0009857171550851172
0.0009857169225477977
0.0009857185088523103
0.0009857212851488125
0.0009857246691120424
0.0009857281548639916
0.0009857313323739906
0.0009857338977405238
0.0009857356556134064
0.0009857365147362461
0.0009857364774458657
0.0009857356240896584
0.0009857340936702097
0.000985732062443015
0.0009857297224774876
0.0009857272621896533
0.0009857248505128692
0.000985722625756866
0.000985720689458071
0.0009857191048267117
0.0009857178988936187
0.0009857170672244843
0.0009857165800958904
0.0009857163892297905
0.0009857164344624762
0.0009857166499706075
0.0009857169698420732
0.000985717332844639
0.0009857176862517875
0.0009857179885756177
0.0009857182110831466
0.0009857183380514467
0.0009857183658410654
0.0009857183010038063
0.0009857181577505396
0.000985717955154863
0.0009857177144490688
0.0009857174566876108
0.000985717200940539
0.0009857169630645517
0.0009857167550117343
0.0009857165845868195
0.0009857164555525592
0.0009857163679961338
0.000985716318889801
0.000985716302793499
0.0009857163126491084
0.0009857163406084063
0.0009857163788258782
0.0009857164201469454
0.0009857164586299044
0.000985716489865227
0.000985716511085045
0.000985716521087061
0.0009857165200190883
0.0009857165090805602
0.0009857164901940951
0.00098571646568833
0.000985716438018358
0.000985716409534679
0.0009857163823044541
0.00098571635798352
0.000985716337738327
0.0009857163222170165
