0.9941641479495038
0.9941245451895261
0.9939043897901702
0.9936745356878735
0.993436837276322
0.9931853022609634
0.9929249981635174
0.9926500363395682
0.9923639807469513
0.9920650644957864
0.991749827711784
0.9914225708251385
0.991082797708698
0.9907292416206519
0.9903646266012542
0.98998296786108
0.9895724047079418
0.9891446777467395
0.9887068121253108
0.988255407023512
0.987783721520308
0.9873011021374862
0.9867905347043029
0.9862625033097133
0.9857324206997856
0.9851958731800627
0.98464149964955
0.9840643059409535
0.9834659545807739
0.9828525767656418
0.9822263932160706
0.9815569523358776
0.9808640832284334
0.9801594455483884
0.9794362430220231
0.9787012083160389
0.977956552352745
0.9772087754032416
0.9764344106301412
0.9756405239077556
0.9748549324087387
0.9740575013736805
0.973238781232278
0.9724267728404292
0.9715698468218112
0.9706565372927899
0.9697207189340915
0.9687726904454718
0.967798554094984
0.9668058406748833
0.9657850184383092
0.9647597972200739
0.963683561775565
0.9625954905455671
0.9615120478891408
0.9603635577392076
0.9591774494775841
0.9579345521320406
0.9567029383998781
0.9554922612449431
0.9543069326998549
0.953141504639226
0.9519409885349348
0.9507005932123528
0.9494853054510222
0.948297296800798
0.9471275145816924
0.9459262288147865
0.9447640089257372
0.9435981286994362
0.9424702901471876
0.9413518510726387
0.9402618532836432
0.9392242479287508
0.9382320861432426
0.9373015721203436
0.9361989308095691
0.935149910817677
0.9341359211991949
0.9330305179396324
0.9319205009016175
0.9308164537782012
0.9296401332000656
0.928512285222986
0.9274386053332437
0.9263441103462896
0.9252414781632305
0.9241992497829737
0.9231968503853331
0.9221765417286497
0.9212245979675168
0.9202135951836212
0.9192577028987529
0.9183938133948706
0.9176121769792656
0.9168955204437624
0.9161745757807784
0.9154990669512835
0.9148790767071986
0.9142933736675658
0.9137470025459185
0.9132424282469586
0.9127245093646194
0.9120400389767881
0.9114999399398973
0.9109827556583374
0.910517447493873
0.9101594178083592
0.9098611593183332
0.9095933019270342
0.9093622114055492
0.909095656724179
0.9086791509016942
0.9083286434668963
0.9079146483347249
0.9075761688804643
0.9073557103403389
0.9071565258190734
0.9070999041062464
0.9071390446777885
0.9072959307885881
0.9074635094265706
0.9074219711295043
0.9073176696582816
0.9072762630748025
0.9073307490694774
0.9073065074700313
0.9073334925720683
0.9074291510315833
0.9074433561895591
0.9074486880903408
0.9074533838552599
0.9074950914199803
0.9073836931800314
0.9071049021883804
0.9068966347962469
0.9067689160153671
0.9066498812201328
0.9066582734957945
0.9067169197470999
0.9068656456257598
0.907022115969096
0.9071024300582351
0.9071072519120711
0.9070317707701105
0.9067466485827317
0.9066346780814692
0.9066316209754957
0.9067494885058526
0.9068919848325943
0.9070339080860332
0.907198651497037
0.9074343330607307
0.907524893378753
0.9075780107190788
0.9075142463773007
0.9076190748430399
0.9071495829989421
0.9068068640131116
0.9066744558009208
0.9066881064561892
0.9066163939932432
0.9066315860813033
0.906728314822642
0.9067830461720837
0.9069384971540057
0.9071043451586449
0.9071093445789373
0.9070209351274343
0.906977249924627
0.9069394897354568
0.9069966707763784
0.9070309957802906
0.9069613245921967
0.9069790051012382
0.9070663780401577
0.9071190137895154
0.9072020157810433
0.9070936715281409
0.9069985844810579
0.9068908038124329
0.9068421560238824
0.9068344605865831
0.9068047247097817
0.9068384441300053
0.9067680129457385
0.9067542258159655
0.9067214695600563
0.9066532297220625
0.9066495420223907
0.9067013330898632
0.9067140707674216
0.9066929045561269
0.9066997562010493
0.9068231367542824
0.9067392731877981
0.9067207638489119
0.9067213683814862
0.9068040032806215
0.9069064459114312
