0.8047088454223189
0.7408845399739429
0.7398517167506486
0.7388142894962144
0.7377730802785416
0.736728550794937
0.7356809537411827
0.7346304331478373
0.733577073079495
0.7325209223562843
0.7314620079908842
0.730400342963699
0.7293359309700012
0.7282687694537155
0.7271988516232658
0.7261261678365147
0.7250507065798963
0.7239724551777862
0.7228914003171514
0.7218075284422603
0.7207208260557034
0.7196312799503115
0.7185388773890355
0.7174436062448774
0.7163454551096324
0.7152444133778969
0.7141404713112025
0.7130336200859997
0.7119238518283928
0.7108111596379318
0.7096955376023173
0.7085769808045348
0.7074554853236781
0.7063310482305198
0.705203667578715
0.704073342392408
0.7029400726508911
0.701803859270884
0.7006647040869218
0.6995226098302749
0.6983775801067683
0.6972296193738214
0.6960787329169795
0.6949249268261775
0.6937682079719367
0.6926085839816689
0.6914460632162314
0.6902806547468598
0.689112368332573
0.687941214398138
0.6867672040126576
0.6855903488688302
0.6844106612629222
0.6832281540754763
0.6820428407527757
0.680854735289068
0.6796638522095546
0.6784702065541346
0.6772738138618957
0.6760746901563395
0.6748728519313147
0.6736683161376458
0.6724611001704266
0.6712512218569581
0.670038699445299
0.6688235515934055
0.6676057973588314
0.6663854561889566
0.6651625479117214
0.663937092726834
0.6627091111974261
0.6614786242421296
0.6602456531275458
0.6590102194610856
0.6577723451841524
0.6565320525656477
0.655289364195772
0.6540443029801073
0.6527968921339515
0.6515471551768897
0.6502951159275876
0.6490407984987796
0.647784227292449
0.6465254269951661
0.6452644225735928
0.6440012392701131
0.6427359025986052
0.6414684383403164
0.64019887253985
0.6389272315012422
0.6376535417841194
0.6363778301999372
0.6351001238082781
0.6338204499132107
0.6325388360596957
0.631255310030042
0.6299698998403915
0.6286826337372449
0.6273935401940041
0.6261026479075449
0.6248099857947991
0.6235155829893544
0.6222194688380589
0.6209216728976359
0.6196222249312942
0.618321154905346
0.6170184929858133
0.6157142695350335
0.6144085151082566
0.6131012604502295
0.6117925364917745
0.6104823743463492
0.6091708053065952
0.6078578608408678
0.6065435725897552
0.605227972362576
0.6039110921338542
0.6025929640397862
0.6012736203746789
0.5999530935873709
0.5986314162776336
0.5973086211925547
0.5959847412228934
0.5946598093994249
0.5933338588892552
0.5920069229921212
0.5906790351366689
0.5893502288767094
0.5880205378874583
0.5866899959617515
0.5853586370062458
0.5840264950375973
0.5826936041786235
0.5813599986544482
0.5800257127886241
0.5786907809992452
0.5773552377950388
0.5760191177714415
0.5746824556066652
0.5733452860577417
0.5720076439565607
0.5706695642058881
0.5693310817753796
0.5679922316975781
0.566653049063899
0.5653135690206139
0.563973826764816
0.5626338575403826
0.561293696633931
0.5599533793707647
0.5586129411108183
0.5572724172445915
0.5559318431890903
0.5545912543837492
0.5532506862863713
0.5519101743690493
0.5505697541140993
0.5492294610099859
0.5478893305472596
0.546549398214484
0.5452096994941824
0.5438702698587712
0.5425311447665155
0.5411923596574806
0.539853949949493
0.5385159510341133
0.537178398272615
0.5358413269919753
0.5345047724808725
0.5331687699857064
0.5318333547066165
0.5304985617935294
0.5291644263422082
0.5278309833903265
0.526498267913555
0.5251663148216665
0.5238351589546606
0.5225048350789021
0.5211753778832902
0.5198468219754373
0.5185192018778788
0.5171925520242999
0.5158669067557864
0.5145423003171059
0.5132187668530048
0.5118963404045433
0.510575054905442
0.5092549441784717
0.5079360419318604
0.5066183817557375
0.5053019971186001
0.5039869213638182
0.5026731877061645
0.5013608292283815
0.500049878877777
0.4987403694628584
0.49743233364999495
0.4961258039601222
0.4948208127654743
0.49351739228635916
0.49221557458796783
0.49091539157721964
0.48961687499964734
0.48832005643632126
0.4870249673008119
0.4857316388361922
0.48444010211207866
0.4831503880217186
0.48186252727911083
0.4805765504161754
0.47929248777995925
0.4780103695298915
0.4767302256350757
0.47545208587162624
0.474175979820056
0.4729019368627
0.47162998618118246
0.47036015675394294
0.4690924773537887
0.4678269765455074
0.4665636826835208
0.465302623909581
0.4640438281505215
0.4627873231160501
0.461533136296586
0.46028129496115067
0.45903182615530314
0.45778475669912344
0.4565401131852418
0.4552979219769214
0.45405820920618245
0.45282100077197807
0.45158632233842155
0.4503541993330561
0.44912465694517933
0.44789772012420714
0.4466734135780994
0.44545176177182333
0.44423278892587303
0.4430165190148271
0.4418029757659734
0.44059218265796074
0.439384162919518
0.43817893952820686
0.4369765352092374
0.4357769724343181
0.43458027342056404
0.4333864601294485
0.4321955542658057
0.43100757727687855
0.4298225503514167
0.428640494418819
0.4274614301483267
0.42628537794826415
0.4251123579653192
0.4239423900838828
0.42277549392542313
0.4216116888479128
0.4204509939453035
0.4192934280470352
0.4181390097176094
0.4169877572561881
0.4158396886962522
0.41469482180529404
0.4135531740845645
0.4124147627688527
0.4112796048263194
0.4101477169583666
0.4090191155995534
0.4078938169175538
0.40677183681315177
0.40565319092028806
0.404537894606142
0.4034259629712479
0.4023174108496673
0.4012122528091874
0.40011050315156493
0.39901217591280835
0.3979172848634994
0.39682584350915406
0.3957378650906145
0.394653362584489
0.39357234870361846
0.3924948358975877
0.39142083635326475
0.3903503619953861
0.3892834244871607
0.38822003523092896
0.38716020536883644
0.38610394578355456
0.3850512670990255
0.3840021796812445
0.38295669363907403
0.3819148188250855
0.3808765648364355
0.3798419410157702
0.37881095645216245
0.3777836199820723
0.3767599401903464
0.37573992541123413
0.3747235837294355
0.37371092298118425
0.37270195075534396
0.3716966743945417
0.3706951009963212
0.36969723741431826
0.3687030902594729
0.3677126659012503
0.36672597046889654
0.36574300985271313
0.3647637897053485
0.3637883154431242
0.3628165922473686
0.36184862506578097
0.3608844186138128
0.35992397737606463
0.35896730560771073
0.35801440733593515
0.3570652863613847
0.35611994625965426
0.35517839038276455
0.35424062186067995
0.35330664360282793
0.3523764582996408
0.3514500684241092
0.3505274762333527
0.34960868377020005
0.3486936928647918
0.34778250513618425
0.34687512199397474
0.3459715446399383
0.3450717740696695
0.3441758110742462
0.34328365624188817
0.34239530995964673
0.3415107724150849
0.3406300435979783
0.33975312330201635
0.33888001112652666
0.3380107064781869
0.33714520857276076
0.3362835164368342
0.3354256289095575
0.33457154464439676
0.3337212621108867
0.3328747795963962
0.33203209520788846
0.33119320687369536
0.3303581123452902
0.3295268091990663
0.3286992948381172
0.3278755664940243
0.3270556212286383
0.3262394559358762
0.3254270673435017
0.324618452014926
0.32381360635099965
0.3230125265918039
0.32221520881844723
0.32142164895485836
0.32063184276958323
0.3198457858775745
0.3190634737419874
0.3182849016759718
0.317510064844456
0.31673895826594245
0.3159715768142868
0.3152079152204861
0.3144479680744534
0.3136917298267994
0.31293919479060683
0.3121903571431929
0.31144521092788624
0.31070375005578066
0.3099659683074968
0.30923185933493025
0.3085014166630078
0.3077746336914208
0.3070515036963676
0.30633201983228286
0.30561617513356676
0.3049039625162985
0.3041953747799545
0.3034904046091115
0.30278904457514944
0.3020912871379421
0.30139712464754265
0.3007065493458634
0.3000195533683452
0.29933612874562343
0.29865626740517837
0.29797996117298453
0.297307201775154
0.29663798083955895
0.2959722898974574
0.2953101203851095
0.2946514636453773
0.2939963109293222
0.29334465339779214
0.2926964821229955
0.2920517880900738
0.2914105621986546
0.290772795264405
0.2901384780205666
0.2895076011194856
0.28888015513413434
0.28825613055961785
0.28763551781467156
0.2870183072431546
0.2864044891155215
0.285794053630298
0.2851869909155291
0.28458329103023805
0.2839829439658471
0.28338593964761827
0.28279226793605805
0.2822019186283251
0.28161488145962066
0.28103114610457613
0.28045070217861634
0.27987353923932456
0.2792996467877926
0.2787290142699521
0.27816163107790626
0.27759748655124683
0.27703656997834925
0.27647887059767695
0.27592437759905364
0.2753730801249378
0.2748249672716808
0.2742800280907728
0.27373825159008236
0.27319962673507625
0.2726641424500379
0.27213178761926393
0.27160255108825815
0.27107642166490953
0.27055338812066243
0.27003343919166645
0.2695165635799288
0.26900274995444085
0.26849198695230714
0.26798426317984936
0.26747956721371147
0.26697788760194285
0.26647921286507914
0.26598353149720655
0.2654908319670134
0.26500110271883626
0.2645143321736909
0.2640305087302931
0.2635496207660647
0.2630716566381399
0.26259660468434254
0.2621244532241679
0.26165519055975117
0.26118880497681296
0.2607252847456093
0.26026461812186186
0.259806793347679
0.2593517986524668
0.25889962225383334
0.2584502523584652
0.25800367716302597
0.2575598848550066
0.2571188636135876
0.2566806016104949
0.2562450870108238
0.25581230797387366
0.2553822526539592
0.2549549092012193
0.25453026576240934
0.2541083104816869
0.2536890315013881
0.2532724169627941
0.25285845500688087
0.25244713377506744
0.25203844140995246
0.25163236605603656
0.25122889586044117
0.25082801897361107
0.2504297235500127
0.25003399774881985
0.249640829734593
0.2492502076779456
0.24886211975620265
0.24847655415405168
0.24809349906417755
0.2477129426879019
0.24733487323579662
0.24695927892830294
0.24658614799632927
0.24621546868185484
0.24584722923850455
0.24548141793213762
0.24511802304140773
0.24475703285832784
0.24439843568882258
0.24404221985326624
0.24368837368702534
0.24333688554097688
0.24298774378203225
0.24264093679364584
0.24229645297631863
0.24195428074808556
0.24161440854501193
0.2412768248216629
0.2409415180515776
0.240608476727731
0.24027768936299065
0.23994914449055893
0.23962283066442025
0.23929873645976407
0.2389768504734192
0.23865716132426618
0.2383396576536464
0.23802432812577046
0.23771116142810766
0.23740014627178063
0.23709127139194575
0.2367845255481642
0.23647989752477638
0.2361773761312599
0.23587695020258426
0.2355786085995607
0.23528234020918315
0.23498813394496132
0.23469597874725068
0.23440586358357773
0.23411777744895101
0.23383170936617403
0.2335476483861466
0.23326558358816574
0.232985504080213
0.23270739899924398
0.23243125751146376
0.23215706881260478
0.23188482212818984
0.23161450671380235
0.2313461118553306
0.2310796268692329
0.23081504110277284
0.23055234393426194
0.2302915247732975
0.23003257306098757
0.22977547827017497
0.22952022990566412
0.2292668175044209
0.2290152306357912
0.22876545890170474
0.22851749193686743
0.22827131940895795
0.22802693101882043
0.2277843165006388
0.2275434656221279
0.22730436818469502
0.2270670140236235
0.2268313930082272
0.22659749504201476
0.22636531006284644
0.2261348280430875
0.2259060389897517
0.22567893294464592
0.2254534999845118
0.22522973022115933
0.22500761380159018
0.22478714090813756
0.22456830175857834
0.22435108660625458
0.2241354857401857
0.2239214894851873
0.22370908820196533
0.22349827228722974
0.2232890321737887
0.2230813583306418
0.2228752412630799
0.22267067151276665
0.22246763965782057
0.2222661363129078
0.22206615212930725
0.2218676777949905
0.22167070403469402
0.22147522160998545
0.22128122131932493
0.22108869399812836
0.22089763051883038
0.22070802179092786
0.22051985876104097
0.22033313241295982
0.22014783376768443
0.21996395388347467
0.21978148385588503
0.21960041481780268
0.21942073793948147
0.21924244442857255
0.21906552553015268
0.2188899725267488
0.21871577673836307
0.21854292952248822
0.21837142227413142
0.2182012464258246
0.21803239344763325
0.21786485484717744
0.21769862216962899
0.21753368699771836
0.21737004095173917
0.21720767568954635
0.21704658290655632
0.21688675433573967
0.21672818174761288
0.21657085695023437
0.216414771789187
0.21625991814757095
0.21610628794597986
0.21595387314249148
0.21580266573264206
0.21565265774940723
0.21550384126317568
0.2153562083817242
0.21520975125019304
0.21506446205104768
0.21492033300405622
0.21477735636625062
0.21463552443189382
0.21449482953243804
0.21435526403649074
0.21421682034977207
0.2140794909150715
0.2139432682122019
0.21380814475795928
0.21367411310607132
0.21354116584714378
0.21340929560862143
0.21327849505472285
0.21314875688639623
0.2130200738412572
0.21289243869353625
0.2127658442540209
0.21264028336998964
0.21251574892515868
0.21239223383961203
0.21226973106974556
0.21214823360819424
0.21202773448376544
0.21190822676138144
0.21178970354199578
0.21167215796253347
0.2115555831958128
0.21143997245047785
0.2113253189709159
0.21121161603719285
0.211098856964972
0.21098703510543138
0.2108761438451926
0.21076617660623753
0.21065712684582527
0.21054898805641697
0.2104417537655875
0.21033541753594165
0.210229972965029
0.2101254136852635
0.21002173336382934
0.20991892570259496
0.20981698443802943
0.20971590334110546
0.2096156762172141
0.20951629690607065
0.20941775928162354
0.20932005725196123
0.20922318475921886
0.20912713577948205
0.20903190432269347
0.20893748443255322
0.20884387018642803
0.2087510556952451
0.20865903510340278
0.20856780258866403
0.2084773523620611
0.20838767866779417
0.20829877578312594
0.20821063801829087
0.20812325971637868
0.20803663525324234
0.2079507590373879
0.20786562550987575
0.2077812291442115
0.20769756444624254
0.20761462595405245
0.20753240823785324
0.20745090589987958
0.20737011357428325
0.20729002592702184
0.20721063765575243
0.2071319434897202
0.20705393818965645
0.20697661654765953
0.20689997338709132
0.206824003562462
0.20674870195932538
0.2066740634941615
0.20660008311426792
0.2065267557976478
0.20645407655289627
0.2063820404190878
0.206310642465665
0.2062398777923239
0.20616974152889878
0.20610022883525136
0.2060313349011541
0.20596305494617617
0.20589538421956932
0.2058283180001519
0.20576185159619553
0.205695980345305
0.20563069961430924
0.20556600479913778
0.20550189132471097
0.20543835464481985
0.2053753902420109
0.20531299362746858
0.20525116034089874
0.20518988595041054
0.20512916605240183
0.20506899627143949
0.20500937226014093
0.2049502896990596
0.20489174429656398
0.204833731788722
0.2047762479391818
0.20471928853905308
0.20466284940679114
0.20460692638807754
0.2045515153556966
0.20449661220942872
0.20444221287592068
0.20438831330857143
0.20433490948741417
0.20428199741899855
0.20422957313626655
0.2041776326984427
0.20412617219090523
0.20407518772507904
0.20402467543830294
0.20397463149372508
0.20392505208017642
0.20387593341205257
0.203827271729196
0.20377906329677875
0.2037313044051846
0.20368399136988546
0.2036371205313291
0.20359068825481696
0.20354469093038796
0.2034991249726984
0.20345398682090632
0.2034092729385505
0.20336497981343526
0.20332110395751046
0.20327764190675623
0.20323459022106105
0.2031919454841088
0.20314970430325963
0.20310786330943031
0.20306641915698298
0.2030253685236003
0.20298470811017566
0.20294443464069134
0.2029045448621053
0.20286503554423196
0.20282590347962903
0.20278714548347754
0.2027487583934705
0.2027107390696926
0.20267308439450715
0.20263579127244002
0.20259885663006327
0.2025622774158854
0.2025260506002261
0.20249017317511353
0.20245464215416042
0.20241945457245436
0.2023846074864446
0.20235009797382386
0.20231592313342095
0.20228208008507798
0.20224856596954843
0.20221537794837696
0.20218251320378755
0.20214996893857273
0.2021177423759818
0.2020858307596063
0.20205423135326894
0.20202294144091415
0.2019919583264942
0.20196127933386132
0.2019309018066543
0.20190082310818802
0.20187104062134553
0.20184155174846508
0.20181235391123475
0.20178344455057806
0.20175482112654797
0.20172648111821945
0.20169842202357557
0.20167064135940638
0.20164313666119227
0.20161590548300679
0.2015889453973999
0.20156225399529737
0.2015358288858894
0.20150966769652767
0.20148376807261803
0.20145812767751192
0.2014327441924083
0.20140761531623885
0.20138273876556922
0.2013581122744924
0.20133373359452855
0.2013096004945133
0.20128571076049928
0.20126206219565557
0.20123865262015406
0.2012154798710819
0.20119254180232782
0.20116983628448037
0.20114736120473486
0.20112511446678427
0.20110309399071935
0.20108129771293293
0.20105972358601287
0.2010383695786483
0.20101723367552538
0.20099631387723027
0.2009756082001496
0.20095511467637406
0.20093483135359513
0.20091475629501432
0.20089488757923968
0.2008752233001906
0.2008557615670039
0.2008365005039332
0.20081743825025367
0.20079857296016979
0.20077990280271674
0.20076142596166535
0.2007431406354293
0.20072504503697086
0.2007071373937066
0.20068941594741085
0.20067187895412975
0.20065452468408085
0.2006373514215638
0.2006203574648726
0.20060354112619516
0.2005869007315325
0.2005704346205951
0.20055414114672754
0.20053801867680254
0.20052206559114671
0.20050628028343953
0.20049066116062908
0.20047520664284102
0.20045991516329575
0.20044478516821573
0.2004298151167373
0.2004150034808293
0.20040034874519785
0.2003858494072096
0.20037150397679604
0.20035731097637832
0.20034326894077337
0.20032937641711135
0.200315631964755
0.2003020341552123
0.20028858157205087
0.20027527281082091
0.20026210647896636
0.20024908119574425
0.2002361955921449
0.20022344831080607
0.20021083800593642
0.2001983633432306
0.2001860229997886
0.20017381566404158
0.20016174003566134
0.200149794825494
0.20013797875546535
0.20012629055851905
0.20011472897852822
0.20010329277021588
0.2000919806990854
0.2000807915413363
0.20006972408379198
0.20005877712382236
0.2000479494692633
0.20003723993835054
0.20002664735963605
0.20001617057191623
0.20000580842415705
0.19999555977542316
0.19998542349479687
0.19997539846131185
0.19996548356388122
0.19995567770121403
0.19994597978175843
0.19993638872361696
0.1999269034544825
0.19991752291156406
0.19990824604152035
0.19989907180038402
0.19988999915349204
0.19988102707542366
0.19987215454992047
0.19986338056982833
0.1998547041370201
0.19984612426233384
0.1998376399655002
0.1998292502750817
0.19982095422839807
0.19981275087146633
0.19980463925892922
0.19979661845399643
0.1997886875283713
0.19978084556219
0.19977309164395674
0.19976542487048
0.1997578443468072
0.19975034918616252
0.19974293850987979
0.19973561144734708
0.19972836713593722
0.19972120472094812
0.19971412335554273
0.19970712220068598
0.19970020042508352
0.19969335720512282
0.1996865917248104
0.1996799031757145
0.19967329075690132
0.19966675367488274
0.19966029114355266
0.19965390238412617
0.19964758662508586
0.19964134310212545
0.19963517105808526
0.19962906974290318
0.19962303841355078
0.1996170763339835
0.19961118277507772
0.19960535701458093
0.1995995983370552
0.1995939060338191
0.19958827940289392
0.19958271774895298
0.19957722038326453
0.19957178662363673
0.1995664157943695
0.19956110722619436
0.1995558602562274
0.19955067422791706
0.19954554849098727
0.1995404824013921
0.19953547532125615
0.1995305266188362
0.19952563566845427
0.19952080185046406
0.19951602455118722
0.1995113031628719
0.1995066370836418
0.19950202571744313
0.19949746847400196
0.19949296476877176
0.1994885140228858
0.19948411566311208
0.19947976912180232
0.19947547383684583
0.19947122925162653
