0.8046122809210722
0.7412821909111984
0.7402476371400197
0.7392084140575208
0.7381653603996494
0.737118949530086
0.7360694410639546
0.73501698328325
0.7339616629829115
0.7329035307998129
0.7318426149863531
0.7307789293821632
0.7297124782816864
0.7286432595449266
0.7275712666643153
0.7264964901845503
0.7254189187062754
0.7243385396131301
0.7232553396094172
0.7221693051245718
0.7210804226216256
0.7199886788348853
0.7188940609543246
0.7177965567690958
0.7166961547791342
0.7155928442814741
0.714486615436261
0.7133774593162645
0.7122653679428688
0.7111503343108948
0.710032352404152
0.7089114172032709
0.7077875246870968
0.7066606718287275
0.7055308565870966
0.7043980778948868
0.7032623356434322
0.7021236306651886
0.7009819647142688
0.6998373404454727
0.6986897613921814
0.6975392319434492
0.6963857573205641
0.6952293435533177
0.6940699974561966
0.6929077266046662
0.6917425393116944
0.6905744446046456
0.689403452202638
0.6882295724944576
0.6870528165170884
0.6858731959349135
0.6846907230196251
0.6835054106308709
0.6823172721976545
0.6811263217004957
0.6799325736543553
0.6787360430923179
0.6775367455500221
0.6763346970508235
0.6751299140916711
0.6739224136296789
0.6727122130693642
0.6714993302505321
0.6702837834367756
0.6690655913045664
0.6678447729329071
0.6666213477935148
0.6653953357415119
0.6641667570065932
0.6629356321846407
0.6617019822297621
0.6604658284467262
0.6592271924837658
0.6579860963257296
0.6567425622875545
0.6554966130080395
0.6542482714438951
0.6529975608640517
0.6517445048442081
0.6504891272615918
0.6492314522899314
0.6479715043946053
0.6467093083279631
0.645444889124803
0.6441782720979872
0.6429094828341866
0.6416385471897408
0.640365491286623
0.6390903415084979
0.637813124496863
0.6365338671472638
0.6352525966055789
0.6339693402643569
0.6326841257592102
0.6313969809652473
0.6301079339935465
0.6288170131876591
0.6275242471201394
0.6262296645890961
0.6249332946147619
0.6236351664360715
0.6223353095072535
0.6210337534944237
0.6197305282721826
0.6184256639202121
0.6171191907198674
0.6158111391507628
0.6145015398873517
0.6131904237954946
0.6118778219290169
0.610563765526251
0.6092482860065687
0.6079314149668904
0.6066131841781846
0.6052936255819465
0.6039727712866558
0.602650653564222
0.6013273048464012
0.6000027577211995
0.5986770449292551
0.5973501993601935
0.596022254048973
0.5946932421721978
0.5933631970444164
0.5920321521144005
0.5907001409613966
0.5893671972913648
0.5880333549331913
0.5866986478348855
0.5853631100597532
0.5840267757825557
0.5826896792856446
0.581351854955084
0.58001333727675
0.5786741608324182
0.5773343602958299
0.5759939704287442
0.5746530260769778
0.5733115621664273
0.5719696136990755
0.5706272157489911
0.5692844034583111
0.5679412120332119
0.5665976767398724
0.5652538329004271
0.5639097158889037
0.5625653611271646
0.561220804080828
0.5598760802551916
0.5585312251911474
0.5571862744610905
0.555841263664828
0.55449622842548
0.5531512043853832
0.5518062272019906
0.5504613325437713
0.5491165560861111
0.5477719335072191
0.5464275004840295
0.5450832926881104
0.5437393457815798
0.5423956954130245
0.5410523772134235
0.5397094267920819
0.5383668797325756
0.5370247715886938
0.5356831378804079
0.534342014089839
0.5330014356572432
0.5316614379770059
0.5303220563936577
0.528983326197894
0.5276452826226212
0.5263079608390118
0.5249713959525826
0.5236356229992862
0.5223006769416263
0.5209665926647904
0.5196334049728057
0.5183011485847149
0.5169698581307778
0.5156395681486916
0.5143103130798421
0.5129821272655757
0.5116550449434984
0.5103291002438048
0.5090043271856286
0.5076807596734294
0.5063584314934031
0.5050373763099256
0.5037176276620257
0.5023992189598876
0.5010821834813945
0.4997665543686928
0.49845236462480047
0.4971396471102433
0.49582843453973047
0.4945187594788638
0.49321065434088396
0.4919041513834518
0.4905992827054727
0.4892960802439531
0.48799457577089933
0.48669480089025474
0.48539678703487776
0.4841005654635594
0.482806167258083
0.4815136233203252
0.4802229643693957
0.47893422093882587
0.4776474233737963
0.4763626018284063
0.4750797862629921
0.4737990064414844
0.4725202919288155
0.4712436720883647
0.46996917607945776
0.4686968328549045
0.46742667115858594
0.4661587195230886
0.4648930062673814
0.4636295594945462
0.46236840708954885
0.4611095767170613
0.4598530958193302
0.4585989916140958
0.4573472910925527
0.45609802101736785
0.45485120792073885
0.4536068781025039
0.45236505762830637
0.45112577232779294
0.4498890477928762
0.44865490937604124
0.4474233821886958
0.44619449109957565
0.44496826073320006
0.44374471546836747
0.44252387943671323
0.44130577652130276
0.44009043035528694
0.43887786432059495
0.4376681015466857
0.4364611649093397
0.43525707702950645
0.4340558602721961
0.4328575367454234
0.43166212829919526
0.4304696565245507
0.4292801427526497
0.4280936080539035
0.4269100732371599
0.42572955884893493
0.4245520851726844
0.42337767222813427
0.42220633977064903
0.4210381072906477
0.4198729940130773
0.41871101889690765
0.4175522006347038
0.4163965576522155
0.4152441081080319
0.4140948698932696
0.4129488606313084
0.4118060976775755
0.4106665981193661
0.40953037877571263
0.4083974561972975
0.4072678466664046
0.4061415661969162
0.4050186305343515
0.4038990551559464
0.4027828552707723
0.40167004581990284
0.40056064147661086
0.39945465664661095
0.39835210546834365
0.3972530018132928
0.3961573592863461
0.39506519122619166
0.39397651070575035
0.392891330532653
0.3918096632497404
0.39073152113561693
0.389656916205224
0.3885858602104588
0.38751836464082035
0.3864544407241022
0.38539409942709923
0.3843373514563696
0.3832842072590089
0.3822346770234737
0.38118877068042456
0.3801464979036072
0.3791078681107586
0.3780728904645517
0.37704157387355786
0.37601392699325054
0.3749899582270252
0.3739696757272607
0.372953087396395
0.3719402008880369
0.3709310236080988
0.3699255627159582
0.36892382512564437
0.3679258175070458
0.36693154628714775
0.36594101765128906
0.36495423754444534
0.3639712116725281
0.3629919455037164
0.3620164442697994
0.36104471296754725
0.3600767563601006
0.3591125789783741
0.35815218512249103
0.3571955788632256
0.35624276404346933
0.3552937442797103
0.35434852296354136
0.3534071032631667
0.3524694881249444
0.3515356802749262
0.35060568222042754
0.34967949625160355
0.34875712444304496
0.3478385686553761
0.34692383053688325
0.34601291152514213
0.34510581284866815
0.3442025355285606
0.3433030803801842
0.342407448014836
0.34151563884144165
0.34062765306824716
0.3397434907045327
0.33886315156232294
0.3379866352581178
0.33711394121461935
0.3362450686624773
0.33538001664203454
0.3345187840050803
0.3336613694166103
0.3328077713565989
0.3319579881217595
0.3311120178273308
0.3302698584088549
0.32943150762396056
0.32859696305415476
0.3277662221066113
0.3269392820159739
0.3261161398461424
0.32529679249208365
0.3244812366816263
0.3236694689772689
0.32286148577797935
0.32205728332100414
0.32125685768367074
0.32046020478519777
0.31966732038849266
0.31887820010196366
0.31809283938132094
0.31731123353137614
0.31653337770784307
0.31575926691914535
0.3149888960281989
0.314222259754216
0.313459352674494
0.3127001692262018
0.31194470370816507
0.31119295028264915
0.31044490297713045
0.30970055568607846
0.3089599021727141
0.3082229360707779
0.30748965088629
0.3067600399993018
0.30603409666563985
0.30531181401865737
0.30459318507095856
0.3038782027161395
0.30316685973050017
0.30245914877477553
0.3017550623958333
0.3010545930283821
0.3003577329966681
0.2996644745161626
0.29897480969524126
0.29828873053686056
0.2976062289402205
0.29692729670242146
0.29625192552011637
0.29558010699114723
0.2949118326161796
0.29424709380032266
0.29358588185474555
0.292928187998284
0.29227400335903175
0.2916233189759323
0.29097612580034937
0.2903324146976428
0.28969217644872136
0.2890554017515884
0.2884220812228877
0.28779220539942374
0.2871657647396856
0.28654274962535065
0.28592315036278493
0.2853069571845288
0.2846941602507761
0.2840847496508335
0.28347871540458425
0.28287604746392836
0.28227673571421696
0.2816807699756748
0.28108814000481397
0.2804988354958362
0.27991284608201683
0.2793301613370933
0.2787507707766239
0.27817466385935063
0.2776018299885413
0.2770322585133256
0.27646593873001823
0.2759028598834298
0.27534301116816484
0.2747863817299153
0.2742329606667365
0.2736827370303109
0.27313569982720265
0.27259183802010734
0.272051140529075
0.2715135962327344
0.2709791939695023
0.27044792253878125
0.26991977070214457
0.26939472718450563
0.2688727806752915
0.26835391982958356
0.2678381332692673
0.2673254095841494
0.26681573733308517
0.266309105045079
0.26580550122038116
0.2653049143315668
0.264807332824609
0.2643127451199433
0.2638211396135103
0.26333250467779556
0.2628468286628589
0.2623640998973431
0.2618843066894848
0.2614074373281019
0.26093348008357664
0.2604624232088293
0.25999425494027284
0.25952896349876353
0.25906653709054195
0.25860696390815197
0.25815023213136323
0.25769632992807423
0.2572452454552038
0.25679696685957853
0.2563514822788039
0.25590877984212546
0.2554688476712824
0.2550316738813462
0.25459724658155325
0.2541655538761246
0.25373658386507525
0.25331032464501535
0.2528867643099355
0.2524658909519929
0.2520476926622712
0.25163215753154844
0.25121927365104035
0.25080902911314273
0.2504014120121555
0.24999641044501286
0.24959401251197766
0.24919420631735578
0.24879697997017558
0.24840232158487818
0.2480102192819823
0.24762066118874648
0.2472336354398269
0.24684913017791488
0.24646713355437422
0.24608763372986597
0.24571061887496182
0.2453360771707569
0.24496399680946201
0.24459436599499484
0.24422717294355978
0.24386240588422237
0.2435000530594701
0.2431401027257648
0.24278254315409287
0.24242736263050235
0.24207454945662688
0.24172409195021205
0.24137597844562875
0.24103019729437136
0.24068673686556075
0.24034558554642926
0.2400067317428013
0.23967016387956874
0.23933587040115212
0.2390038397719585
0.23867406047683526
0.2383465210215071
0.23802120993300857
0.2376981157601198
0.2373772270737763
0.23705853246748754
0.23674202055774096
0.2364276799843973
0.23611549941108345
0.23580546752557707
0.2354975730401816
0.23519180469209555
0.23488815124377938
0.23458660148330923
0.2342871442247242
0.2339897683083767
0.2336944626012626
0.23340121599735253
0.23311001741791892
0.23282085581184875
0.23253372015595952
0.23224859945530074
0.2319654827434524
0.23168435908282226
0.23140521756492627
0.23112804731067393
0.2308528374706439
0.23057957722534805
0.23030825578549796
0.2300388623922648
0.22977138631752947
0.22950581686412652
0.22924214336608895
0.22898035518888216
0.22872044172963413
0.22846239241736221
0.22820619671319087
0.22795184411056513
0.22769932413546234
0.22744862634659713
0.22719974033561774
0.22695265572730206
0.22670736217974674
0.2264638493845531
0.22622210706700485
0.22598212498624537
0.2257438929354446
0.22550740074197362
0.22527263826755117
0.2250395954084169
0.2248082620954711
0.2245786282944292
0.22435068400596636
0.2241244192658507
0.22389982414508391
0.22367688875002978
0.22345560322254343
0.22323595774009297
0.2230179425158747
0.22280154779893524
0.22258676387427567
0.22237358106296046
0.22216198972222623
0.2219519802455715
0.22174354306286082
0.22153666864041366
0.22133134748108974
0.221127570124381
0.22092532714648527
0.22072460916038972
0.22052540681594468
0.22032771079993207
0.22013151183613344
0.21993680068539845
0.21974356814569906
0.2195518050521943
0.21936150227728246
0.2191726507306494
0.21898524135932507
0.2187992651477183
0.2186147131176699
0.2184315763284842
0.21824984587696905
0.21806951289747534
0.21789056856191336
0.21771300407979366
0.21753681069824993
0.21736197970205617
0.21718850241365473
0.21701637019316455
0.21684557443840502
0.21667610658490322
0.21650795810590007
0.21634112051236531
0.2161755853529992
0.2160113442142294
0.21584838872021805
0.21568671053285626
0.21552630135175976
0.21536715291425812
0.21520925699539373
0.21505260540790117
0.21489719000219842
0.2147430026663688
0.21459003532614618
0.21443827994489117
0.2142877285235686
0.21413837310072736
0.2139902057524702
0.21384321859242716
0.2136974037717253
0.2135527534789583
0.21340925994014526
0.2132669154187058
0.2131257122154171
0.21298564266836906
0.21284669915293497
0.2127088740817179
0.21257215990451217
0.21243654910825527
0.21230203421697658
0.21216860779175695
0.2120362624306672
0.2119049907687215
0.2117747854778208
0.2116456392667
0.21151754488086416
0.21139049510253827
0.2112644827505995
0.21113950068052068
0.21101554178430426
0.210892598990418
0.2107706652637341
0.21064973360545258
0.21052979705304287
0.21041084868016657
0.2102928815966122
0.21017588894821815
0.21005986391680143
0.20994479972008584
0.20983068961161955
0.20971752688070444
0.209605304852317
0.20949401688702396
0.20938365638090783
0.20927421676548408
0.20916569150761688
0.20905807410943966
0.20895135810826293
0.20884553707649844
0.20874060462156674
0.20863655438580941
0.20853338004640498
0.2084310753152786
0.20832963393900517
0.20822904969872857
0.20812931641006316
0.20803042792300352
0.20793237812182774
0.20783516092501075
0.20773877028511822
0.20764320018871762
0.20754844465628342
0.20745449774209146
0.207361353534131
0.20726900615399402
0.2071774497567872
0.20708667853102514
0.20699668669852833
0.2069074685143263
0.20681901826655158
0.20673133027633828
0.20664439889771746
0.2065582185175172
0.20647278355525012
0.2063880884630147
0.20630412772538842
0.2062208958593179
0.20613838741401558
0.2060565969708522
0.2059755191432472
0.20589514857655977
0.2058154799479821
0.20573650796642984
0.2056582273724289
0.2055806329380121
0.20550371946659995
0.20542748179290038
0.20535191478278303
0.2052770133331796
0.20520277237196882
0.20512918685785797
0.20505625178027742
0.2049839621592645
0.2049123130453473
0.2048412995194352
0.2047709166927011
0.20470115970646852
0.20463202373209788
0.2045635039708671
0.20449559565386155
0.20442829404185314
0.20436159442519353
0.20429549212368192
0.20422998248646884
0.20416506089192
0.20410072274751456
0.20403696348972034
0.20397377858387866
0.20391116352408523
0.20384911383307802
0.2037876250621128
0.20372669279084743
0.20366631262722867
0.20360648020736527
0.2035471911954202
0.20348844128348131
0.20343022619144913
0.20337254166692154
0.20331538348506584
0.2032587474485058
0.20320262938720468
0.20314702515834104
0.20309193064619357
0.20303734176202093
0.2029832544439406
0.20292966465681472
0.2028765683921243
0.20282396166785732
0.2027718405283837
0.20272020104433963
0.20266903931250513
0.20261835145568685
0.20256813362260084
0.20251838198774863
0.2024690927513041
0.20242026213898512
0.2023718864019467
0.20232396181665024
0.20227648468475357
0.20222945133298642
0.20218285811303172
0.20213670140141138
0.20209097759936412
0.20204568313272342
0.20200081445180873
0.20195636803129524
0.20191234037010386
0.2018687279912812
0.20182552744187732
0.20178273529283464
0.20174034813886343
0.20169836259832685
0.20165677531312387
0.20161558294856963
0.20157478219328295
0.2015343697590598
0.20149434238076636
0.20145469681621353
0.20141542984604666
0.20137653827362756
0.20133801892491354
0.20129986864834493
0.2012620843147298
0.2012246628171238
0.2011876010707212
0.2011508960127305
0.2011145446022664
0.20107854382023171
0.2010428906692021
0.20100758217331272
0.20097261537814093
0.20093798735059532
0.20090369517879847
0.20086973597197888
0.20083610686034614
0.20080280499499015
0.2007698275477603
0.2007371717111538
0.20070483469820422
0.20067281374236723
0.2006411060974126
0.20060970903730435
0.2005786198560967
0.20054783586781877
0.2005173544063671
0.20048717282538764
0.20045728849817157
0.20042769881754285
0.2003984011957466
0.20036939306434265
0.20034067187409288
0.20031223509485152
0.2002840802154603
0.20025620474363615
0.20022860620586336
0.2002012821472855
0.20017423013160007
0.20014744774094595
0.2001209325758021
0.20009468225487514
0.20006869441499875
0.2000429667110185
0.2000174968156978
0.19999228241960176
0.19996732123099514
0.19994261097574262
0.19991814939719454
0.19989393425609114
0.1998699633304536
0.19984623441548
0.199822745323449
0.19979949388360374
0.1997764779420631
0.1997536953617095
0.1997311440220918
0.19970882181932126
0.19968672666597298
0.19966485649098142
0.19964320923953993
0.19962178287300436
0.1996005753687885
0.19957958472026738
0.1995588089366781
0.1995382460430175
0.19951789407994536
0.1994977511036904
0.19947781518594587
0.19945808441377422
0.19943855688951473
0.19941923073067913
0.19940010406985664
0.19938117505462583
0.19936244184744745
0.19934390262558
0.19932555558097576
0.19930739892018978
0.19928943086428597
0.19927164964874677
0.19925405352337167
0.1992366407521896
0.1992194096133647
0.1992023583991055
0.19918548541556957
0.19916878898277757
0.19915226743451375
0.19913591911824258
0.19911974239501584
0.1991037356393801
0.19908789723929188
0.19907222559602156
0.19905671912407297
0.19904137625108476
0.19902619541775224
0.19901117507773325
0.19899631369756088
0.19898160975655965
0.1989670617467575
0.1989526681727959
0.19893842755185265
0.19892433841354407
0.19891039929985244
0.19889660876503135
0.1988829653755272
0.19886946770989455
0.19885611435870876
0.19884290392448634
0.19882983502160334
0.1988169062762073
0.19880411632614015
0.19879146382085555
0.1987789474213374
0.19876656580001673
0.1987543176406953
0.19874220163846168
0.19873021649961398
0.19871836094158013
0.19870663369283648
0.19869503349283313
0.1986835590919126
0.1986722092512352
0.1986609827426955
0.19864987834885428
0.19863889486285446
0.19862803108834715
0.1986172858394174
0.19860665794050625
0.1985961462263366
0.19858574954184005
0.1985754667420796
0.19856529669218004
0.1985552382672452
0.1985452903522994
0.19853545184219934
0.19852572164157323
0.19851609866474262
0.19850658183565206
0.1984971700877981
0.19848786236415883
0.19847865761712313
0.19846955480842032
0.19846055290904996
0.19845165089921235
0.19844284776824128
0.19843414251453428
0.19842553414548192
0.19841702167740705
0.19840860413548622
0.19840028055369474
0.19839204997473203
0.1983839114499547
0.1983758640393155
0.19836790681129768
0.19836003884284104
0.19835225921929023
0.1983445670343178
0.19833696138986967
0.198329441396094
0.1983220061712817
0.19831465484180677
0.19830738654205327
0.19830020041436336
0.19829309560896924
0.19828607128393572
0.19827912660509306
0.1982722607459838
0.19826547288779672
0.19825876221930638
0.19825212793681768
0.19824556924410308
0.19823908535234425
0.19823267548007328
0.19822633885311436
0.19822007470452607
0.19821388227454395
0.19820776081052183
0.19820170956687522
0.19819572780502792
0.1981898147933503
0.19818396980710684
0.19817819212840015
0.19817248104611485
0.19816683585586503
0.19816125585993516
0.1981557403672305
0.19815028869322082
0.19814490015988762
0.19813957409567173
0.19813430983541858
0.19812910672032435
0.19812396409789157
0.19811888132186617
0.19811385775219537
0.1981088927549709
0.19810398570238075
0.19809913597265683
0.19809434295002937
0.19808960602466852
0.19808492459264304
0.19808029805586802
0.19807572582205502
0.19807120730466232
0.198066741922854
0.19806232910144272
0.19805796827084687
0.19805365886704263
