1.2996899660794503
1.0419567895665385
1.0292289466853157
1.0163061109858198
1.0032551674106807
0.9901184176250711
0.9769213411388232
0.9636807803779415
0.9504089073930245
0.937115198915435
0.9238074884029084
0.9104925626178787
0.8971765181110283
0.8838649834903868
0.8705632627661609
0.8572764302135515
0.8440093943042907
0.8307669412401933
0.8175537646385281
0.8043744855729535
0.7912336657465846
0.7781358156801385
0.7650853992239209
0.7520868353247502
0.7391444977250892
0.726262713097594
0.7134457579966788
0.7006978549220767
0.6880231677266213
0.6754257965541269
0.6629097724584045
0.6504790518277397
0.6381375107183007
0.6258889391833443
0.6137370356715771
0.6016854015568825
0.5897375358522186
0.5778968301524261
0.5661665638437162
0.5545498996113964
0.5430498792719484
0.5316694199506207
0.5204113106212319
0.5092782090208529
0.4982726389483089
0.48739698795209235
0.47665350541016327
0.46604430100131733
0.45557134356521006
0.4452364603458007
0.43504133661086186
0.42498751563830334
0.415076399058353
0.40530924753915015
0.395687181801973
0.3862111839512051
0.3768820991031703
0.3677006372971685
0.3586673756714158
0.34978276088607724
0.3410471117752584
0.3324606222095824
0.324023364150903
0.31573529088072094
0.3075962403840125
0.29960593887041087
0.2917640044150041
0.28406995070143237
0.2765231908504395
0.26912304131759074
0.2618687258444754
0.25475937944836463
0.24779405243600136
0.24097171442792165
0.2342912583804769
0.22775150459349483
0.22135120469231648
0.2150890455737392
0.20896365330620373
0.20297359697534945
0.19711739246685697
0.1913935061792661
0.1858003586602152
0.180336328160281
0.17499975409931015
0.16978894044082063
0.16470215897069904
0.15973765247705324
0.15489363782866608
0.1501683089500581
0.14555983969169065
0.14106638659433304
0.13668609154707326
0.13241708433887384
0.12825748510396087
0.12420540666169289
0.12025895675187237
0.11641624016675926
0.11267536078130075
0.10903442348332443
0.1054915360056447
0.10204481066220565
0.09869236599053738
0.09543232830292693
0.0922628331488115
0.08918202669098178
0.08618806699825615
0.08327912525732116
0.08045338690647653
0.07770905269403056
0.07504433966409742
0.07245748207253813
0.06994673223576603
0.06751036131510729
0.06514666003936788
0.06285393936821476
0.06063053109892389
0.05847478841899215
0.05638508640704717
0.054359822484423954
0.05239741681970839
0.050496312688476486
0.04865497679038674
0.046871899525709144
0.04514559523330088
0.043474602391964386
0.04185748378705148
0.040292826644102296
0.03877924273123965
0.037315368431965236
0.03589986478993878
0.03453141752725286
0.03320873703765113
0.03193055835607506
0.030695641105863394
0.029502769424870245
0.02835075187171047
0.027238421313287894
0.026164634794709322
0.02512827339263782
0.02412824205309182
0.023163469414650695
0.022232907617984615
0.02133553210258579
0.020470341391539054
0.019636356865131984
0.0188326225240707
0.0180582047430334
0.017312192015261834
0.01659369468886114
0.015901844695449644
0.015235795271773407
0.014594720674873775
0.013977815891372578
0.013384296341415766
0.012813397577794016
0.012264374980738067
0.011736503448865808
0.011229077086739687
0.010741408889473591
0.010272830424811384
0.00982269151308223
0.00939035990542107
0.008975220960627863
0.008576677321023097
0.008194148587643236
0.007827070995105352
0.007474897086456586
0.0071370953883109454
0.006813150086562965
0.006502560702955289
0.006204841772765255
0.005919522523863337
0.0056461465573851635
0.005384271530247137
0.005133468839725026
0.004893323310303702
0.004663432882996032
0.004443408307318348
0.004232872836099924
0.004031461923293844
0.0038388229249472577
0.0036546148034791383
0.003478507835404684
0.0033101833226363013
0.003149333307482094
0.002995660291454477
0.0028488769579924325
0.002708705899193324
0.0025748793466415045
0.0024471389064134427
0.002325235298331193
0.0022089280995287058
0.00209798549238803
0.001992184016895502
0.0018913083274611417
0.001795150954237835
0.00170351206897028
0.0016161992553977496
0.0015330272842283754
0.001453817892697169
0.0013783995687140884
0.0013066073396034083
0.0012382825654302513
0.0011732727369052757
0.0011114312778538829
0.0010526173522315415
0.0009966956756628394
0.0009435363314774939
0.0008930145912128011
0.0008450107395483134
0.0007994099036349858
0.000756101886777826
0.0007149810064279043
0.0006759459364367744
0.0006388995535235835
0.0006037487879026463
0.0005704044780169529
0.0005387812293208591
0.0005087972770532879
0.0004803743529408694
0.00045343755576891337
0.00042791522575647765
0.00040373882267057083
0.00038084280761327064
0.0003591645284145442
0.0003386441085626135
0.0003192243396029877
0.00030085057693658517
0.0002834706389469486
0.0002670347093860793
0.0002514952429481957
0.0002368068739605204
0.00022292632812019383
0.00020981233720636613
0.00019742555669677176
0.0001857284862181822
0.00017468539276056628
0.00016426223658508928
0.00015442659975660182
0.0001451476172317869
0.00013639591043473594
0.0001281435232524116
0.00012036386038315014
0.0001130316279721751
0.00010612277646888852
9.961444564160634e-05
9.348491168630607e-05
8.771353636692954e-05
8.22807181257636e-05
7.716784510343316e-05
7.235725000912576e-05
6.783216678272104e-05
6.35766889915837e-05
5.957572990593807e-05
5.581498419782365e-05
5.22808912098324e-05
4.896059974093543e-05
4.584193429791215e-05
4.291336276204461e-05
4.016396542192829e-05
3.758340532441955e-05
3.516189989692544e-05
3.2890193795416345e-05
3.075953293370173e-05
2.876163965070531e-05
2.688868897359232e-05
2.5133285935796858e-05
2.3488443910108626e-05
2.194756391811557e-05
2.0504414878426365e-05
1.9153114757190778e-05
1.788811258552547e-05
1.670417130954016e-05
1.5596351439701418e-05
1.4559995467327912e-05
1.3590713017027543e-05
1.2684366704894742e-05
1.18370586732789e-05
1.1045117773898376e-05
1.030508737203132e-05
9.613713745431055e-06
8.967935052547973e-06
8.3648708455002e-06
7.80181210412911e-06
7.27621176831226e-06
6.7856757465361575e-06
6.327954379538664e-06
5.900934338623467e-06
5.502630939005084e-06
5.131180849294245e-06
4.7848351789598e-06
4.461952926301933e-06
4.160994770164003e-06
3.8805171892616975e-06
3.619166893670623e-06
3.3756755536193758e-06
3.1488548113545635e-06
2.9375915624230376e-06
2.7408434932874463e-06
2.557634862739492e-06
2.38705251510477e-06
2.22824211374847e-06
2.080404583885961e-06
1.9427927541801254e-06
1.8147081870673388e-06
1.6954981882059316e-06
1.5845529858596917e-06
1.4813030714519358e-06
1.3852166929184853e-06
1.295797492872349e-06
1.21258228396279e-06
1.1351389541636737e-06
1.0630644950688438e-06
9.959831465986491e-07
9.335446518361142e-07
8.754226160126437e-07
8.213129639532336e-07
7.709324905680881e-07
7.240174992440843e-07
6.803225232431414e-07
6.396191254600562e-07
6.016947721251714e-07
5.663517762604096e-07
5.334063069110166e-07
5.026874603804437e-07
4.740363898902065e-07
4.473054902718268e-07
4.2235763447875284e-07
3.990654588731559e-07
3.7731069440585474e-07
3.569835409613997e-07
3.3798208228835643e-07
3.2021173907343505e-07
3.035847578532184e-07
2.880197335828875e-07
2.734411638030132e-07
2.5977903245997997e-07
2.4696842154497066e-07
2.3494914881961913e-07
2.236654299963322e-07
2.1306556383288476e-07
2.0310163869148535e-07
1.937292591954091e-07
1.8490729169672039e-07
1.765976273442128e-07
1.68764961611757e-07
1.6137658921612683e-07
1.5440221341653527e-07
1.4781376874946837e-07
1.4158525630963772e-07
1.3569259074214032e-07
1.301134581624955e-07
1.2482718426908465e-07
1.198146119589076e-07
1.1505798780034334e-07
1.1054085675739095e-07
1.0624796459820803e-07
1.0216516745712933e-07
9.827934805302176e-08
9.457833809945245e-08
9.105084647168963e-08
8.768639272459972e-08
8.44752455817032e-08
8.14083660410919e-08
7.847735476723343e-08
7.567440346007265e-08
7.299224991341334e-08
7.042413649428271e-08
6.796377179292302e-08
6.560529521084458e-08
6.334324426948545e-08
6.117252443804295e-08
5.908838129251844e-08
5.7086374831351826e-08
5.516235578532285e-08
5.3312443771151494e-08
5.1533007148521346e-08
4.982064445082368e-08
4.817216726887569e-08
4.658458447595151e-08
4.505508769040568e-08
4.3581037879908645e-08
4.2159953018289886e-08
4.07894967128415e-08
3.946746772570256e-08
3.8191790319024174e-08
3.6960505358677366e-08
3.57717621164447e-08
3.462381071499623e-08
3.351499516434816e-08
3.244374694252003e-08
3.1408579076572905e-08
3.040808068388443e-08
2.944091193637756e-08
2.8505799413654025e-08
2.7601531813419683e-08
2.672695599026983e-08
2.5880973296090786e-08
2.5062536197663055e-08
2.4270645148754535e-08
2.3504345696089586e-08
2.276272580005172e-08
2.204491335277644e-08
2.135007387733872e-08
2.0677408393580097e-08
2.0026151436808113e-08
1.939556921714635e-08
1.8784957908032533e-08
1.8193642053571657e-08
1.7620973085069075e-08
1.7066327938127113e-08
1.6529107762153158e-08
1.600873671504794e-08
1.5504660836334908e-08
1.5016346992522967e-08
1.4543281889139643e-08
1.4084971144227222e-08
1.3640938418653473e-08
1.3210724598815636e-08
1.2793887027893605e-08
1.2389998781929101e-08
1.1998647987529393e-08
1.1619437178038274e-08
1.1251982685512959e-08
1.0895914065843184e-08
1.0550873554800212e-08
1.0216515552759041e-08
9.892506136218198e-09
9.578522594250869e-09
9.274252988291767e-09
8.979395733659605e-09
8.693659201521328e-09
8.416761339893515e-09
8.148429312593617e-09
7.88839915497219e-09
7.636415445492634e-09
7.39223099213054e-09
7.155606532834081e-09
6.926310449165119e-09
6.7041184924181954e-09
6.488813521543542e-09
6.280185252193299e-09
6.078030016355789e-09
5.882150531931544e-09
5.692355681893295e-09
5.508460302360529e-09
5.330284979278097e-09
5.157655853228453e-09
4.990404431974411e-09
4.828367410357104e-09
4.671386497272474e-09
4.519308249265377e-09
4.371983910566812e-09
4.229269259199533e-09
4.091024458915102e-09
3.9571139166778324e-09
3.8274061454629885e-09
3.7017736321521366e-09
3.580092710273314e-09
3.462243437386136e-09
3.348109476931742e-09
3.2375779843451392e-09
3.1305394972333493e-09
3.0268878294824704e-09
2.9265199691078762e-09
2.829335979691434e-09
2.7352389052759356e-09
2.6441346785620927e-09
2.5559320322572175e-09
2.4705424134989064e-09
2.3878799011777338e-09
2.3078611260568087e-09
2.2304051936083445e-09
2.1554336094092694e-09
2.0828702070331126e-09
2.0126410783238807e-09
1.9446745059720346e-09
1.878900898274402e-09
1.8152527260318978e-09
1.7536644614818967e-09
1.694072519169809e-09
1.6364151987484225e-09
1.580632629544713e-09
1.5266667169082678e-09
1.4744610902224733e-09
1.423961052549079e-09
1.3751135318160653e-09
1.3278670335255764e-09
1.282171594902364e-09
1.2379787404411264e-09
1.1952414388004528e-09
1.15391406099013e-09
1.1139523398306426e-09
1.075313330595366e-09
1.0379553728526461e-09
1.001838053402373e-09
9.669221703341375e-10
9.331696981142858e-10
9.005437537027568e-10
