0.9948991961760442
0.9948413367956475
0.9946873566485648
0.9945275334398879
0.9943612039627658
0.994188451893669
0.9940116057329635
0.9938303445125662
0.9936465783264697
0.9934575742087439
0.9932614834592544
0.9930591275525928
0.9928501496158447
0.992629310513535
0.9923989171044699
0.9921599988955524
0.9919128343601534
0.9916531889258768
0.9913855759213279
0.9911089331658809
0.9908206891470753
0.9905226699437842
0.9902159032108271
0.9899020410213426
0.9895816683124766
0.9892521490647803
0.9889136240910799
0.9885656949264072
0.988211539690306
0.9878539632683833
0.9874837368026934
0.9871056173285299
0.9867223270030187
0.9863569956955195
0.9859784222958518
0.9855858031983299
0.9851954034678821
0.9848033075457043
0.9844105096828445
0.9840118775789103
0.9835946929952606
0.983155776430359
0.9827081579052658
0.9822324964948684
0.9817473826998032
0.9812516438748582
0.9807565835897653
0.9802281268205336
0.9796934060397458
0.9791350923935176
0.9785652278662076
0.977983365945362
0.9773888100483581
0.9767648080272759
0.976142711974726
0.9755134900197021
0.9748833863682034
0.9742586590373304
0.9736243571393637
0.9729871660789876
0.9723589991073682
0.97172763379074
0.971100086868072
0.9704874540174478
0.9698865680644391
0.9692953680594041
0.9687010980807194
0.9680938565309406
0.9675077654617122
0.9669295078858631
0.9663574448412403
0.9657547662834366
0.9651621005324095
0.9645872435117884
0.964023877492183
0.9634583220137202
0.9628933885715744
0.9623105044368536
0.9617580007733642
0.9612353943587563
0.9607348247046553
0.9602514691257105
0.959759305789898
0.9592670084492148
0.9587925653456347
0.9583290991129999
0.957852735993666
0.9573966143399726
0.9569701770366958
0.9565695025036166
0.9561654470099754
0.9557871730618248
0.9554217846721901
0.9550326911327095
0.9546395532438244
0.9542555528118777
0.953885088008038
0.9535156466382577
0.953185098882983
0.9528434183459608
0.9525082643988971
0.9521936801421783
0.9519119128991629
0.9516559114986333
0.9514559952138681
0.9512930569537645
0.9510600464579098
0.9508366278234613
0.9506441121524684
0.9503955818513912
0.95017090940507
0.9499666872185516
0.9497847103128317
0.9496204643218689
0.9495120591441459
0.9493796125566715
0.9492767058921635
0.9491606991629209
0.9490360868005417
0.9489207177725936
0.9488189908017807
0.9487501204610959
0.9486866347758728
0.9486051346055989
0.9485812410012026
0.9486309560458859
0.9485555212241197
0.9484978429140165
0.9484601503511249
0.9484598848774541
0.9484763589047186
0.9484933402652403
0.948474220692335
0.9483659205465619
0.9482612093502089
0.9480618896421894
0.9479179232583951
0.9478270850335684
0.9477368434358715
0.9476817759199483
0.9476445726564706
0.9476417820028932
0.947685868714631
0.9477307197022845
0.9478129220506617
0.947888569125122
0.94786237841119
0.9478607080459874
0.947824157603505
0.9477834633053883
0.9477261737852506
0.9476385776127848
0.9475043775697944
0.9474129973445333
0.9473567303933138
0.9473528484811675
0.9474023948956869
0.9473811575941455
0.9473825749791789
0.9474384407823095
0.9475270874967536
0.9475524951066112
0.9475516263140684
0.9475332068820467
0.9474983284182049
0.9474594073197633
0.9473899949074024
0.9473588360211791
0.9473735444138306
0.9474069181265208
0.9474444282035667
0.9473885258798048
0.9473228156683957
0.9472426430895676
0.9472064513345578
0.9471875989655546
0.9471934809863306
0.947177077858115
0.9471770980085429
0.9471777897090858
0.9471944014413538
0.9472253037480509
0.9472780494284091
0.9473079807288898
0.9473089983009801
0.9473407660788076
0.9473899136869377
0.9474222653771348
0.9474353589705676
0.9474478935069984
0.9474657043123916
0.9474579496021973
0.9474341938992606
0.9474399636980593
0.9474534887279379
0.9474484873657311
0.9474756960241019
0.9475271648199707
0.9475927998552031
0.9476735218876524
