0.7836555817432227
0.7627351618469981
0.7547065250611001
0.7464731921087764
0.7380483639900376
0.7294425742206108
0.7206627358850799
0.7117138328087198
0.702599907322214
0.6933245988604255
0.6838914525867457
0.6743041080219843
0.6645664216209974
0.6546825507100247
0.6446570133244807
0.634494731965739
0.6242010658446053
0.6137818342804311
0.6032433328456006
0.5925923432168076
0.5818361373238747
0.5709824761687348
0.5600396035623463
0.5490162349612704
0.5379215415576266
0.5267651297732525
0.5155570163227652
0.5043075990352497
0.49302762365657726
0.481728146890832
0.4704204959779553
0.45911622514341643
0.4478270692931252
0.43656489536156073
0.4253416517519433
0.4141693163334559
0.40305984348093105
0.3920251106566296
0.3810768650410513
0.3702266707198688
0.35948585692692814
0.34886546782864924
0.33837621431355736
0.3280284282220848
0.31783201941708994
0.3077964360550828
0.29793062837301354
0.28824301625638016
0.2787414608024529
0.2694332400386209
0.26032502890127507
0.2514228835263843
0.24273222984996545
0.23425785646597674
0.226003911641655
0.21797390434668618
0.21017070911354763
0.20259657451225344
0.1952531349940596
0.18814142583546467
0.18126190089628091
0.17461445289339295
0.16819843588506167
0.16201268965865234
0.1560555657174364
0.15032495456873995
0.1448183140260776
0.1395326982511067
0.13446478727692657
0.12961091677181547
0.12496710782133247
0.12052909652648003
0.11629236323564063
0.11225216124815462
0.10840354484704251
0.10474139653748615
0.10126045338582079
0.09795533237095988
0.09482055467609707
0.09185056886325371
0.08903977288667686
0.08638253491326386
0.08387321292906325
0.08150617312069242
0.07927580702903925
0.07717654748027603
0.07520288330573577
0.07334937286802223
0.0716106564156721
0.06998146729300869
0.06845664203546364
0.0670311293838477
0.06569999825366446
0.064458444697855
0.06330179790321766
0.0622255252623134
0.061225236563893115
0.06029668734589588
0.059435781455772996
0.058638572863393246
0.05790126677207619
0.05722022007335825
0.056591941190974215
0.056013089359219115
0.05548047338038131
0.0549910499052243
0.05454192127972168
0.05413033300019876
0.05375367081799132
0.05340945753334658
0.05309534951704975
0.0528091329966337
0.05254872014253975
0.052312144987864406
0.05209755921360948
0.051903227829568244
0.05172752477912557
0.05156892849440531
0.05142601742632402
0.051297465572225476
0.0511820380219552
0.05107858654131758
0.05098604521014982
0.05090342613044507
0.05082981521822372
0.050764368091295586
0.05070630606339277
0.050654912253691786
0.05060952781932515
0.05056954831709681
0.05053442019939236
0.05050363744806319
0.05047673834897781
0.05045330240893742
0.050432947415677276
0.05041532664089887
0.05040012618543699
0.05038706246504532
0.05037587983461833
0.05036634834817777
0.05035826165143742
0.05035143500337991
0.05034570342294009
0.05034091995659706
0.05033695406243366
0.05033369010607858
0.05033102596377648
0.05032887172776157
0.050327148509051955
0.05032578733277726
0.050324728121129425
0.050323918759138664
0.05032331423846659
0.05032287587455675
0.05032257059257128
0.05032237027766584
0.05032225118528422
0.05032219340734845
0.05032218039032044
0.05032219850131037
0.05032223663859181
0.050322285883021345
0.05032233918705786
0.050322391098271524
0.05032243751436116
0.05032247546692481
0.050322502931364865
0.05032251866049264
0.05032252203955834
0.050322512960581656
0.05032249171402903
0.05032245889601539
0.050322415329355774
0.05032236199692386
0.050322299985905095
0.05032223044164652
0.050322154529945706
0.05032207340667172
0.05032198819378497
0.050321899960857785
0.050321809711328824
0.05032171837275967
0.05032162679048857
0.05032153572412079
0.05032144584633491
0.05032135774361579
0.05032127191848268
0.05032118879291847
0.05032110871269835
0.05032103195236626
0.050320958720658227
0.05032088916619315
0.05032082338327315
0.05032076141768982
0.05032070327241378
0.050320648913103505
0.05032059827337221
0.05032055125975232
0.05032050775634256
0.05032046762909903
0.050320430729767884
0.05032039689946022
0.050320365971847525
0.05032033777601619
0.05032031213897892
0.05032028888784401
0.05032026785169397
0.050320248863166106
0.050320231759759526
0.05032021638490536
0.05032020258880665
0.05032019022907763
0.050320179171201906
0.050320169288831096
0.050320160463939945
0.050320152586858735
0.05032014555620845
0.050320139278742015
0.050320133669110145
0.05032012864957869
0.050320124149688006
0.05032012010587961
0.050320116461106235
0.050320113164413094
0.05032011017051963
0.050320107439389083
0.05032010493581618
0.050320102629007324
0.050320100492185715
0.050320098502204647
0.05032009663917891
0.05032009488613953
0.05032009322870712
0.050320091654790566
0.050320090154296504
0.05032008871888005
0.05032008734170035
0.05032008601720983
0.05032008474095351
0.050320083509400315
0.05032008231978147
0.050320081169959896
0.050320080058301575
0.05032007898357371
0.05032007794485571
0.05032007694146057
0.050320075972864586
0.05032007503865932
0.0503200741385007
0.05032007327207477
0.05032007243906944
0.05032007163915264
0.0503200708719479
0.050320070137037654
0.05032006943393863
0.05032006876211137
0.05032006812095391
0.05032006750980045
0.05032006692792779
0.05032006637456199
0.05032006584887905
0.05032006535001443
0.05032006487706553
0.050320064429108746
0.050320064005192955
0.050320063604356924
0.05032006322563154
0.05032006286804458
0.050320062530632814
0.05032006221243612
0.05032006191251759
0.05032006162995106
0.05032006136383549
0.05032006111329812
0.050320060877491524
0.0503200606555968
0.05032006044683035
0.05032006025043767
0.05032006006570111
0.05032005989193411
0.05032005972848541
0.05032005957473773
0.05032005943010509
0.05032005929403638
0.050320059166009456
0.05032005904553538
0.05032005893215297
0.05032005882542834
0.050320058724957484
0.05032005863036115
0.05032005854128141
0.05032005845738585
0.05032005837836395
0.050320058303923165
0.050320058233791265
0.050320058167715565
0.05032005810545581
0.050320058046791405
0.050320057991510736
0.05032005793942229
0.05032005789034033
0.05032005784409632
0.050320057800526286
0.050320057759480896
0.0503200577208186
0.050320057684405284
0.05032005765011449
0.05032005761783054
0.05032005758743752
0.05032005755883395
0.05032005753191848
0.05032005750659796
0.05032005748278312
0.0503200574603887
0.05032005743933776
0.050320057419552366
0.05032005740096235
0.05032005738349954
0.05032005736710088
0.05032005735170475
0.05032005733725475
0.05032005732369582
0.050320057310975996
0.050320057299046206
0.05032005728786049
0.05032005727737643
0.05032005726755118
0.05032005725834521
0.050320057249721994
0.050320057241646565
0.05032005723408661
0.050320057227008275
0.050320057220385794
0.05032005721418786
0.05032005720839061
0.050320057202968616
0.05032005719789856
0.05032005719315791
0.050320057188727674
0.05032005718458599
0.05032005718071719
0.05032005717710197
0.0503200571737249
0.05032005717057142
0.050320057167627774
0.050320057164879306
0.05032005716231358
0.05032005715991883
0.05032005715768495
0.05032005715560128
0.05032005715365806
0.050320057151846065
0.05032005715015597
0.05032005714858123
0.050320057147113406
0.050320057145745944
0.05032005714447285
0.0503200571432848
0.05032005714218091
0.05032005714115362
0.050320057140196606
0.05032005713930621
0.0503200571384782
0.05032005713770815
0.05032005713699261
0.0503200571363277
0.05032005713570875
0.0503200571351351
0.05032005713460075
0.05032005713410603
0.05032005713364729
0.050320057133221074
0.050320057132825835
0.05032005713245791
0.05032005713211862
0.05032005713180354
0.050320057131511664
0.050320057131241214
0.05032005713099108
0.05032005713075938
0.05032005713054499
0.05032005713034582
0.05032005713016341
0.05032005712999299
0.050320057129837004
0.050320057129691786
0.05032005712955845
0.050320057129434326
0.05032005712931997
0.05032005712921561
0.050320057129118134
0.050320057129028206
0.050320057128946494
0.05032005712886978
0.05032005712879928
0.05032005712873533
0.050320057128676265
0.0503200571286202
0.050320057128570905
0.05032005712852394
0.05032005712848042
0.05032005712844223
0.05032005712840604
0.0503200571283724
0.050320057128341866
0.050320057128313445
0.050320057128288576
0.050320057128264484
0.05032005712824361
0.05032005712822407
0.05032005712820409
0.05032005712818843
0.050320057128172446
0.05032005712815968
0.050320057128146356
0.05032005712813481
0.05032005712812371
0.05032005712811394
0.0503200571281055
0.05032005712809695
0.05032005712808918
0.05032005712808296
0.05032005712807652
0.05032005712807075
0.05032005712806564
0.05032005712806065
0.05032005712805676
0.05032005712805221
0.050320057128048545
0.05032005712804544
0.05032005712804233
0.050320057128039775
0.050320057128037
0.05032005712803589
0.050320057128033
0.05032005712803089
0.05032005712802956
0.05032005712802767
0.05032005712802634
0.05032005712802512
0.05032005712802423
0.05032005712802334
0.050320057128022344
0.05032005712802168
0.05032005712802101
0.050320057128020124
0.05032005712801901
0.05032005712801857
0.050320057128018014
0.05032005712801757
0.05032005712801724
0.05032005712801679
0.05032005712801668
0.05032005712801635
0.05032005712801613
0.05032005712801546
0.05032005712801535
0.05032005712801568
0.05032005712801413
0.050320057128014795
0.050320057128014906
0.05032005712801568
0.050320057128013684
0.05032005712801502
0.050320057128014906
0.05032005712801413
0.05032005712801446
0.05032005712801457
0.05032005712801435
0.05032005712801402
0.05032005712801357
0.05032005712801457
0.05032005712801435
0.05032005712801357
0.050320057128013684
0.050320057128013684
0.050320057128013684
0.05032005712801402
0.05032005712801402
0.05032005712801357
0.05032005712801435
0.05032005712801346
0.05032005712801413
0.05032005712801324
0.050320057128013684
0.050320057128013684
0.050320057128013906
0.05032005712801402
0.050320057128013684
0.050320057128013906
0.05032005712801324
0.050320057128013906
0.050320057128013906
0.050320057128013906
0.05032005712801357
0.05032005712801346
0.05032005712801346
0.05032005712801346
0.05032005712801357
0.050320057128013906
0.05032005712801357
0.05032005712801402
0.05032005712801357
0.05032005712801357
0.05032005712801357
0.050320057128013906
0.05032005712801324
0.05032005712801435
0.05032005712801402
0.050320057128013906
0.050320057128013906
0.05032005712801402
0.05032005712801413
0.05032005712801446
0.05032005712801346
0.05032005712801435
0.050320057128013684
0.05032005712801402
0.05032005712801402
0.05032005712801324
0.05032005712801446
0.05032005712801357
0.05032005712801357
0.050320057128013684
0.05032005712801402
0.05032005712801313
0.05032005712801413
0.05032005712801413
0.050320057128013906
0.05032005712801413
0.05032005712801324
0.050320057128013906
0.05032005712801324
0.05032005712801402
0.05032005712801402
0.050320057128013684
0.05032005712801357
0.05032005712801435
0.05032005712801357
0.050320057128013684
0.05032005712801402
0.05032005712801402
0.05032005712801402
0.05032005712801324
0.05032005712801357
0.05032005712801357
0.050320057128013906
0.05032005712801313
0.05032005712801357
0.050320057128013684
0.05032005712801402
0.05032005712801435
0.05032005712801302
0.050320057128013684
0.050320057128013684
0.05032005712801324
0.05032005712801357
0.05032005712801357
0.05032005712801357
0.05032005712801324
0.050320057128013684
0.05032005712801457
0.05032005712801302
0.05032005712801324
0.050320057128013684
0.05032005712801346
0.05032005712801346
0.050320057128013684
0.05032005712801346
0.05032005712801357
0.05032005712801302
0.05032005712801413
0.050320057128013684
0.050320057128013906
0.050320057128013684
0.050320057128013684
0.050320057128013906
0.050320057128013684
0.050320057128013906
0.05032005712801357
0.05032005712801346
0.050320057128013906
0.05032005712801357
0.05032005712801313
0.050320057128013906
0.05032005712801346
0.05032005712801402
0.050320057128013906
0.050320057128013684
0.050320057128013684
0.050320057128013906
0.050320057128013684
0.05032005712801402
0.05032005712801457
0.050320057128013906
0.05032005712801357
0.050320057128013906
0.050320057128013906
0.050320057128013906
0.05032005712801413
0.05032005712801357
0.05032005712801357
0.05032005712801324
0.05032005712801402
0.05032005712801346
0.05032005712801402
0.050320057128013684
0.05032005712801357
0.05032005712801357
0.050320057128013906
0.05032005712801313
0.05032005712801324
0.05032005712801413
0.05032005712801413
0.050320057128013906
0.05032005712801346
0.05032005712801402
0.05032005712801357
0.050320057128013906
0.05032005712801313
0.05032005712801357
0.050320057128013684
0.05032005712801413
0.050320057128013906
0.05032005712801402
0.05032005712801324
0.05032005712801357
0.050320057128013684
0.050320057128013906
0.05032005712801435
0.05032005712801324
0.05032005712801313
0.050320057128013906
0.05032005712801435
0.050320057128013684
0.05032005712801346
0.05032005712801324
0.05032005712801346
0.05032005712801324
0.05032005712801346
0.050320057128013684
0.050320057128013684
0.05032005712801346
0.05032005712801357
0.05032005712801346
0.050320057128013684
0.05032005712801357
0.050320057128013684
0.05032005712801324
0.050320057128013906
0.05032005712801324
0.050320057128013906
0.050320057128013906
0.05032005712801302
0.05032005712801357
0.05032005712801446
0.050320057128013906
0.05032005712801357
0.050320057128013684
0.05032005712801446
0.05032005712801346
0.050320057128013906
0.05032005712801402
0.05032005712801402
0.05032005712801324
0.05032005712801446
0.05032005712801435
0.05032005712801402
