1.8877955688716344
1.8773955810307756
1.865513861085682
1.8520691531576068
1.8372385415374657
1.8209009748449767
1.803323571123257
1.784410508310984
1.7644268034151989
1.7432805505137832
1.720989727068288
1.6978976101565666
1.673827373373499
1.648893563710858
1.623089690447949
1.5964223465056542
1.5688369906524284
1.540281871961318
1.5109310077175444
1.4808196029496978
1.4501805809623718
1.4191394567909121
1.3877552600186467
1.3560998566661462
1.3242431467133726
1.2921941370987364
1.2598263866538697
1.2271914225076126
1.1944522277930005
1.1615808805992929
1.1287440458631857
1.0952912676504054
1.062065883062071
1.0292019652465603
0.9961721529914912
0.9631649967655261
0.9303536370887993
0.8973786284479385
0.8649043836537149
0.8329347999320398
0.8013060600992639
0.7704598911846209
0.7404875257051704
0.7111075938692812
0.6827212622938098
0.6553392370603954
0.6284341277215487
0.6023669457844834
0.5772496293921214
0.5528817636367479
0.529410800750396
0.5065335327753063
0.4844137838989167
0.46300898527033857
0.44260427687002285
0.42369824405200307
0.4037808382705852
0.3850461778493019
0.3668162877634308
0.3498434971728857
0.33425667291198646
0.3196225271226714
0.3053093214766058
0.29176593443684334
0.27729737145103234
0.2632618360240145
0.2496786621614382
0.2353734323301171
0.2198918542584309
0.2051571943323733
0.19171746814368001
0.1791489047529335
0.1676096091873156
0.1565634492064209
0.14642947932642217
0.13700146603298483
0.1276906541088515
0.11975388144265699
0.11307279175363699
0.10779329361678992
0.10352885614399042
0.09916031659476278
0.09617537944034384
0.08980794169376578
0.08379986344924834
0.07939836228585403
0.07693741683473912
0.07562365043465279
0.07200230839939785
0.06815633427024344
0.06531197080479637
0.06295876822761391
0.06150338042068655
0.05955328217737222
0.05877344412990471
0.05733343262012297
0.05565305718245782
0.05411685457137466
0.052758242650076635
0.05140603003257555
0.05108585369150115
0.05185660898752952
0.05358846285576433
0.055599962349904566
0.055179707682871185
0.05398040613068034
0.05352438113809952
0.054214227288638346
0.05227829058782892
0.0517660749488327
0.05123097946655113
0.05089775116059463
0.05151715381414959
0.05256940134423816
0.054255137509037515
0.05425657050716255
0.053429753768736
0.05356128360654807
0.05357795448866234
0.054748454930332965
0.05734165802521619
0.05806741199323221
0.05848737736293998
0.059422785512443906
0.06006361620484219
0.05880551994314283
0.0584752624561303
0.059366076234521115
0.05880503217081154
0.059663417521318436
0.06189853778612827
0.05902250741066107
0.057491098767771906
0.057118540542608225
0.05596519083484772
0.056075436714428765
0.05804444802671392
0.06016133678102858
0.060996558577097945
0.06179543926110296
0.06217685291605614
0.061201927310112404
0.06148160722587193
0.061937119739343884
0.06355264562612875
0.06483628716231137
0.06373403478911369
0.06420836968086122
0.06319201802877215
0.06280386572737327
0.0628441692545854
0.06431607617890432
0.06452479954156802
0.06546303870643806
0.06691068381744038
0.0683049311951503
0.06660338746662839
0.06575751325986402
0.06543077705474452
0.06647887693241099
0.06853852339073399
0.06990527070855423
0.07136990204979397
0.07196557006109545
0.07302382475891177
0.07361902774077055
0.07367886023372072
0.07440427260656089
0.07532721822910168
0.07441518322960518
0.07494803145965608
0.075620312372492
0.07692849115912853
0.07715205547337887
0.07818147042213455
0.07975429820744523
0.08037659435333434
0.08110923262471849
0.08200411022008847
0.08360007550226778
0.08511669630336327
0.0866405285484292
0.08716027041273346
0.08846655356256489
0.08929323616977539
0.08890944678755133
0.08965705235827905
0.09128477823051633
0.09187056755438085
0.0912200377633963
0.09103311222640606
0.09095751875523936
0.09066965834681878
0.09128054604674392
0.09186010158108089
0.09334874804417782
0.09426944954710641
0.09481538863039078
0.09741398337371807
0.09758209105418784
