0.9999362067360202
0.9999349489008719
0.9999334058615827
0.9999317687923787
0.9999300421798705
0.9999282149003362
0.9999262828702545
0.9999242357944297
0.9999220592856938
0.9999197455103543
0.9999172773315738
0.9999146478905248
0.9999118322110995
0.9999088280196793
0.9999056208791051
0.9999021775944098
0.9998984898025652
0.9998945123570919
0.9998902281354215
0.9998856149215042
0.9998806116773965
0.9998752405711633
0.99986946636364
0.9998632673575497
0.9998565777159503
0.9998493923086893
0.9998416742746109
0.9998334119817582
0.9998245215290791
0.9998150078129785
0.9998048309015736
0.9997939015272813
0.9997822405535942
0.9997698153316278
0.9997565340234612
0.9997423600397959
0.9997273315908387
0.9997114704718619
0.9996946667198072
0.9996769103934618
0.9996581619921078
0.9996384590657516
0.9996176730258417
0.9995959480924499
0.9995731646032912
0.9995492851314726
0.9995242096787822
0.9994981066543961
0.9994710590567187
0.9994429628240293
0.999413995558415
0.9993839381890294
0.9993529948748174
0.9993210557905573
0.9992881929853994
0.9992544510917136
0.9992195702798139
0.9991839448967765
0.9991477272880882
0.9991106314594196
0.9990729340481078
0.9990350043482593
0.9989965611726216
0.9989576062995172
0.9989179733023331
0.9988777236211432
0.9988371068052347
0.9987961209462889
0.9987552224540855
0.9987142115075872
0.9986735398392317
0.9986323765582575
0.9985912016982204
0.9985502180443105
0.9985090393171796
0.9984684791400493
0.9984280417510056
0.9983880857962192
0.9983485510882133
0.9983096732220093
0.9982716056472406
0.9982339577802751
0.9981964507381432
0.9981595658378504
0.9981233331016607
0.9980878800310768
0.9980532964147306
0.9980195304263101
0.9979861551035938
0.9979539819834953
0.9979224065092872
0.997891175632787
0.9978604821859071
0.9978304324177328
0.9978010864131791
0.9977723635577455
0.9977445525688365
0.9977175335289743
0.9976910845409653
0.997665355245023
0.997640208410765
0.997615415302104
0.9975916981873029
0.9975690994247021
0.9975471670612448
0.9975265610337761
0.997507328238942
0.9974883341347055
0.997469837015809
0.9974522807613416
0.997435475958884
0.9974186927503599
0.9974022848134919
0.9973870195499568
0.9973727482397933
0.9973582583714693
0.9973448517724824
0.9973322710528085
0.9973201995791798
0.997307796442749
0.9972959836159824
0.9972842753649551
0.997273389849589
0.9972628456923929
0.9972523948817429
0.9972419807126394
0.9972322306689124
0.9972223556781996
0.9972133419575379
0.9972054167333155
0.9971971933973934
0.997188729960935
0.9971804904370694
0.9971727946894327
0.9971657881039975
0.9971589966980714
0.9971524051670672
0.9971464983015734
0.9971407499460796
0.9971353291793777
0.9971298076735118
0.997124417014411
0.9971191031494924
0.9971144091422273
0.9971095959026949
0.9971062361642479
0.9971031650107798
0.9971003538488049
0.9970974586475421
0.9970949328304142
0.9970927752517406
0.9970902174356191
0.9970879913934121
0.9970861544136453
0.9970847922626966
0.9970829291992647
0.9970804446644269
0.9970782691308401
0.9970762439066437
0.9970753620593644
0.9970747568035578
0.9970744574009296
0.9970742334636582
0.9970735965596287
0.9970723088707879
0.9970711902960039
0.9970700336766086
0.9970686557766864
0.9970674570426552
0.9970667391345942
0.9970662047066311
0.997065669415821
0.9970653144681805
0.9970650951045639
0.9970650471330124
0.9970654270292264
0.997065113711502
0.9970649236848882
0.9970647757666884
0.9970650029175324
0.9970654540551876
0.9970662932401163
0.9970658309113445
0.9970659730588138
0.9970649639634033
0.9970652585381613
0.9970658608020015
0.9970663899563674
0.9970669671786884
0.9970680752757305
0.9970689325764488
0.9970704595172916
0.997071659362907
0.9970726228629169
0.9970739386703168
0.9970761387886934
0.9970776849470274
0.9970798433961778
0.9970821435159335
0.9970846356890833
