0.9997527327013868
0.9997500078088932
0.9997469394736074
0.9997460556547558
0.9997456655594561
0.9997416758087283
0.9997388721275551
0.9997358385126022
0.9997369111811604
0.9997311417535498
0.9997387998803418
0.9997359332584509
0.9997327946566319
0.9997294104914378
0.9997258513329895
0.9997229545631203
0.9997234217945533
0.9997175332971021
0.9997122706963736
0.9997086813880998
0.9997056312623834
0.9997010882383195
0.9996969505680513
0.9996943435485209
0.9996902423521751
0.9996887264479075
0.9996817250219475
0.9996771521009219
0.9996724204927577
0.9996697743250323
0.9996727968269169
0.9996770419786323
0.9996650838529517
0.9996571865265729
0.9996652657774105
0.9996540113509548
0.9996568086965902
0.9996455572213347
0.999647674140444
0.9996515751281974
0.9996387553145892
0.9996349242960411
0.9996291748952921
0.9996247149013113
0.9996250218044815
0.9996210965561505
0.999615510274491
0.9996115090558348
0.9996029188123976
0.9996019459794022
0.9995937512011742
0.9996010613541659
0.9995956425792267
0.9995807447287762
0.9995769835993908
0.9995713481718279
0.9995650522952866
0.9995561598229316
0.9995542371639696
0.9995515922958227
0.9995433390344797
0.9995348681483506
0.9995319239260095
0.9995274287837526
0.9995204390372944
0.9995170573795354
0.9995089392348265
0.9995068656629366
0.9994979149674986
0.9994967167334995
0.999486330153567
0.9994813618122661
0.9994818063678789
0.999470734121854
0.9994705079069558
0.9994605197647021
0.9994603618089075
0.9994511892013415
0.999450686455782
0.9994421052059036
0.9994562908978409
0.9994330981364624
0.9994475684776087
0.9994244537199136
0.9994388926530202
0.9994265072667741
0.9994226819871147
0.9994267100245627
0.9994145864913552
0.9994184306031251
0.9994236665283255
0.9994097611248844
0.999415478613201
0.9994310782390949
0.9993986249203411
0.9994093433674655
0.9993906814023744
0.999400486953019
0.9993948449552695
0.999379889564136
0.999386166973103
0.9993806079178096
0.9993709354089418
0.9993726355905448
0.9993894509618003
0.9993651145831923
0.999360438251331
0.9993555125124226
0.9993597488562741
0.9993480146367639
0.9993431359730695
0.9993715782431118
0.9993681555794124
0.9993314869953481
0.9993540792891189
0.9993259201194933
0.9993584654818498
0.9993549049212198
0.9993430586953267
0.999339872592733
0.9993479582138663
0.9993340645911677
0.9993426619265796
0.9993391245366458
0.9993352034481062
0.9993309779028895
0.9993266666307938
0.9993221267604734
0.9993176691088209
0.9993133606202672
0.9993090816348813
0.9993049503592885
0.9993011404991846
0.9992971665778847
0.9992933694101086
0.999289836297918
0.9992865756575617
0.9992832629734146
0.9992799780390912
0.9992769578025953
0.9992740955017514
0.9992713399579793
0.9992887296905053
0.9992869180930567
0.9992655828008864
0.9992830367669754
0.9992804389722513
0.9992774734919061
0.9992744109542882
0.9992712640628411
0.9992682116829639
0.9992653789292331
0.999262309517491
0.9992595187758151
0.9992568856859321
0.9992540951379799
0.9992512322628166
0.9992485248137922
0.9992459507327995
0.9992437106307658
0.9992416105545556
0.9992395318454796
0.9992373782373473
0.999235371651881
0.9992334061017628
0.999231328793962
0.9992292001950088
0.9992269365975797
0.9992248073647333
0.999222783961303
0.9992210278403841
0.999219474678395
0.9992181593593488
0.9992166932561545
0.9992152401047567
0.9992139093704203
0.9992126528091231
0.9992114421935927
0.9992100707781991
0.9992088732615262
0.9992076028942646
0.9992062068709721
0.9992049218985388
0.9992036101120517
0.9992020454283732
0.9992003795444224
0.9991990051307509
0.9991973781978822
0.9991960687491958
0.9991949076930186
0.9991939080382026
0.9991930166045695
0.999191842640033
0.9991908521563043
0.999190090851663
0.9991892221882329
0.9991881907404009
0.9991870440266551
0.9991859364203804
0.9991849838913425
