0.7940947777456276
0.7584792445921176
0.7544398193198941
0.7503415313034085
0.7461901590138563
0.7419896322715334
0.7377422222915283
0.7334492905236998
0.7291116963388586
0.724730012578437
0.7203046455044466
0.7158359055936158
0.7113240516862218
0.7067693199190876
0.7021719435443265
0.6975321670457264
0.6928502565409507
0.6881265076709482
0.6833612517262045
0.6785548604911577
0.6737077501239264
0.668820384285358
0.6638932766651313
0.6589269930091208
0.6539221527231891
0.6488794301088177
0.6437995552723899
0.6386833147404458
0.633531551806499
0.6283451666302173
0.6231251161062754
0.617872413517665
0.6125881279863605
0.6072733837328248
0.6019293591548107
0.5965572857350983
0.5911584467871844
0.5857341760474966
0.5802858561223356
0.5748149167974721
0.5693228332181359
0.5638111239469794
0.5582813489075056
0.552735107220381
0.5471740349400298
0.5415998026988931
0.5360141132667693
0.530418699032658
0.5248153194166025
0.5192057582190523
0.5135918209153545
0.5079753319029907
0.5023581317092991
0.49674207416739014
0.49112902356806776
0.48552085179554805
0.47991943545479543
0.47432665299827914
0.46874438185991674
0.46317449560392443
0.4576188610962193
0.45207933570587755
0.44655776454407903
0.4410559777477492
0.435575787814967
0.4301189869989446
0.42468734476720404
0.4192826053322275
0.41390648525961715
0.4085606711594725
0.403246817466302
0.3979665443124861
0.3927214354998557
0.3875130365736005
0.3823428530022587
0.377212348467142
0.3721229432640786
0.3670760128199291
0.3620728863258664
0.3571148454889538
0.35220312340310955
0.34733890354007235
0.3425233188605825
0.33775745104549226
0.3330423298461561
0.32837893255299455
0.32376818358076154
0.319210954168638
0.314708062192932
0.3102602720898219
0.3058682948852707
0.30153278832891883
0.29725435712853876
0.2930335532813332
0.2888708764982054
0.2847667747168766
0.2807216446995988
0.2767358327110564
0.2728096352719328
0.26894329998353594
0.2651370264188072
0.26139096707499
0.2577052283832445
0.2540798717704479
0.2505149147685053
0.2470103321664916
0.24356605720103808
0.24018198278043268
0.23685796273804627
0.23359381311072858
0.23038931343803004
0.2272442080781728
0.22415820753688231
0.22113098980531765
0.2181622017035093
0.21525146022589092
0.21239835388567474
0.20960244405497985
0.20686326629784257
0.20418033169335992
0.20155312814646476
0.1989811216839401
0.196463757733515
0.19400046238400792
0.1915906436247149
0.18923369256234868
0.1869289846140224
0.18467588067495289
0.1824737282596557
0.18032186261561955
0.17821960780852064
0.17616627777822558
0.17416117736492753
0.17220360330490225
0.1702928451954605
0.16842818642881519
0.16660890509465187
0.16483427485129465
0.16310356576547402
0.16141604512073437
0.1597709781946426
0.15816762900500037
0.15660526102533756
0.15508313787001793
0.15360052394933932
0.1521566850950684
0.15075088915687196
0.14938240657016932
0.14805051089594157
0.14675447933306562
0.14549359320379607
0.1442671384129749
0.143074405881646
0.14191469195568984
0.14078729879017227
0.1396915347100499
0.1386267145479252
0.1375921599595339
0.1365871997176279
0.13561116998496292
0.13466341456703967
0.13374328514530287
0.1328501414914346
0.1319833516634472
0.1311422921841977
0.13032634820297162
0.1295349136408137
0.12876739132017168
0.12802319307951937
0.12730173987354831
0.1266024618595023
0.12592479847026705
0.12526819847475323
0.12463212002615431
0.12401603069859446
0.12341940751271407
0.12284173695069389
0.12228251496123832
0.12174124695497479
0.12121744779077648
0.1207106417534517
0.12022036252324009
0.11974615313757064
0.11928756594549661
0.11884416255519692
0.11841551377497528
0.11800119954809851
0.11760080888188662
0.11721393977138606
0.11684019911798316
0.1164792026432856
0.11613057479861233
0.11579394867038528
0.11546896588173972
0.1151552764906284
0.11485253888471858
0.11456041967333352
0.11427859357671277
0.11400674331282123
0.11374455948198314
0.11349174044951893
0.11324799222665993
0.11301302834991078
0.11278656975909207
0.1125683446742416
0.11235808847155904
0.11215554355858937
0.11196045924879516
0.11177259163568909
0.1115917034666879
0.11141756401681502
0.11124994896241924
0.11108864025501874
0.11093342599541078
0.11078410030815566
0.1106404632165684
0.11050232051829612
0.11036948366160748
0.11024176962248455
0.11011900078258485
0.11000100480819175
0.10988761453021023
0.10977866782528034
0.10967400749808831
0.10957348116493781
0.1094769411386266
0.10938424431469718
0.10929525205911628
0.10920983009740581
0.10912784840529
0.10904918110089357
0.10897370633851333
0.10890130620400063
0.10883186661179811
0.10876527720362006
0.10870143124883114
0.10864022554652575
0.10858156032932531
0.10852533916890017
0.1084714688832431
0.10841985944567989
0.10837042389563845
0.10832307825117404
0.10827774142323776
0.10823433513172576
0.10819278382323949
0.10815301459063298
0.10811495709426688
0.10807854348500656
0.10804370832893129
0.10801038853376077
0.107978523276966
0.10794805393556184
0.10791892401756975
0.1078910790951163
0.10786446673918038
0.10783903645592696
0.10781473962465427
0.10779152943730541
0.10776936083952482
0.10774819047324968
0.10772797662080891
0.1077086791505032
0.10769025946364919
0.10767268044305334
0.10765590640290634
0.10763990304006754
0.10762463738670214
0.10761007776426734
0.10759619373881535
0.10758295607756596
0.10757033670677052
0.10755830867078897
0.10754684609239418
0.10753592413425472
0.10752551896159168
0.10751560770595081
0.10750616843011207
0.10749718009406017
0.10748862252203295
0.10748047637060232
0.10747272309776001
0.10746534493300108
0.10745832484836082
0.10745164653039596
0.10744529435308137
0.10743925335159787
0.10743350919699013
0.10742804817166618
0.10742285714572775
0.10741792355409674
0.10741323537442504
0.10740878110575836
0.10740454974794567
0.10740053078175216
0.10739671414968022
0.10739309023746291
0.10738964985621013
0.10738638422519464
0.1073832849552585
0.10738034403281882
0.10737755380444503
0.10737490696201979
0.10737239652842845
0.1073700158437837
0.10736775855217096
0.10736561858887661
0.10736359016810937
0.10736166777117695
0.10735984613512206
0.10735812024178859
0.10735648530731057
0.10735493677200514
0.10735347029066922
0.10735208172323984
0.10735076712583913
0.10734952274216214
0.10734834499521018
0.10734723047936379
0.10734617595275531
0.1073451783299686
0.1073442346750264
0.10734334219466624
0.10734249823188746
0.10734170025977186
0.10734094587555898
0.10734023279496041
0.1073395588467202
0.10733892196740491
0.10733832019640921
0.1073377516711691
0.10733721462259316
0.10733670737068046
0.10733622832032508
0.10733577595730537
0.10733534884445539
0.10733494561798673
0.10733456498398741
0.10733420571506735
0.10733386664715139
0.10733354667642125
0.1073332447563905
0.10733295989510516
0.10733269115248278
0.10733243763776157
0.10733219850707243
0.1073319729611133
0.10733176024294122
0.10733155963585883
0.1073313704613984
0.10733119207740716
0.10733102387620974
0.10733086528286917
0.10733071575351982
0.10733057477378694
0.10733044185727658
0.10733031654413727
0.10733019839969515
0.10733008701314961
0.10732998199633326
0.10732988298253376
0.10732978962537221
0.10732970159773492
0.10732961859076029
0.10732954031287123
0.10732946648886277
0.10732939685902598
0.10732933117832255
0.10732926921559827
0.10732921075283353
0.107329155584439
0.10732910351657621
0.10732905436652329
0.10732900796206624
0.10732896414092474
0.10732892275020445
0.10732888364588222
0.10732884669231124
0.10732881176176301
0.10732877873397861
0.10732874749575572
0.10732871794055132
0.10732868996810918
0.10732866348409875
0.10732863839978857
0.10732861463171961
0.10732859210141077
0.10732857073506874
0.10732855046332446
0.10732853122097252
0.10732851294673373
0.10732849558302704
0.10732847907575538
0.10732846337410196
0.10732844843033373
0.10732843419962768
0.107328420639894
0.10732840771161423
0.10732839537769545
0.10732838360331753
0.10732837235580084
0.10732836160448134
0.10732835132058283
0.10732834147710946
0.10732833204873515
0.10732832301170292
0.1073283143437277
0.10732830602391041
0.10732829803265087
0.10732829035156743
0.10732828296342334
0.10732827585205529
0.1073282690023093
0.10732826239997284
0.10732825603172247
0.10732824988506451
0.10732824394828455
0.10732823821039694
0.10732823266110092
0.10732822729073777
0.10732822209024862
0.10732821705113527
0.10732821216542854
0.10732820742565063
0.10732820282478794
0.10732819835625429
0.10732819401387272
0.10732818979184378
0.10732818568472069
0.10732818168738734
0.10732817779503934
0.10732817400316341
0.1073281703075124
0.10732816670409673
0.10732816318916372
0.10732815975917942
0.10732815641081972
0.10732815314095212
0.10732814994662598
0.10732814682506053
0.10732814377363153
0.10732814078986364
0.1073281378714187
0.10732813501608784
0.10732813222178184
0.10732812948652715
0.10732812680845105
0.10732812418578364
0.10732812161684258
0.1073281191000367
0.10732811663384989
0.10732811421684518
0.10732811184765456
0.10732810952497462
0.10732810724756459
0.10732810501424217
0.10732810282387695
0.10732810067539011
0.10732809856775016
0.10732809649996922
0.1073280944711007
0.10732809248023745
0.1073280905265096
0.10732808860907939
0.10732808672714367
0.10732808487992695
0.10732808306668373
0.10732808128669413
0.10732807953926626
0.107328077823725
0.10732807613942563
0.10732807448574011
0.10732807286205981
0.1073280712677972
0.10732806970237974
0.10732806816525386
0.1073280666558798
0.10732806517373483
0.10732806371830872
0.10732806228910674
0.10732806088564695
0.10732805950745383
0.10732805815407254
0.10732805682505375
0.10732805551995817
0.10732805423836
0.10732805297984249
0.10732805174399573
0.10732805053042005
0.10732804933872586
0.10732804816852803
0.10732804701945453
0.10732804589113654
0.10732804478321312
0.107328043695333
0.10732804262714957
0.10732804157832243
0.1073280405485203
0.10732803953741532
0.10732803854468498
0.10732803757001674
0.10732803661309953
0.10732803567363003
0.1073280347513087
0.107328033845845
0.10732803295694648
0.10732803208433273
0.10732803122772416
0.10732803038684757
0.10732802956143273
0.10732802875121505
0.10732802795593532
0.10732802717533663
0.10732802640916839
0.10732802565718147
0.10732802491913418
0.10732802419478371
0.1073280234838968
0.10732802278624176
0.10732802210158943
0.10732802142971642
0.10732802077040116
0.10732802012342724
0.10732801948857851
0.10732801886564802
0.10732801825442717
0.10732801765471123
0.10732801706630324
0.10732801648900292
0.10732801592261787
0.10732801536695702
0.10732801482183174
0.10732801428705807
0.10732801376245549
0.10732801324784369
0.1073280127430466
0.10732801224789046
0.10732801176220674
0.10732801128582725
0.10732801081858678
0.1073280103603228
0.10732800991087632
0.1073280094700908
0.1073280090378107
0.1073280086138847
0.10732800819816335
0.10732800779049878
0.10732800739074777
0.10732800699876721
0.10732800661441766
0.107328006237561
0.10732800586806202
0.10732800550578858
0.10732800515060814
0.1073280048023918
0.10732800446101465
0.10732800412635057
0.10732800379827856
0.10732800347667737
0.10732800316142743
0.10732800285241384
0.10732800254952146
0.10732800225263872
0.10732800196165326
0.10732800167645873
0.10732800139694465
0.10732800112300855
0.10732800085454486
0.10732800059145442
0.1073280003336361
0.10732800008099075
0.10732799983342323
0.10732799959083772
0.10732799935314097
0.10732799912024182
0.10732799889204958
0.10732799866847642
0.10732799844943475
0.10732799823483907
0.1073279980246058
0.10732799781865066
0.10732799761689416
0.10732799741925614
0.10732799722565822
0.1073279970360228
0.1073279968502755
0.10732799666834048
0.1073279964901458
0.10732799631561918
0.1073279961446908
0.10732799597729048
0.1073279958133494
0.10732799565280404
0.10732799549558525
0.1073279953416314
0.10732799519087655
0.10732799504326085
0.10732799489872136
0.10732799475719978
0.10732799461863574
0.10732799448297214
0.10732799435015183
0.10732799422011896
0.10732799409282068
0.10732799396819992
0.1073279938462064
0.10732799372678803
0.10732799360989309
0.10732799349547095
0.10732799338347476
0.10732799327385312
0.10732799316656327
0.10732799306155483
0.10732799295878415
0.10732799285820682
0.10732799275977778
0.10732799266345427
0.10732799256919401
0.10732799247695635
0.10732799238669921
0.10732799229838397
0.10732799221197065
0.10732799212742095
0.10732799204469778
0.10732799196376275
0.10732799188458031
0.10732799180711494
0.1073279917313309
0.10732799165719553
0.1073279915846731
0.10732799151373185
0.10732799144433824
0.1073279913764621
0.10732799131007165
0.10732799124513548
0.10732799118162484
0.10732799111950886
0.10732799105875979
0.10732799099934975
0.1073279909412489
0.1073279908844319
0.10732799082887157
0.10732799077454247
0.10732799072141652
0.10732799066947052
0.10732799061868015
0.10732799056901987
0.10732799052046715
0.10732799047299668
0.10732799042658836
0.1073279903812171
0.10732799033686369
0.10732799029350593
0.10732799025112127
0.10732799020968997
0.10732799016919226
0.10732799012960703
0.10732799009091598
0.10732799005309968
0.1073279900161398
0.10732798998001714
0.10732798994471515
0.10732798991021497
0.10732798987649972
0.10732798984355252
0.1073279898113575
0.10732798977989721
0.1073279897491567
0.10732798971911961
0.10732798968977197
0.10732798966109813
0.1073279896330831
0.10732798960571299
0.10732798957897305
0.10732798955285106
0.10732798952733169
0.10732798950240252
0.10732798947805222
0.10732798945426525
0.10732798943103095
0.10732798940833643
0.10732798938617094
0.10732798936452237
0.1073279893433785
0.10732798932272869
0.10732798930256149
0.10732798928286691
0.1073279892636343
0.10732798924485365
0.10732798922651421
0.10732798920860642
0.10732798919112063
0.10732798917404762
0.10732798915737785
0.10732798914110264
0.10732798912521246
0.10732798910969998
0.10732798909455588
0.10732798907977148
0.1073279890653388
0.10732798905124952
0.1073279890374973
0.10732798902407392
0.10732798901097096
0.10732798899818274
0.10732798898570017
0.10732798897351614
0.1073279889616261
0.10732798895002349
0.10732798893869921
0.10732798892764872
0.10732798891686424
0.10732798890634154
0.1073279888960732
0.10732798888605377
0.1073279888762767
0.10732798886673811
0.10732798885743156
0.10732798884835182
0.10732798883949357
0.10732798883085115
0.10732798882242023
0.10732798881419592
0.10732798880617311
0.10732798879834693
0.10732798879071259
0.10732798878326699
0.10732798877600436
0.10732798876892069
0.107327988762012
0.1073279887552735
0.10732798874870275
0.10732798874229366
0.10732798873604377
0.10732798872994953
0.10732798872400673
0.10732798871821114
0.10732798871256077
0.10732798870705107
0.10732798870167903
0.10732798869644145
0.10732798869133475
0.1073279886863564
0.1073279886815025
0.10732798867677096
0.1073279886721582
0.10732798866766213
0.10732798866327897
0.1073279886590065
0.10732798865484183
0.10732798865078308
0.10732798864682624
0.10732798864297
0.10732798863921234
0.10732798863554993
0.10732798863198079
0.10732798862850279
0.10732798862511261
0.10732798862180937
0.10732798861859083
0.1073279886154549
0.10732798861239967
0.10732798860942172
0.10732798860652126
0.10732798860369419
0.10732798860094139
0.10732798859825887
0.10732798859564585
0.10732798859309922
0.1073279885906192
0.10732798858820314
0.10732798858585035
0.10732798858355841
0.1073279885813262
0.10732798857915193
0.10732798857703363
0.10732798857497106
0.10732798857296288
0.10732798857100656
0.10732798856910186
0.10732798856724646
0.10732798856544024
0.10732798856368087
0.10732798856196846
0.10732798856030124
0.10732798855867687
0.10732798855709647
0.10732798855555703
0.10732798855405867
0.10732798855259984
0.10732798855117931
0.1073279885497973
0.10732798854845116
0.10732798854714065
0.10732798854586578
0.10732798854462455
0.10732798854341707
0.10732798854224024
0.10732798854109638
0.10732798853998293
0.10732798853889813
0.10732798853784464
0.1073279885368178
0.10732798853581871
0.10732798853484626
0.10732798853390124
0.10732798853298053
0.1073279885320847
0.10732798853121361
0.10732798853036629
0.10732798852954228
0.10732798852873948
0.10732798852795866
0.10732798852719971
0.1073279885264613
0.10732798852574321
0.1073279885250441
0.10732798852436387
0.10732798852370173
0.10732798852305947
0.10732798852243397
0.10732798852182546
0.10732798852123349
