1.0794477249925813
1.0762035158505097
1.0725374314910825
1.068372550157611
1.0637401267057458
1.0587099084588258
1.0532313533249904
1.0473491422622077
1.0410717217326937
1.0344541559559044
1.0275195293810855
1.0202711932924375
1.012644796082
1.0047766418501496
0.996618399424113
0.9881581006583571
0.9795043242429022
0.9706035141757046
0.9615193137264233
0.9522919190490126
0.9429234868337438
0.9334390160650199
0.9238662700137836
0.914104964751949
0.904346132088532
0.8945612273915964
0.8847576698291096
0.8749015516199168
0.86502761763525
0.8551578552986455
0.8452892070308732
0.8354372414605202
0.8256900555364846
0.8160680493535296
0.806610646404158
0.7973110267666216
0.7879171582825975
0.7787314757269084
0.7697568839387677
0.7609041125062213
0.7523183419119553
0.7440473116391899
0.7361096322792984
0.7284970703291125
0.7210433246561658
0.7139196919291902
0.7064791121806632
0.6995452225049983
0.6930177481392613
0.6866021263993997
0.6804718651277297
0.6745245304238399
0.6689332972922154
0.6637664304057728
0.6587903739923685
0.6540025709045065
0.6493491813894319
0.6446981506675018
0.6401895983012231
0.6354922764983786
0.6307536401544297
0.6261135000954193
0.6215993242153518
0.6171759559895778
0.612931112514609
0.6087595826328425
0.6046119042364021
0.6001296053723121
0.5955992885400258
0.5914390839480294
0.587349321625746
0.5833527813145923
0.5797584263913275
0.5765160904121779
0.5733063895777722
0.5700468587536979
0.5672340950018622
0.5646512043931056
0.5623343801523275
0.5605603733500424
0.5584494961786951
0.556586226390412
0.5550201899887542
0.5537470323771537
0.5527824142453589
0.5514783039210451
0.5504472715358193
0.5495937347233613
0.5491490476980083
0.5484799036053126
0.5480087984264971
0.5478281548067778
0.547736597449897
0.5471807465201963
0.5467541683840846
0.5463483737819957
0.5459467086578335
0.5454827595195542
0.5451428188798193
0.5444909161390931
0.5441879150814932
0.5437637428247972
0.5436676607223723
0.5436708945063838
0.5438381869932358
0.5442607289044349
0.5448855348825486
0.5451845803280659
0.5449922663379699
0.5447762571798599
0.544642635752097
0.5446008951332935
0.5448973163806301
0.5447044645583908
0.5444376465813701
0.5445282352637815
0.5444993462686621
0.5447256704521264
0.5442632648854311
0.5445407383450033
0.5448861734899936
0.5453510684775743
0.5457904091683913
0.5457711783592705
0.5459682835509262
0.546047087443154
0.5470335596893029
0.5471186201191167
0.5469062693430266
0.546942016125215
0.5466631648641945
0.546695372080434
0.547139599884537
0.5469056517220162
0.546700698723251
0.5468451942293444
0.5469918988055662
0.5474488348491999
0.5479450085489019
0.5488457330531834
0.5496536593036566
0.5495476277634156
0.5492950144709269
0.5489265422615538
0.5489648358096278
0.5491103252436302
0.549387879218095
0.549745510899766
0.5497045653982471
0.549637741811132
0.5493448997478784
0.5490289639391284
0.548885912930972
0.5491364345437046
0.5492322104293081
0.5496009639211991
0.5500875194882273
0.5507731343222103
0.5513712755022735
0.552038598981588
0.5524917023136309
0.552137274446055
0.5512895615310517
0.5508301154692185
0.5509595615709438
0.551164748280012
0.5517273151810903
0.5517533093257255
0.5517507140411702
0.5521847104120721
0.5524479547832298
0.5529220061087923
0.5534238925504982
0.5536696632267223
0.5541157350760687
0.5545892214063768
0.5542873874490859
0.5545035969988049
0.5545909778271867
0.5547492353448108
0.5551420420209686
0.55557574447634
0.5559833626911395
0.5554018515945589
0.5550078490119289
0.5542906953333592
0.5539010804515059
0.5541897688102553
0.5547557725227859
0.5554438427933842
0.5549549815380799
0.5546926489695979
0.5547511376877662
0.5553139100934495
0.5549760977223961
0.5555187460858154
0.5556584107652368
0.5558526840939431
0.5558931090910683
0.5554344424877289
