0.7903672682386995
0.7606518816120404
0.7552299500955453
0.7497078056749191
0.7440936573121293
0.7383934072627543
0.7326105907363849
0.7267474452229626
0.7208055084486508
0.7147859379452906
0.7086896905623363
0.7025176296239666
0.6962705927343373
0.6899494370189788
0.6835550707624694
0.6770884764432941
0.6705507280695076
0.663943004559967
0.6572666002510368
0.6505229332145999
0.6437135518328738
0.636840139925446
0.6299045206283098
0.6229086591628561
0.6158546645923499
0.6087447906368868
0.6015814356004618
0.5943671414525702
0.5871045920997546
0.5797966108783823
0.5724461572978428
0.5650563230626735
0.5576303274024244
0.5501715117390904
0.5426833337234296
0.5351693606732801
0.5276332624490196
0.5200788038033939
0.5125098362451015
0.5049302894575971
0.4973441623166053
0.48975551355168834
0.48216845209892745
0.4745871271932445
0.4670157182501612
0.4594584245877259
0.4519194550400726
0.44440301751440126
0.4369133085432457
0.42945450288360143
0.4220307432138155
0.41464612997822836
0.4073047114281516
0.40001047390617084
0.3927673324187321
0.38557912153969687
0.3784495866849499
0.3713823757952769
0.3643810314616561
0.3574489835237705
0.35058954216907356
0.343805891556101
0.3371010839819809
0.3304780346102719
0.3239395167714306
0.31748815784433304
0.31112643572350596
0.30485667587295173
0.2986810489638865
0.29260156909015633
0.2866200925518704
0.2807383171945914
0.27495778228861034
0.2692798689300858
0.26370580094350726
0.2582366462627331
0.25287331876603847
0.24761658053897806
0.24246704453758972
0.2374251776234173
0.23249130394107542
0.22766560860858098
0.22294814169043164
0.21833882242338964
0.2138374436651952
0.20944367653679075
0.2051570752293056
0.20097708194780728
0.19690303196478698
0.19293415875736153
0.1890695992034246
0.18530839881317407
0.18164951697384313
0.1780918321868178
0.17463414727778448
0.17127519456199325
0.1680136409481804
0.16484809296616498
0.1617771017045494
0.15879916764638935
0.15591274539201894
0.15311624825959258
0.15040805275513025
0.14778650290506568
0.14524991444546487
0.14279657886312125
0.14042476728477915
0.13813273421164018
0.13591872109722092
0.13378095976736493
0.1317176756820283
0.12972709103904112
0.12780742772071196
0.12595691008464127
0.12417376760061616
0.12245623733588518
0.12080256629147368
0.11921101359251995
0.11767985253594304
0.11620737249892599
0.11479188071193092
0.11343170390016111
0.1121251897974398
0.1108707085366607
0.10966665392098751
0.10851144458006923
0.10740352501553596
0.10634136654011239
0.10532346811459126
0.10434835708700352
0.10341458983819019
0.10252075233801561
0.10166546061635484
0.10084736115295678
0.10006513119023397
0.09931747897288157
0.09860314391826686
0.09792089672131465
0.09726953939763383
0.09664790526847733
0.09605485889105214
0.09548929593761069
0.09495014302662874
0.09443635750930524
0.09394692721449882
0.09348087015514095
0.09303723419900944
0.09261509670672341
0.0922135641396421
0.09183177164030598
0.09146888258793329
0.09112408813136064
0.0907966067017929
0.09048568350752928
0.09019059001281315
0.08991062340283851
0.0896451060367981
0.08939338489087145
0.08915483099283528
0.0889288388499897
0.08871482587195878
0.08851223178981205
0.08832051807295782
0.08813916734505167
0.08796768280020595
0.08780558762061341
0.08765242439668297
0.08750775455066373
0.0873711577647166
0.08724223141424636
0.08712059000734207
0.08700586463099247
0.08689770240478156
0.08679576594265814
0.08669973282329957
0.08660929506959614
0.08652415863766905
0.08644404291581187
0.08636868023370348
0.0862978153821653
0.08623120514373717
0.08616861783426033
0.08610983285563067
0.08605464025988818
0.08600284032469208
0.08595424314028899
0.08590866820797627
0.08586594405009473
0.08582590783150312
0.08578840499251272
0.085753288893197
0.08572042046899853
0.08568966789751864
0.0856609062763719
0.08563401731194997
0.08560888901895758
0.08558541543053544
0.08556349631879112
0.08554303692555731
0.08552394770316452
0.08550614406502277
0.08548954614580095
0.08547407857097866
0.08545967023553169
0.08544625409155726
0.0854337669445554
0.08542214925816793
0.08541134496712754
0.08540130129817136
0.08539196859868292
0.08538330017283957
0.0853752521249973
0.08536778321012006
0.08536085469096977
0.08535443020187417
0.08534847561881287
0.08534295893561161
0.08533785014600193
0.08533312113137648
0.08532874555396264
0.08532469875525195
0.08532095765946746
0.08531750068186283
0.08531430764165926
0.0853113596794377
0.08530863917878595
0.08530612969203955
0.08530381586992775
0.08530168339494049
0.08529971891829968
0.08529791000030151
0.08529624505395317
0.08529471329169114
0.08529330467506879
0.0852920098672666
0.08529082018829459
0.08528972757273323
0.08528872452993264
0.08528780410649883
0.08528695985099277
0.08528618578070224
0.08528547635040173
0.08528482642297741
0.0852842312418377
0.08528368640500428
0.08528318784079836
0.08528273178502677
0.08528231475960446
0.08528193355251956
0.08528158519906992
0.08528126696429972
0.08528097632656884
0.08528071096219458
0.08528046873109663
0.08528024766338926
0.08528004594686
0.08527986191530779
0.08527969403764268
0.08527954090774392
0.08527940123501176
0.08527927383557088
0.08527915762408267
0.08527905160614269
0.08527895487119996
0.08527886658599693
0.08527878598846927
0.08527871238209583
0.08527864513064765
0.08527858365333918
0.08527852742031905
0.08527847594852067
0.0852784287977989
0.08527838556738188
0.0852783458925751
0.08527830944173098
0.08527827591345061
0.08527824503399828
0.08527821655492718
0.08527819025088512
0.0852781659176044
0.08527814337004636
0.08527812244069688
0.0852781029780082
0.08527808484495791
0.08527806791774017
0.08527805208455252
0.0852780372444979
0.08527802330657241
0.08527801018873982
0.08527799781709311
0.08527798612507853
0.08527797505279722
0.08527796454636016
0.08527795455730924
0.0852779450420833
0.08527793596153777
0.08527792728050343
0.08527791896739201
0.08527791099383142
0.08527790333433849
0.08527789596602953
0.08527788886834242
0.08527788202280184
0.08527787541279797
0.08527786902338974
0.08527786284112615
0.08527785685389178
0.08527785105075347
0.08527784542184103
0.08527783995822436
0.08527783465181515
0.08527782949526774
0.08527782448190335
0.08527781960562875
0.08527781486087649
0.08527781024254066
0.08527780574592703
0.08527780136670782
0.08527779710087524
0.08527779294471072
0.0852777888947509
0.08527778494775362
0.0852777811006803
0.08527777735066888
0.08527777369501699
0.08527777013116122
0.08527776665666387
0.085277763269202
0.08527775996655163
0.08527775674658089
0.0852777536072381
0.08527775054654707
0.08527774756259932
0.0852777446535461
0.08527774181759895
0.08527773905301739
0.08527773635811464
0.08527773373124214
0.08527773117079951
0.08527772867522376
0.08527772624299146
0.08527772387261268
0.08527772156263236
0.08527771931162997
0.08527771711821419
0.08527771498102643
0.08527771289873654
0.08527771087004377
0.08527770889367503
0.08527770696838444
0.08527770509295263
0.08527770326618767
0.08527770148692093
0.08527769975401223
0.08527769806634111
0.08527769642281735
0.08527769482236869
0.08527769326395118
0.0852776917465391
0.08527769026913334
0.0852776888307537
0.0852776874304445
0.08527768606726915
0.08527768474031328
0.08527768344868181
0.08527768219150067
0.08527768096791666
0.08527767977709455
0.08527767861821767
0.08527767749048965
0.08527767639313255
0.08527767532538277
0.08527767428649957
0.08527767327575608
0.08527767229244398
0.08527767133586794
0.0852776704053545
0.0852776695002414
0.08527766861988384
0.08527766776365153
0.08527766693093053
0.0852776661211192
0.08527766533363146
0.08527766456789332
0.08527766382334778
0.08527766309944884
0.08527766239566148
0.08527766171147055
0.08527766104636336
0.08527766039984852
0.08527765977143931
0.08527765916066565
0.08527765856706682
0.08527765799019349
0.08527765742960558
0.08527765688487776
0.08527765635558993
0.08527765584133551
0.08527765534171639
0.0852776548563452
0.0852776543848438
0.08527765392684261
0.08527765348198091
0.08527765304990809
0.08527765263028153
0.08527765222276551
0.0852776518270354
0.0852776514427731
0.08527765106966978
0.08527765070742122
0.08527765035573298
0.08527765001431808
0.08527764968289686
0.08527764936119497
0.08527764904894697
0.08527764874589261
0.08527764845177865
0.08527764816635985
0.08527764788939451
0.08527764762064904
0.08527764735989463
0.08527764710690988
0.08527764686147765
0.08527764662338422
0.08527764639242941
0.08527764616840816
0.08527764595112697
0.08527764574039554
0.08527764553602779
0.08527764533784532
0.0852776451456716
0.08527764495933532
0.08527764477867084
0.08527764460351472
0.08527764443371055
0.08527764426910356
0.08527764410954541
0.0852776439548889
0.08527764380499547
0.08527764365972301
0.0852776435189403
0.08527764338251564
0.08527764325032361
0.08527764312223851
0.08527764299814156
0.0852776428779145
0.085277642761445
0.08527764264862159
0.08527764253933612
0.08527764243348634
0.08527764233096802
0.0852776422316831
0.08527764213553513
0.08527764204243027
0.0852776419522785
0.08527764186499065
0.0852776417804808
0.08527764169866614
0.08527764161946516
0.08527764154279793
0.0852776414685894
0.08527764139676364
0.08527764132724858
0.08527764125997572
0.0852776411948738
0.08527764113187875
0.08527764107092395
0.08527764101194968
0.08527764095489243
0.08527764089969381
0.08527764084629741
0.08527764079464639
0.08527764074468758
0.08527764069636723
0.08527764064963683
0.08527764060444376
0.08527764056074139
0.08527764051848408
0.0852776404776242
0.0852776404381198
0.08527764039992769
0.08527764036300745
0.08527764032731655
0.08527764029281792
0.08527764025947293
0.0852776402272456
0.08527764019609962
0.0852776401660007
0.0852776401369163
0.08527764010881278
0.08527764008165972
0.08527764005542482
0.08527764003008043
0.08527764000559657
0.0852776399819467
0.08527763995910165
0.08527763993703807
0.08527763991572845
0.08527763989514903
0.08527763987527592
0.08527763985608594
0.0852776398375571
0.08527763981966752
0.08527763980239633
0.08527763978572145
0.0852776397696261
0.08527763975408931
0.0852776397390933
0.0852776397246191
0.08527763971065161
0.08527763969717095
0.08527763968416269
0.08527763967161128
0.0852776396595013
0.0852776396478162
0.085277639636543
0.08527763962566881
0.08527763961517909
0.08527763960506174
0.08527763959530221
0.08527763958588996
0.08527763957681345
0.08527763956806045
0.08527763955962031
0.0852776395514816
0.08527763954363499
0.08527763953606948
0.08527763952877676
0.08527763952174683
0.08527763951496936
0.08527763950843781
0.0852776395021424
0.08527763949607525
0.08527763949022926
0.08527763948459555
0.08527763947916644
0.0852776394739353
0.08527763946889566
0.08527763946404054
0.08527763945936406
0.085277639454859
0.08527763945051847
0.0852776394463387
0.08527763944231381
0.08527763943843769
0.08527763943470423
0.08527763943110955
0.08527763942764877
0.08527763942431621
0.08527763942110822
0.0852776394180198
0.08527763941504707
0.08527763941218514
0.08527763940943034
0.08527763940678001
0.08527763940422917
0.08527763940177346
0.08527763939941124
0.08527763939713928
0.08527763939495225
0.08527763939284683
0.08527763939082311
0.08527763938887623
0.08527763938700283
0.08527763938520128
0.08527763938346877
0.0852776393818021
0.08527763938019983
0.0852776393786594
0.08527763937717703
0.08527763937575272
0.08527763937438315
0.08527763937306643
0.08527763937180077
0.08527763937058486
0.08527763936941513
0.08527763936829047
0.08527763936721067
0.08527763936617216
0.08527763936517518
0.08527763936421662
0.08527763936329569
0.08527763936241062
0.08527763936156108
0.08527763936074428
0.08527763935995958
0.08527763935920651
0.08527763935848309
0.0852776393577872
0.08527763935711985
0.08527763935647892
0.08527763935586441
0.08527763935527333
0.08527763935470567
0.085277639354162
0.08527763935363897
0.08527763935313681
0.08527763935265542
0.08527763935219312
0.08527763935174937
0.08527763935132382
0.08527763935091526
0.08527763935052268
0.08527763935014743
0.0852776393497856
0.08527763934943955
0.08527763934910737
0.0852776393487894
0.08527763934848342
0.08527763934818988
0.08527763934790933
0.08527763934764054
0.08527763934738208
0.08527763934713384
0.08527763934689603
0.08527763934666732
0.08527763934645005
0.08527763934624055
0.08527763934603971
0.0852776393458482
0.08527763934566346
0.08527763934548727
0.08527763934531729
0.08527763934515542
0.08527763934499999
0.08527763934485055
0.08527763934470833
0.08527763934457155
0.08527763934443977
0.08527763934431398
0.08527763934419419
0.0852776393440795
0.0852776393439697
0.08527763934386445
0.08527763934376253
0.08527763934366661
0.08527763934357424
0.0852776393434852
0.08527763934340038
0.08527763934331867
0.08527763934324206
0.08527763934316734
0.08527763934309596
0.08527763934302757
0.0852776393429614
0.085277639342899
0.0852776393428396
0.08527763934278332
0.08527763934272803
0.0852776393426754
0.085277639342626
0.0852776393425776
0.08527763934253274
0.08527763934248844
0.08527763934244648
0.08527763934240662
0.08527763934236843
0.08527763934233201
0.0852776393422966
0.08527763934226351
0.08527763934223109
0.08527763934220156
0.08527763934217159
0.08527763934214427
0.0852776393421174
0.08527763934209187
0.08527763934206734
0.08527763934204413
0.08527763934202115
0.08527763934200061
0.08527763934198018
0.08527763934196042
0.08527763934194221
0.08527763934192478
0.08527763934190735
0.08527763934189159
0.08527763934187627
0.08527763934186183
0.08527763934184762
0.08527763934183463
0.08527763934182175
0.08527763934180965
0.08527763934179733
0.08527763934178612
0.08527763934177557
0.08527763934176569
0.08527763934175703
0.08527763934174748
0.08527763934173771
0.08527763934172972
0.08527763934172172
0.08527763934171351
0.08527763934170707
0.0852776393417004
0.08527763934169397
0.08527763934168797
0.08527763934168175
0.0852776393416752
0.08527763934166943
0.08527763934166455
0.08527763934165955
0.08527763934165478
0.08527763934165089
0.08527763934164623
0.08527763934164279
0.08527763934163801
0.08527763934163479
0.0852776393416309
0.08527763934162802
0.08527763934162402
0.08527763934162158
0.0852776393416187
0.08527763934161492
0.08527763934161248
0.08527763934161037
0.08527763934160737
0.0852776393416056
0.08527763934160326
0.08527763934160104
0.08527763934159849
0.08527763934159616
0.08527763934159527
0.08527763934159338
0.08527763934159205
0.08527763934159083
0.08527763934158872
0.08527763934158727
0.08527763934158605
0.08527763934158461
0.08527763934158406
0.08527763934158283
0.0852776393415815
0.08527763934158017
0.08527763934157961
0.08527763934157895
0.08527763934157784
0.08527763934157706
0.0852776393415765
0.0852776393415754
0.0852776393415744
0.08527763934157429
0.0852776393415734
0.08527763934157229
0.08527763934157218
0.08527763934157184
0.08527763934157084
0.08527763934157073
0.08527763934156996
0.08527763934157029
0.08527763934156829
0.0852776393415694
0.08527763934156818
0.08527763934156851
0.08527763934156762
0.08527763934156696
0.0852776393415674
0.08527763934156674
0.08527763934156674
0.08527763934156596
0.08527763934156563
0.08527763934156607
0.08527763934156563
0.08527763934156518
0.08527763934156507
0.08527763934156474
0.08527763934156418
0.08527763934156463
0.08527763934156452
