0.9999386206650185
0.999938284340339
0.9999377626290546
0.9999370408540219
0.9999369903685135
0.9999372386373263
0.9999363886008793
0.9999359751263371
0.9999353338557935
0.999935090089134
0.9999343192267978
0.9999345580991454
0.9999330193284498
0.9999339001382057
0.9999326631518461
0.999932396559117
0.999933008726555
0.9999320761171265
0.9999306071508393
0.9999312747396653
0.9999305063007783
0.9999295072297475
0.9999292430660578
0.9999287723623012
0.9999295069759105
0.9999269853941263
0.9999285017119189
0.9999276830425576
0.9999253237995784
0.9999247668045371
0.9999257536067948
0.9999231253837433
0.9999231154427282
0.999921351084189
0.9999210441720575
0.9999198872737628
0.9999187891326393
0.999922645357427
0.9999165816613835
0.9999210727278098
0.999913925380207
0.9999171140080023
0.9999168081387162
0.9999150515841512
0.9999118738227551
0.9999139468123434
0.9999132711647164
0.9999107910632647
0.9999094686482987
0.9999125627214562
0.9999070066382373
0.99991110702227
0.9999052997625569
0.9999062339006232
0.9999039325909755
0.9999068151676521
0.9999013449070876
0.9999044549697184
0.9998986659619755
0.9998980817884112
0.9998998136595593
0.9998950198659371
0.9999010275344541
0.9998976337016758
0.9998997752970267
0.9998982158794638
0.999896239161328
0.9998949702387984
0.9998933636805306
0.999892053446077
0.9998902897520312
0.9998898141510257
0.9998871288822411
0.9998867532619192
0.9998850168779755
0.9998840394303116
0.9998816256166715
0.9998808188826748
0.9998784885498788
0.9998751642552862
0.9998786624745384
0.9998734758920881
0.9998752756204324
0.9998709592022473
0.99987222119152
0.9998683013460455
0.9998698927495331
0.9998672170007771
0.9998667725920591
0.9998650899550404
0.9998631735823713
0.9998646927006314
0.9998593126588586
0.9998573765543783
0.9998558915596537
0.9998542865065212
0.9998528943353263
0.9998550996789543
0.999853174160036
0.9998506390226833
0.999848664965207
0.9998475050413742
0.9998382212453452
0.9998421304331697
0.9998478955997694
0.9998413244196707
0.999839605873436
0.9998385509290496
0.9998319030184203
0.9998360232361452
0.9998325741458322
0.9998389241038255
0.9998295196851761
0.9998291991895394
0.9998236809944637
0.999827276722844
0.9998283190262311
0.9998259013790732
0.9998166307916552
0.9998226419277259
0.9998184629834425
0.9998215269005757
0.9998284685084747
0.9998243226247502
0.9998148812895825
0.9998167981268562
0.999814988117937
0.9998234910120244
0.9998247599619988
0.9998042178541771
0.9998027598393435
0.9998038234427442
0.9998110718067112
0.9998029357450948
0.9998032304869596
0.999814747142201
0.9997955989329733
0.9997988319166987
0.9997979570352158
0.9997968097397203
0.9997952390637719
0.9998019381825427
0.9997970434582469
0.9997942035892623
0.9997974949178933
0.99980317855839
0.9997955401153474
0.9998014880574091
0.9998044309630929
0.9998042616777186
0.9998017819356222
0.9998014968858631
0.9997933873829076
0.9997950959449755
0.9997910162303266
0.9997907195521477
0.9997917281287744
0.9997888787920169
0.9997876251814232
0.9997975867198171
0.9997872691885995
0.9997847441963912
0.9997944987628994
0.9997895817943208
0.9997945824964144
0.9997875827231352
0.9997907821645748
0.9997873952629279
0.9997886105495575
0.9997897932941466
0.9997831703199943
0.9997877128496339
0.9997813122344573
0.9997826807902122
0.9997848094634012
0.9997781182771392
0.9997768777139127
0.9997840180475838
0.9997771558414408
0.9997797246637221
0.9997747580749404
0.9997793241917794
0.9997713875806664
0.999771938502266
0.9997703237806164
0.9997710516801064
0.9997692233739137
0.9997695031766083
0.9997678650114843
0.9997675574125392
0.9997763485367525
0.9997761321128781
0.999764999250121
0.9997735239296615
0.9997774095582906
0.99978686007119
0.9997761270579926
0.9997847160429674
0.9997743521449598
0.9997733474825998
