0.9999126512346058
0.9999008232607927
0.9998867367975284
0.9998698865969448
0.9998500204453146
0.9998266077151843
0.9997992950004426
0.999767715843743
0.9997311537828366
0.9996891726187084
0.9996411284363317
0.9995865567937418
0.999524691050883
0.9994547518107452
0.9993757650294337
0.9992870870272075
0.9991879349329471
0.9990773740667036
0.9989541778827261
0.9988176989601927
0.9986665761501036
0.9984996191660028
0.9983146046804648
0.9981108408199934
0.9978865419556675
0.9976392319080422
0.9973693724269203
0.9970741104605592
0.996754114322198
0.9964048076440438
0.996024879934409
0.9956135301313646
0.9951681366629321
0.9946887142977483
0.9941709582104473
0.9936161348288619
0.9930198179521765
0.9923804013213272
0.9916973658140401
0.9909641822053917
0.9901841222853881
0.9893571339819299
0.9884823411117568
0.9875606482905852
0.9865939778207429
0.9855795651826668
0.9845136890670071
0.9833945448928189
0.9822229808860753
0.9838673339505105
0.9827700687725076
0.9816268340724282
0.9804258330008263
0.979175046770365
0.9778697052030333
0.976520872986165
0.9751218903421864
0.9736777894575961
0.9721850895876465
0.9706451652260586
0.9690530119858901
0.9674241281634558
0.9657525206837351
0.964049697762574
0.9623240927263736
0.9605507109588882
0.9587692498604817
0.956973031919198
0.9551616581469345
0.9533516893623776
0.9515277534394452
0.9496893355526266
0.9478425573956655
0.9459895878712932
0.9441405356218825
0.9422842291941512
0.940434543516161
0.9385849228800268
0.9367498575195385
0.9349356235590269
0.933143313039667
0.9313682768918915
0.9296105233741668
0.9278548037476244
0.9261089685365809
0.9244129571324118
0.9227298306802234
0.9210658593447849
0.9194411101274376
0.917809963131121
0.9161967993295315
0.9146449186831682
0.9131150950041252
0.9116187139016546
0.910196818341207
0.9087917044449829
0.9073939366781196
0.9060510272616855
0.9047716249754659
0.9035453638967861
0.9023750004381169
0.9012192813768365
0.9000903036331661
0.8989912861948094
0.8979301549078909
0.8968797264476295
0.8958598994512772
0.8948774769249699
0.8939257261107041
0.8930270313021905
0.8921591229249994
0.8913448162642086
0.8905273687494818
0.8897083770105656
0.8889301071108121
0.8881768958731012
0.8874432981403128
0.8867577964412372
0.8861114909073988
0.8854970438279292
0.8849076901756472
0.8843711728422052
0.8838081670462642
0.8832513616786857
0.8827209983239801
0.8822085106680676
0.8817079731200406
0.88121654944318
0.8807616006402992
0.8803218389724422
0.8799018903030343
0.8794879787069975
0.8790921932727569
0.8787186038870413
0.8783477603073679
0.8779841042545704
0.8776545247863674
0.8773355696414663
0.8770247033414705
0.8767029256100163
0.87639998003623
0.876111251595775
0.8758346962335072
0.8755642232315066
0.8753081643066298
0.8750542016205756
0.8748093681227697
0.8745862815108733
0.874397230843291
0.8741591177611312
0.8739212570347316
0.8737176161737741
0.8735199513581878
0.8733310724584056
0.8731405260961095
0.8729541040580204
0.8727361535458399
0.8725501588984363
0.8724081611380373
0.8722978642061959
0.8721569919396776
0.8720247418377737
0.8719041076109351
0.8718010907848076
0.8717199995108447
0.8716546651137138
0.8715885606182314
0.8715054491073201
0.8714535656056464
0.871370340243718
0.8712965704227628
0.871188540659807
0.8711456212827204
0.8711125962142954
0.8710572547195984
0.8710292551507022
0.87100945478473
0.8709990504383429
0.8709633209217047
0.8709418160261087
0.870930466357182
0.8708694952531948
0.8708518273500239
0.8708615021048289
0.8708687098772063
0.8709047893020689
0.8709320544645691
0.8709506158497764
0.8709998746800941
0.8710464361811062
0.8710656552715054
0.8711068832988061
0.871177225231766
0.871268734767844
0.8713292245281639
0.8714286358514509
0.8715294966578395
0.8716177679381297
0.8716788196412244
0.8717386278554151
