0.8735453257418755
0.9294637736847047
0.9280904336754748
0.9262985460139451
0.9246216384471299
0.9228179223514279
0.9209288050508566
0.9189719854798821
0.9169574599643726
0.9148915014256084
0.9127781975103046
0.9106201194915499
0.9084186376975452
0.9061949610990492
0.9039270693011656
0.9016136259312642
0.8992528222067737
0.8968425869868086
0.894380701858902
0.8918647099801826
0.889291465923204
0.8866561144382358
0.8839502981818145
0.881159883489965
0.8782641084300528
0.8752393882686303
0.8720667613247197
0.868735654661964
0.8652414727848062
0.8615817057192013
0.8577536081628268
0.85375329434346
0.8495754729074201
0.8452134906252669
0.8406598805450557
0.8359080154812186
0.8309553121136594
0.8258072000205642
0.8204797255869424
0.8149993386035275
0.8094005824072295
0.8037233083845221
0.7980103133921503
0.7923054887413096
0.7866523080557
0.7810925277889657
0.7756650681936837
0.7704051017449647
0.7653434003824757
0.7605059919237536
0.7559141447338157
0.7515846249309969
0.7475300652282575
0.7437592230977095
0.7402769769720079
0.7370840925697
0.734176944407716
0.7315473958352872
0.7291829584827527
0.7270672594073206
0.7251807878553215
0.7235018657565393
0.7220077601069619
0.7206758162087232
0.7194844538070061
0.7184138752236485
0.7174464117071435
0.7165665493581634
0.7157607603968538
0.7150172800963855
0.7143259304010878
0.7136780359714998
0.7130664313887812
0.7124855249703975
0.7119313638845073
0.711401638347465
0.7108955733119302
0.7104136841360609
0.7099574101702096
0.7095286734384246
0.7091294269065942
0.7087612541340123
0.7084250641114701
0.7081209022732378
0.7078478805166497
0.7076042176969819
0.7073873737114582
0.7071942525242713
0.7070214440014848
0.706865473529084
0.706723031999672
0.7065911648564064
0.7064674053551794
0.7063498430641789
0.7062371243913704
0.7061283895275049
0.7060231622885708
0.7059212270023638
0.7058225428452503
0.7057272384531794
0.7056356732105976
0.7055484717930354
0.7054664317427319
0.7053903130762862
0.7053206285218564
0.7052575451190213
0.7052009210587908
0.7051504325940197
0.7051057267025338
0.705066545823631
0.7050327879259661
0.7050044774222797
0.7049816290767916
0.7049639971367092
0.7049507420516077
0.7049401631962968
0.7049298351848361
0.7049174830766238
0.7049022668616052
0.7048853192985018
0.7048689901126208
0.7048556770602757
0.7048471933898448
0.7048447632806435
0.7048493109930063
0.7048617624500306
0.7048832185805429
0.7049149411691339
0.7049581157198299
0.7050133347870282
0.7050796845427003
0.7051532883465288
0.705225542512026
0.7052829705332078
0.7053126409741296
0.7053113897868808
0.7052870598244081
0.7052509735553962
0.7052124905979285
0.705178226905294
0.7051530467059339
0.7051410898267325
0.7051464314977964
0.7051733589887454
0.705226241646639
0.7053088066843128
0.7054222171434611
0.7055605473056791
0.7057026457185025
0.7058101245797577
0.7058567772638825
0.7058550434539197
0.7058300077045428
0.7057980756556395
0.705767525594343
0.7057431205770557
0.7057290971439227
0.7057307185992221
0.7057549808776422
0.7058106883029525
0.7059078789099394
0.7060562152027403
0.7062605971412484
0.7065081233662476
0.7067375480264027
0.7068447933125668
0.7068266280680984
0.706758434650716
0.706682946738989
0.7066138850106997
0.706555059339209
0.7065090779650469
0.7064807206872706
0.7064783558259706
0.7065145563968938
0.7066060216009549
0.7067722505656622
0.7070295987363366
0.7073624499878293
0.7076216767435473
0.7076142744775447
0.7074921243779599
0.7073720981891348
0.7072770582263674
0.7072045533052795
0.707149297073679
0.7071092662965974
0.7070878275738222
0.7070949722802706
0.7071477149774682
0.7072692653120256
0.707487066567833
0.7078261193244062
0.7082752220863406
0.7086425863044234
0.7086290975742862
0.7084566410564275
0.708281776312446
0.7081298563103169
0.7079972088790103
