1.4780091834919415
1.4311018097608
1.4168605132033378
1.3991812060895341
1.3794963694760611
1.357604680861075
1.3336868645802848
1.3087919222346622
1.283271071969747
1.2529344096508002
1.2214461045706035
1.1885958554155378
1.1548971931645164
1.1206460313708755
1.086319752105078
1.0524575746933444
1.0181473664192144
0.9843508065867999
0.950555729237188
0.9162795246503953
0.8815686654327766
0.8462501649919483
0.8100987164130998
0.7730538716827856
0.7355091375456466
0.6972250165801336
0.6550428696951516
0.6110716175063198
0.5662101670452308
0.5214018382596176
0.4775914846225543
0.43420557182314345
0.393649593151723
0.35696995908351226
0.32178390515167155
0.2918593702047717
0.2627814242979588
0.23724526112094568
0.21546219058972818
0.19721265681585068
0.18219371781669652
0.16599238980198916
0.15289544616812556
0.1428274504944248
0.13427122939466307
0.1287155210206246
0.12117600428614068
0.11604958043326298
0.10853643125617632
0.1040584841403868
0.10209685030065117
0.1000691500492164
0.09970734866801907
0.10080536376668268
0.09860053201070501
0.09185425900719534
0.08724085703332207
0.08454541009019285
0.08345554157712362
0.08280828768072819
0.07973294097912129
0.07906275695294332
0.07909300537830782
0.07555326271224329
0.07456707158966569
0.0711099929957971
0.07011720746439834
0.07125952147998323
0.07313337075772638
0.07408656958554033
0.07225524840101956
0.07123355631239273
0.07190665337022827
0.07093260736408016
0.07004380293124834
0.07074496002080145
0.06756426459009893
0.0654277101573516
0.0644671845895027
0.06467483682254589
0.06527374178246546
0.06681229559939118
0.06496580386480617
0.06450065905778571
0.06490675360651729
0.0666761128973737
0.07039180715735588
0.07352023577369791
0.07441012309131008
0.07115302072296431
0.06897761131330295
0.06648589345842992
0.06577282754509528
0.06573274189811053
0.06698131264571651
0.06936448663730843
0.06730294212066344
0.0660385862919641
0.06649457197929051
0.06878496149441927
0.07352276519376913
0.07979357941832531
0.09859359612973381
0.08992084608542093
0.0837410970852944
0.07832310971943234
0.07449425169941838
0.0721931915742147
0.06942198751948296
0.06833767021945265
0.06881247469154186
0.06573968636167604
0.06440232599524766
0.0636511847959467
0.06352805078173596
0.06469267141200448
0.06679564596721584
0.06861366541423253
0.0697815157899968
0.06681806451072964
0.06484029522289603
0.06307930116764562
0.06232998654907278
0.0625132584852576
0.062408457669531577
0.06255828875233725
0.05980006928996192
0.058433431952327565
0.05775435244510918
0.05821300121698205
0.05930900950687678
0.060016686490818136
0.06120933880021967
0.05912895074444441
0.05779887156254251
0.05752693587975833
0.057745986536430864
0.05877173411871356
0.05868152211564698
0.05957126144535567
0.05708839796021321
0.05594457906364089
0.055904300794206545
0.05639286431886748
0.05609395260461017
0.0568428227531623
0.05517604331543652
0.05479220426252565
0.05527860398143907
0.054697147207262604
0.0550381063843138
0.05640714638019663
0.05508170646648955
0.05499295310315854
0.05384814569582447
0.05391751630843578
0.054304843726364904
0.055629056227406555
0.05778229412781973
0.055149703602025674
0.05401165694007518
0.05414664784263548
0.054472391131731385
0.053998501538985506
0.0546317901028412
0.056243550284098456
0.05870468847655247
0.0560414671074744
0.054121693902680346
0.05354388119074148
0.05415620410489371
0.05579798969304105
0.05542328622428217
0.05559432752336715
0.0569635614615347
0.055958522169109584
0.05625891490212983
0.054280278603951466
0.05375402007167076
0.054489315885368615
0.05577312638727562
0.0579722370933045
0.055223480595981075
0.05372604102568432
0.053610069526578506
0.054600513469512967
0.056200870198005154
0.055678267813459796
0.056101751136959616
0.05473040730988778
0.05450816365962421
0.05553203074721088
0.05443494099027266
0.05434341917888229
0.05536931821881036
0.05730728432120564
0.05976297084759096
0.056519159196994094
0.05486738899306222
0.05436938574812529
