0.9834585667809483
0.8850513504169073
0.8782895137915646
0.8703554972527257
0.8618172006960669
0.8528872971771515
0.8436725835514935
0.8342365576746622
0.824621577272345
0.8148583869003656
0.8049707777040367
0.7949780892541061
0.7848966455723175
0.7747406121651764
0.764522513550347
0.7542535454991992
0.7439437664537789
0.733602223412387
0.7232370484277147
0.712855549641872
0.7024643126710255
0.6920693212473306
0.6816760985558948
0.6712898626429247
0.6609156822489792
0.6505586158554437
0.6402238182749055
0.6299166053187882
0.6196424754093556
0.6094070943244984
0.5992162535189748
0.5890758133750421
0.5789916412980624
0.5689695521324225
0.5590152559518757
0.5491343163785781
0.5393321212968409
0.529613867020836
0.5199845564542628
0.5104490113705292
0.5010118985282307
0.49167776886154624
0.4824511084244846
0.47333639907539066
0.4643381859135924
0.4554611469052055
0.44671015755454657
0.4380903398178131
0.4296070807406026
0.4212660051234882
0.4130728909855905
0.40503352748470867
0.39715352858433717
0.3894381257875759
0.38189196545899096
0.37451893135025177
0.3673220049601901
0.3603031691355065
0.35346335560293785
0.34680243480617906
0.3403192455710047
0.3340116617735267
0.3278766926496546
0.3219106122810315
0.31610911201033615
0.31046746719824575
0.3049807072262978
0.2996437757113403
0.29445166758302554
0.28939953199160656
0.28448273518996064
0.27969688444518936
0.27503782048325304
0.27050158987767037
0.2660844093657604
0.26178263198697693
0.2575927215949163
0.25351123896509953
0.2495348400989003
0.2456602855460159
0.24188445841508738
0.23820438785234677
0.23461727383617326
0.23112050814213475
0.22771168574001843
0.224388601550213
0.22114923009079482
0.21799168978318179
0.21491419803553374
0.21191502580755003
0.20899246020610096
0.20614478121774746
0.20337025524494878
0.20066714488514492
0.19803373198509566
0.19546834945579283
0.19296941639837176
0.19053547052611344
0.18816519164922002
0.1858574104192462
0.18361109813485663
0.1814253365461353
0.1792992709043158
0.1772320537110247
0.1752227890798822
0.17327048734814743
0.17137403686650882
0.16953219601826758
0.16774360483949843
0.16600681292616723
0.1643203187321175
0.16268261456660194
0.16109223121249086
0.1595477759751605
0.15804795841535013
0.1565915995755681
0.155177623524707
0.1538050340671249
0.15247288315870533
0.15118023944854359
0.1499261647381652
0.14870970350456367
0.14752988713077209
0.14638575120513686
0.14527636175330927
0.14420084464985436
0.14315841163805795
0.14214837641059908
0.14117015535924002
0.1402232502283997
0.13930721391229617
0.13842160508140405
0.137565940625167
0.13673965570030136
0.13594207923265966
0.13517242897778295
0.13442982611322352
0.1337133258884568
0.13302195850611742
0.1323547730804884
0.13171087706181528
0.13108946401291344
0.1304898244265741
0.12991133761944834
0.1293534471974686
0.1288156268460257
0.12829734563278603
0.12779804169535633
0.1273171104353141
0.12685390935827284
0.12640777776584466
0.12597806640921824
0.12556417021963143
0.12516555638719232
0.12478178052236709
0.12441248571206419
0.1240573830757361
0.1237162172908634
0.12338872496419044
0.1230745959420197
0.1227734468133826
0.12248481247381954
0.12220815709560655
0.12194290158655585
0.12168846141274482
0.12144428674146315
0.12120989627321224
0.12098489706296532
0.12076898537171335
0.12056192806134261
0.12036352927734234
0.12017359137492337
0.11999188056446622
0.11981810606942019
0.11965191757586731
0.11949292095368527
0.11934070796256857
0.11919489261469522
0.11905514529889705
0.1189212158784532
0.11879293906858449
0.11867021958551331
0.1185530001258894
0.11844122043988205
0.11833477855012285
0.11823350443437894
0.11813715272801245
0.1180454158112898
0.11795795366882615
0.11787443315039853
0.11779456712628954
0.11771814373620115
0.11764503779485436
0.11757520061522017
0.11750863042847184
0.1174453314524176
0.117385273202087
0.11732836140826189
0.11727442820423459
0.1172232436965958
