0.9999812219625438
0.9999786759385446
0.9999757895177857
0.9999721246668679
0.9999676435259665
0.9999622177319812
0.9999557091849158
0.9999479492667926
0.9999387477223076
0.9999278968640708
0.999915199058295
0.9999004067625332
0.9998832377173512
0.9998634398664618
0.9998407669103394
0.9998149729295975
0.9997857195379178
0.9997526723167317
0.9997155369069762
0.9996740060551361
0.9996278950579497
0.9995769458666547
0.9995206971981079
0.999458902717881
0.9993913905697155
0.9993177829601683
0.9992379503352914
0.9991514469334524
0.9990580520490056
0.9989577130748786
0.9988503185377412
0.9987353502170769
0.9986125701998292
0.9984814113841994
0.9983417768309224
0.9981933277908079
0.9980356428625713
0.9978686669064647
0.9976919610879325
0.997504698842217
0.9973069289610695
0.9970982661967301
0.9968784030027992
0.9966473704319984
0.9964046182380711
0.9961510695500952
0.9958849042733952
0.9956065037642398
0.9953169000389178
0.9950162685588452
0.9947030197480666
0.9943777087172796
0.9940413768057017
0.993693230389387
0.9933357664838965
0.9929677905057319
0.9925886738482884
0.9922014143284454
0.9918070465655928
0.9914063679189579
0.990997387272499
0.9905833209261989
0.990162120476385
0.9897356940516916
0.989306794877823
0.9888743626054035
0.9884379904408407
0.9880018197981115
0.9875619206964141
0.9871244812849029
0.986684027288455
0.9862456229937251
0.9858108286917809
0.9853766336468486
0.9849421841102131
0.9845157007311688
0.9840961802915572
0.9836829101817657
0.9832731032578567
0.9828700586067629
0.9824717572248792
0.9820806570782942
0.9816970531924979
0.9813210096852821
0.9809528744847833
0.9805966794230468
0.9802444434411358
0.9799014027262302
0.979571032050572
0.9792465624643396
0.9789314058018995
0.9786284005916336
0.9783355876133626
0.9780485846354611
0.9777692245959247
0.9774969614162813
0.9772326386967463
0.9769756930206124
0.976724324580817
0.9764838542857859
0.9762474172596545
0.976017669339883
0.9757939245250805
0.9755809880882531
0.9753753432570894
0.9751711767833848
0.9749745201203329
0.9747851512559981
0.9745992364269893
0.9744211007693193
0.9742539543101183
0.9740903282073339
0.9739272366438011
0.9737695944874794
0.9736201260216851
0.9734760983992128
0.9733419046140318
0.973216127509133
0.9730945761902655
0.9729760931591814
0.9728625395159726
0.9727531348249123
0.9726455108275359
0.9725449048750627
0.9724542802906422
0.9723724594199324
0.9722930932647362
0.9722135554670688
0.9721368482938317
0.9720576927572928
0.971987155889819
0.9719177369222781
0.9718528445714583
0.9717943862525509
0.9717419774430031
0.971687245674278
0.9716359920664354
0.9715875692031307
0.9715453493314365
0.9715118245147892
0.9714788913296761
0.9714447812744887
0.9714133149607038
0.9713873723257185
0.9713679145772548
0.9713489100023149
0.9713327044593479
0.9713190939107961
0.9713080606252452
0.9712999331172023
0.9712962633808236
0.9712989133394848
0.9713048861546785
0.9713144253412755
0.9713263220632264
0.9713372475449926
0.9713467974373219
0.9713560888100997
0.9713653145337293
0.9713725653098224
0.9713817342116191
0.9713871105635066
0.9714016961134423
0.971415099603069
0.9714274932718181
0.9714389540629319
0.9714519900806505
0.971463438614533
0.9714778009462078
0.9714976344047775
0.9715200182181569
0.9715420504154705
0.9715667997774382
0.9715951294095165
0.9716244266348033
0.9716559532352268
0.9716850907610879
0.9717124215693954
0.9717434890026064
0.9717739863616411
0.9718098296168206
0.971847286491793
0.9718841944803859
0.9719199388795877
0.9719611945642959
0.9720045592455832
0.9720495601833755
0.9720936358554844
0.9721387653453469
0.9721858963169987
0.9722317382715976
0.9722721889543793
0.9723113537137672
0.9723488155623076
0.972392696288752
0.9724378838770408
0.9724818400344072
0.9725293143230701
0.9725766564170039
0.9726237182564443
