0.8064709079211847
0.7271186942387888
0.7261429449847119
0.7251646290130571
0.7241840815850682
0.7232014036831145
0.7222166298841244
0.7212297687715867
0.7202408168286267
0.7192497643184803
0.7182565981489766
0.7172613034202645
0.7162638643316367
0.7152642647488616
0.7142624885788036
0.7132585200279913
0.71225234378754
0.711243945169063
0.7102333102064882
0.709220425733179
0.7082052794404889
0.7071878599218862
0.7061681567055464
0.7051461602775044
0.704121862096937
0.7030952546047915
0.7020663312267386
0.7010350863712533
0.7000015154235011
0.6989656147356296
0.6979273816139719
0.6968868143036328
0.6958439119708713
0.6947986746836485
0.6937511033906854
0.6927011998993353
0.6916489668525445
0.6905944077051538
0.6895375266997645
0.6884783288423653
0.6874168198778969
0.6863530062659138
0.6852868951564719
0.6842184943663641
0.6831478123557988
0.6820748582056089
0.6809996415950584
0.6799221727802995
0.678842462573531
0.6777605223228809
0.676676363893046
0.6755899996466961
0.6745014424266513
0.6734107055388359
0.6723178027359971
0.6712227482021842
0.6701255565379702
0.669026242746398
0.6679248222196315
0.6668213107262875
0.6657157243994225
0.6646080797251519
0.6634983935318701
0.6623866829800444
0.6612729655525578
0.6601572590455684
0.6590395815598622
0.6579199514926657
0.6567983875298988
0.6556749086388327
0.6545495340611385
0.6534222833062897
0.6522931761453046
0.6511622326048023
0.6500294729613452
0.6488949177360592
0.6477585876895
0.6466205038167536
0.6454806873427488
0.6443391597177712
0.6431959426131546
0.6420510579171432
0.6409045277309018
0.6397563743646719
0.6386066203340479
0.637455288356374
0.6363024013472449
0.6351479824171014
0.6339920548679101
0.6328346421899229
0.6316757680585028
0.630515456331012
0.6293537310437554
0.6281906164089681
0.6270261368118546
0.6258603168076513
0.6246931811187313
0.6235247546317295
0.6223550623946994
0.6211841296142742
0.6200119816528578
0.6188386440258185
0.6176641423986968
0.6164885025844162
0.6153117505404999
0.6141339123662861
0.6129550143001492
0.6117750827167108
0.6105941441240526
0.6094122251609233
0.6082293525939353
0.6070455533147567
0.6058608543372954
0.6046752827948707
0.6034888659373765
0.602301631128433
0.6011136058425264
0.5999248176621372
0.598735294274855
0.5975450634704815
0.5963541531381233
0.5951625912632639
0.5939704059248314
0.5927776252922474
0.5915842776224673
0.590390391257001
0.5891959946189294
0.5880011162098995
0.5868057846071155
0.5856100284603118
0.5844138764887155
0.5832173574779995
0.5820205002772236
0.5808233337957627
0.5796258870002287
0.5784281889113798
0.5772302686010204
0.5760321551888956
0.5748338778395725
0.573635465759317
0.5724369481929641
0.5712383544207782
0.5700397137553108
0.5688410555382495
0.5676424091372669
0.5664438039428603
0.5652452693651899
0.5640468348309153
0.5628485297800276
0.561650383662682
0.5604524259360251
0.5592546860610299
0.5580571934993217
0.5568599777100129
0.5556630681465331
0.5544664942534676
0.5532702854633953
0.5520744711937291
0.5508790808435653
0.5496841437905349
0.5484896893876607
0.5472957469602224
0.5461023458026284
0.5449095151752952
0.5437172843015337
0.54252568236445
0.5413347385038485
0.5401444818131549
0.5389549413363393
0.5377661460648633
0.5365781249346298
0.5353909068229528
0.5342045205455359
0.5330189948534703
0.5318343584302456
0.5306506398887771
0.5294678677684466
0.5282860705321679
0.5271052765634605
0.5259255141635513
0.5247468115484888
0.5235691968462761
0.5223926980940341
0.5212173432351723
0.5200431601165894
0.5188701764858954
0.5176984199886514
0.5165279181656419
0.5153586984501579
0.5141907881653167
0.5130242145213983
0.5118590046132112
0.5106951854174819
0.5095327837902743
0.5083718264644299
0.5072123400470412
0.5060543510169484
0.5048978857222703
0.5037429703779555
0.5025896310633697
0.5014378937199109
0.5002877841486548
0.49913932800802485
0.49799255081150573
0.496847477925375
0.495704134566473
0.4945625458000057
0.49342273653737523
0.4922847315340476
0.4911485553874507
0.49001423253490606
0.48888178725159526
0.4877512436485597
0.48662262567073356
0.4854959570950125
0.48437126152835963
0.4832485624059375
0.48212788298928677
0.4810092463645348
0.4798926754406354
0.47877819294765545
0.4776658214350856
0.47655558327019565
0.4754475006364257
0.4743415955318059
0.4732378897674241
0.47213640496592113
0.4710371625600297
0.4699401837911442
0.4688454897079316
0.46775310116498237
0.46666303882148885
0.4655753231399705
0.46448997438503437
0.4634070126221681
0.4623264577165752
0.4612483293320483
0.4601726469298745
0.4590994297677846
0.45802869689893544
0.4569604671709302
0.4558947592248769
0.4548315914944858
0.45377098220519874
0.4527129493733625
0.4516575108054318
0.4506046840972152
0.44955448663315833
0.4485069355856539
0.4474620479144028
0.4464198403658005
0.4453803294723647
0.4443435315521974
0.4433094627084835
0.442278138829027
0.44124957558581956
0.4402237884346446
0.4392007926147218
0.43818060314837826
0.4371632348407647
0.43614870227959246
0.4351370198349226
0.4341282016589717
0.43312226168596313
0.4321192136320058
0.431119070995012
0.43012184705464085
0.42912755487227894
0.4281362072910567
0.42714781693588966
0.426162396213558
0.42517995731281044
0.4242005122045087
0.4232240726417975
0.4222506501603035
0.42128025607836905
0.4203129014973127
0.41934859730172513
0.41838735415978345
0.41742918252360395
0.4164740926296223
0.41552209449899824
0.4145731979380516
0.4136274125387228
0.41268474767906516
0.4117452125237595
0.4108088160246579
0.40987556692135063
0.40894547374176604
0.4080185448027842
0.40709478821088607
0.4061742118628233
0.4052568234463101
0.4043426304407417
0.40343164011793664
0.40252385954289893
0.40161929557460674
0.4007179548668186
0.39981984386890845
0.3989249688267138
0.39803333578341027
0.3971449505804062
0.3962598188582581
0.39537794605759913
0.3944993374200987
0.3936239979894315
0.3927519326122696
0.39188314593929185
0.39101764242620785
0.3901554263348067
0.38929650173401553
0.3884408725009799
0.3875885423221552
0.38673951469441803
0.38589379292619086
0.3850513801385852
0.3842122792665539
0.38337649306005883
0.38254402408526034
0.381714874725705
0.3808890471835429
0.38006654348074453
0.3792473654603389
0.37843151478765746
0.3776189929515914
0.37680980126586416
0.37600394087030853
0.37520141273215357
0.37440221764733417
0.37360635624178773
0.3728138289727839
0.3720246361302473
0.37123877783809567
0.37045625405558213
0.36967706457864824
0.3689012090412873
0.3681286869169057
0.36735949751969943
0.366593640006035
0.36583111337583285
0.36507191647396275
0.3643160479916371
0.3635635064678162
0.36281429029061385
0.36206839769871135
0.36132582678276914
0.3605865754868498
0.3598506416098387
0.35911802280687244
0.358388716590767
0.35766272033344715
0.3569400312673823
0.35622064648702445
0.3555045629502418
0.35479177747975965
0.35408228676460207
0.3533760873615305
0.3526731756964848
0.3519735480660279
0.351277200638788
0.35058412945689643
0.34989433043743334
0.3492077993738657
0.3485245319374878
0.34784452367886254
0.3471677700292508
0.34649426630205593
0.3458240076942528
0.3451569892878187
0.3444932060511636
0.34383265284055764
0.34317532440155163
0.3425212153704019
0.34187032027548425
0.3412226335387104
0.340578149476938
0.3399368623033784
0.3392987661289949
0.3386638549639075
0.33803212271878424
0.3374035632062299
0.3367781701421748
0.33615593714724934
0.33553685774816544
0.33492092537908247
0.33430813338297316
0.33369847501298333
0.333091943433783
0.3324885317229199
0.3318882328721524
0.33129103978879393
0.3306969452970364
0.33010594213927724
0.32951802297743304
0.3289331803942547
0.32835140689462206
0.3277726949068498
0.3271970367839726
0.3266244248050262
0.3260548511763274
0.325488308032738
0.3249247874389295
0.3243642813906299
0.32380678181587896
0.3232522805762582
0.32270076946812587
0.3221522402238387
0.32160668451296515
0.321064093943495
0.3205244600630346
0.3199877743600025
0.3194540282648054
0.3189232131510208
0.3183953203365554
0.3178703410848055
0.3173482666058084
0.31682908805738175
0.31631279654625377
0.31579938312919076
0.31528883881410763
0.3147811545611813
0.3142763212839411
0.31377432985036213
0.3132751710839461
0.3127788357647905
0.3122853146306531
0.3117945983780043
0.3113066776630743
0.3108215431028899
0.31033918527629645
0.3098595947249856
0.30938276195449343
0.3089086774352111
0.30843733160337095
0.30796871486203103
0.30750281758204734
0.3070396301030395
0.3065791427343477
0.30612134575597594
0.30566622941953303
0.30521378394916077
0.3047639995424509
0.30431686637136224
0.3038723745831132
0.30343051430108503
0.30299127562569783
0.3025546486352898
0.3021206233869814
0.30168918991753335
0.3012603382441963
0.3008340583655468
0.3004103402623235
0.2999891738982442
0.2995705492208195
0.29915445616215963
0.29874088463976756
0.2983298245573289
0.2979212658054866
0.2975151982626102
0.29711161179556334
0.296710496260447
0.2963118415033478
0.29591563736107507
0.2955218736618853
0.2951305402261979
0.2947416268673102
0.2943551233920957
0.293971019601697
0.29358930529221183
0.29320997025537066
0.2928330042792018
0.2924583971486939
0.2920861386464484
0.2917162185533221
0.291348626649062
0.2909833527129351
0.2906203865243494
0.29025971786346183
0.2899013365117865
0.28954523225278805
0.2891913948724739
0.28883981415996507
0.2884904799080861
0.288143381913915
0.28779850997934764
0.28745585391165107
0.2871154035239988
0.2867771486360121
0.28644107907428573
0.28610718467291063
0.2857754552739845
0.28544588072812027
0.2851184508949448
0.2847931556435883
0.28446998485317254
0.28414892841329087
0.2838299762244688
0.28351311819864256
0.2831983442596009
0.2828856443434492
0.28257500839904415
0.2822664263884346
0.28195988828729135
0.2816553840853283
0.28135290378672095
0.2810524374105223
0.2807539749910566
0.28045750657832746
0.28016302223840206
0.2798705120538023
0.27957996612387914
0.27929137456518693
0.27900472751185346
0.27872001511593714
0.278437227547781
0.27815635499636515
0.27787738766964887
0.2776003157949063
0.27732512961905853
0.27705181940900125
0.2767803754519199
0.2765107880556106
0.2762430475487835
0.27597714428137055
0.27571306862481915
0.2754508109723893
0.27519036173943556
0.2749317113636963
0.2746748503055624
0.2744197690483512
0.27416645809857876
0.2739149079862132
0.27366510926493237
0.2734170525123828
0.27317072833041367
0.2729261273453293
0.27268324020811807
0.2724420575946902
0.2722025702060997
0.2719647687687705
0.2717286440347144
0.27149418678173964
0.27126138781366604
0.2710302379605243
0.27080072807875977
0.27057284905142265
0.27034659178836407
0.2701219472264228
0.2698989063296029
0.2696774600892561
0.26945759952425685
0.2692393156811691
0.269022599634415
0.26880744248643584
0.26859383536784953
0.2683817694376067
0.2681712358831393
0.2679622259205082
0.26775473079454504
0.267548741778992
0.2673442501766351
0.26714124731943933
0.26693972456867343
0.26673967331503556
0.2665410849787747
0.2663439510098069
0.2661482628878301
0.2659540121224335
0.26576119025320877
0.2655697888498484
0.26537979951224877
0.26519121387060773
0.26500402358551955
0.2648182203480659
0.2646337958799009
0.26445074193333806
0.26426905029143233
0.2640887127680598
0.2639097212079907
0.263732067486961
0.2635557435117518
0.26338074122024446
0.263207052581493
0.2630346695957776
0.26286358429467527
0.2626937887411044
0.2625252750293855
0.26235803528528734
0.26219206166607734
0.26202734636056757
0.2618638815891562
0.2617016596038687
0.2615406726883954
0.2613809131581276
0.2612223733601895
0.261065045673472
0.2609089225086588
0.2607539963082486
0.2606002595465885
0.2604477047298883
0.2602963243962396
0.260146111115636
0.2599970574899886
0.2598491561531354
0.25970239977085374
0.2595567810408702
0.25941229269286625
0.25926892748848196
0.2591266782213174
0.2589855377169381
0.2588454988328711
0.25870655445859914
0.2585686975155591
0.25843192095713263
0.2582962177686414
0.2581615809673322
0.258028003602364
0.25789547875479946
0.257763999537585
0.2576335590955323
0.2575041506053011
0.2573757672753808
0.2572484023460603
0.25712204908941283
0.2569967008092656
0.25687235084117266
0.2567489925523878
0.2566266193418314
0.2565052246400633
0.25638480190924373
0.256265344643106
0.2561468463669144
0.25602930063742724
0.2559127010428631
0.2557970412028552
0.2556823147684111
0.2555685154218731
0.2554556368768681
0.2553436728782713
0.2552326172021483
0.255122463655718
0.2550132060772944
0.25490483833624555
0.2547973543329324
0.2546907479986641
0.25458501329564187
0.2544801442169008
0.25437613478625865
0.2542729790582544
0.2541706711180992
0.25406920508160347
0.2539685750951275
0.25386877533551655
0.253769800010041
0.2536716433563292
0.2535742996423048
0.25347776316612824
0.25338202825611766
0.25328708927069477
0.25319294059831077
0.2530995766573785
0.253006991896207
0.2529151807929221
0.2528241378554066
0.2527338576212187
0.25264433465752756
0.25255556356103215
0.2524675389578911
0.25238025550365106
0.25229370788316163
0.252207890810508
0.2521227990289291
0.2520384273107411
0.25195477045725545
0.25187182329870905
0.25178958069417134
0.2517080375314755
0.25162718872712997
0.2515470292262375
0.2514675540024175
0.2513887580577179
0.2513106364225326
0.251233184155522
0.25115639634352027
0.2510802681014579
0.2510047945722693
0.25092997092681324
0.25085579236378164
0.25078225410960997
0.25070935141839945
0.25063707957181636
0.25056543387901187
0.25049440967653025
0.2504240023282205
0.25035420722514223
0.25028501978548123
0.2502164354544535
0.2501484497042207
0.250081058033787
0.2500142559689227
0.24994803906205476
0.24988240289219055
0.24981734306481307
0.24975285521179347
0.2496889349912913
0.24962557808767105
0.24956278021139677
0.24950053709894526
0.24943884451270648
0.2493776982408883
0.24931709409742642
0.24925702792188298
0.2491974955793519
0.24913849296036494
0.2490800159807932
0.24902206058174825
0.24896462272949227
0.24890769841533433
0.248851283655534
0.2487953744912068
0.2487399669882241
0.24868505723711676
0.24863064135297375
0.24857671547534943
0.2485232757681608
0.24847031841959089
0.24841783964198783
0.2483658356717694
0.2483143027693222
0.24826323721890198
0.248212635328538
0.24816249342992658
0.24811280787834
0.2480635750525232
0.2480147913545906
0.24796645320993604
0.24791855706712174
0.24787109939778718
0.2478240766965456
0.2477774854808863
0.2477313222910681
0.24768558369003113
0.24764026626328395
0.24759536661881454
0.24755088138698245
0.24750680722042373
0.2474631407939447
0.24741987880443295
0.2473770179707433
0.24733455503361002
0.24729248675553706
0.24725080992070758
0.24720952133487206
0.24716861782526223
0.24712809624047904
0.24708795345039902
0.24704818634607617
0.24700879183963098
0.24696976686416738
0.24693110837365995
0.24689281334285818
0.2468548787671886
0.24681730166265547
0.24678007906573718
0.24674320803328997
0.24670668564245002
0.24667050899053178
0.24663467519492832
0.24659918139301562
0.24656402474205252
0.24652920241907716
0.24649471162081837
0.24646054956358487
0.24642671348317735
0.24639320063478465
0.24636000829288784
0.24632713375116122
0.24629457432237167
0.2462623273382888
0.2462303901495786
0.24619876012571196
0.24616743465486246
0.24613641114381546
0.24610568701786473
0.2460752597207193
0.24604512671440704
0.24601528547917617
0.24598573351340125
0.24595646833348273
0.24592748747375925
0.24589878848640012
0.2458703689413202
0.2458422264260829
0.24581435854579736
0.24578676292303125
0.24575943719771443
0.24573237902704248
0.24570558608538473
0.2456790560641836
0.24565278667187407
0.245626775633773
0.24560102069200074
0.24557551960537483
0.24555027014932929
0.24552527011581216
0.245500517313198
0.2454760095661931
0.24545174471574194
0.24542772061894114
0.24540393514894232
0.2453803861948609
0.24535707166168874
0.2453339894701978
0.24531113755685474
0.24528851387372563
0.24526611638838836
0.24524394308384478
0.24522199195842476
0.24520026102570236
0.24517874831440556
0.24515745186832316
0.24513636974621889
0.24511550002175075
0.2450948407833654
0.24507439013422683
0.24505414619211885
0.24503410708936235
0.2450142709727281
0.24499463600334515
0.24497520035662135
0.2449559622221512
0.24493691980363408
0.24491807131878485
0.2448994149992515
0.24488094909052782
0.24486267185187083
0.2448445815562157
0.24482667649008627
0.24480895495351884
0.24479141525997694
0.24477405573626287
0.24475687472243768
0.24473987057174096
0.24472304165050351
0.24470638633807074
0.2446899030267139
0.24467359012155343
0.24465744604047857
0.24464146921405938
0.24462565808547554
0.24461001111042835
0.2445945267570635
0.24457920350589413
0.2445640398497142
0.24454903429352626
0.24453418535445903
0.2445194915616895
0.2445049514563672
0.24449056359152788
0.24447632653203044
0.24446223885446428
0.24444829914708277
0.2444345060097195
0.24442085805372094
0.24440735390185875
0.24439399218826274
0.24438077155834426
0.24436769066871789
0.24435474818712744
0.24434194279237476
0.24432927317424202
0.24431673803341825
0.24430433608142843
0.24429206604055864
0.2442799266437815
0.24426791663468495
0.24425603476740376
0.24424427980653907
0.24423265052709653
0.24422114571440767
0.2442097641640646
0.2441985046818408
0.244187366083632
0.24417634719537873
0.244165446853
0.24415466390231833
0.24414399719900093
0.24413344560848005
0.2441230080058937
0.24411268327601088
0.24410247031316656
0.24409236802119727
0.24408237531336796
0.24407249111230822
0.24406271434994942
0.24405304396745198
0.2440434789151441
0.24403401815245573
0.2440246606478499
0.24401540537876498
0.24400625133154163
0.24399719750136695
0.2439882428922049
0.2439793865167328
0.24397062739628383
0.243961964560777
0.2439533970486596
0.2439449239068422
0.24393654419063904
0.24392825696370446
0.24392006129797128
0.24391195627359263
0.2439039409788788
0.24389601451024
0.24388817597211776
0.2438804244769407
0.24387275914504836
0.24386517910464522
0.24385768349173276
0.24385027145005844
0.24384294213105184
0.24383569469376953
0.24382852830483903
0.24382144213839696
0.24381443537603886
0.24380750720675692
0.24380065682688568
0.24379388344004693
0.2437871862570945
0.24378056449605745
0.24377401738208582
0.24376754414739565
0.24376114403121496
0.2437548162797305
0.2437485601460342
0.24374237489006578
0.2437362597785654
0.24373021408501716
0.24372423708959945
0.2437183280791282
0.24371248634700982
0.24370671119318787
0.2437010019240905
0.24369535785258056
0.24368977829790606
0.2436842625856478
0.24367881004767122
0.24367342002207526
0.24366809185314142
0.24366282489129099
0.2436576184930278
0.24365247202089402
0.24364738484342308
0.2436423563350889
0.24363738587625916
0.24363247285314926
0.24362761665777322
0.24362281668789787
0.24361807234699662
0.24361338304420155
0.24360874819425915
0.24360416721748657
0.24359963953972075
0.2435951645922776
0.2435907418119071
0.2435863706407475
0.24358205052627957
0.24357778092128657
0.2435735612838087
0.24356939107709719
0.2435652697695767
0.2435611968347966
0.2435571717513927
0.24355319400304365
0.2435492630784276
0.24354537847118285
0.24354153967986303
0.24353774620790059
0.24353399756356342
0.24353029325991005
0.24352663281475972
0.24352301575064172
0.24351944159475936
0.24351590987895422
0.24351242013966
0.24350897191787035
0.2435055647590939
0.24350219821331898
0.2434988718349772
0.24349558518290193
0.24349233782028978
0.2434891293146676
0.243485959237855
0.24348282716591862
0.24347973267915057
0.24347667536201645
0.24347365480312944
0.24347067059521132
0.2434677223350552
