0.8011483667698166
0.7505172722889518
0.7489329600301582
0.747337371413308
0.7457323367052526
0.7441189795849132
0.7424979304001811
0.7408695546297894
0.7392340699328992
0.737591606695787
0.7359422412391154
0.734286015132924
0.7326229470304655
0.7309530402513611
0.7292762878326291
0.7275926760074862
0.7259021866715645
0.7242047991753313
0.7225004916547454
0.7207892420368243
0.7190710288106175
0.7173458316249749
0.7156136317557245
0.7138744124724556
0.7121281593267688
0.7103748603781144
0.7086145063693474
0.706847090861284
0.7050726103335045
0.7032910642571484
0.7015024551443274
0.6997067885779414
0.6979040732250412
0.6960943208363595
0.6942775462342454
0.6924537672909017
0.6906230048985612
0.6887852829330101
0.6869406282116883
0.6850890704474182
0.6832306421986947
0.6813653788173231
0.6794933183941083
0.6776145017031818
0.6757289721454851
0.6738367756918417
0.6719379608259943
0.6700325784879071
0.6681206820176033
0.6662023270997404
0.6642775717090934
0.6623464760570805
0.6604091025394299
0.6584655156850612
0.656515782106226
0.6545599704499367
0.65259815135069
0.6506303973844783
0.6486567830240682
0.6466773845955169
0.6446922802358832
0.6427015498520865
0.6407052750808653
0.6387035392497729
0.6366964273391527
0.6346840259450315
0.6326664232428685
0.6306437089520907
0.6286159743013642
0.6265833119945217
0.6245458161771043
0.6225035824034415
0.6204567076042231
0.6184052900545052
0.616349429342097
0.6142892263362769
0.6122247831567955
0.6101562031431167
0.608083590823858
0.6060070518863898
0.6039266931465599
0.6018426225185038
0.5997549489845193
0.5976637825649713
0.5955692342882009
0.5934714161604244
0.5913704411355862
0.5892664230851652
0.5871594767679063
0.585049717799468
0.5829372626219753
0.580822228473463
0.5787047333572097
0.5765848960109499
0.5744628358759594
0.5723386730660176
0.5702125283362338
0.5680845230517553
0.5659547791563371
0.5638234191407923
0.5616905660113176
0.5595563432577073
0.557420874821448
0.5552842850637185
0.553146698733282
0.5510082409343025
0.5488690370940692
0.5467292129306602
0.5445888944205428
0.5424482077661306
0.5403072793632966
0.5381662357688721
0.5360252036681239
0.5338843098422419
0.5317436811358336
0.5296034444244533
0.5274637265821698
0.5253246544491916
0.5231863547995654
0.5210489543089527
0.518912579522516
0.5167773568229121
0.5146434123984198
0.5125108722112108
0.510379861965778
0.508250507077544
0.5061229326416494
0.5039972634019569
0.501873623720267
0.4997521375457681
0.49763292838473505
0.495516119270497
0.4934018327336679
0.4912901907726833
0.48918131482463323
0.48707532573641166
0.4849723437362099
0.4828724884053378
0.4807758786504167
0.47868263267593847
0.4765928679572049
0.47450670121366334
0.4724242483826543
0.47034562459356477
0.4682709441424254
0.46620032046693605
0.4641338661219446
0.4620716927553864
0.4600139110846968
0.4579606308736931
0.4559119609099518
0.45386800898268065
0.4518288818610906
0.44979468527328226
0.4477655238856505
0.4457415012828184
0.44372271994809154
0.4417092812444632
0.43970128539615416
0.4376988314707071
0.4357020173616234
0.43371093977157105
0.43172569419614504
0.42974637490818957
0.4277730749426949
0.425805886082261
0.42384489884313303
0.4218902024618064
0.41994188488221595
0.4180000327434932
0.416064731368302
0.41413606475175146
0.4122141155508855
0.41029896507474584
0.4083906932750102
0.40648937873720303
0.4045950986724812
0.4027079289099751
0.400827943889719
0.3989552166561202
0.3970898188520037
0.39523182071320884
0.3933812910637364
0.39153829731144885
0.38970290544430763
0.3878751800271547
0.38605518419902607
0.3842429796709925
0.382438626724523
0.38064218421036566
0.37885370954793995
0.3770732587252271
0.3753008862991666
0.37353664539653186
0.37178058771530276
0.3700327635264963
0.3682932216764818
0.3665620095897476
0.36483917327211934
0.3631247573144253
0.3614188048966023
0.35972135779221814
0.3580324563734206
0.3563521396162953
0.35468044510662866
0.3530174090460544
0.3513630662585908
0.3497174501975554
0.348080592952834
0.346452525258518
0.34483327650088147
0.34322287472669555
0.3416213466518784
0.3400287176704544
0.33844501186382525
0.33687025201035126
0.3353044595952046
0.3337476548205175
0.33219985661580076
0.33066108264861593
0.3291313493355076
0.3276106718531784
0.32609906414989365
0.3245965389571136
0.3231031078013372
0.3216187810161618
0.32014356775452535
0.31867747600114893
0.3172205125851453
0.3157726831928146
0.3143339923805831
0.312904443588105
0.3114840391515008
0.31007278031674124
0.3086706672531446
0.30727769906699887
0.305893873815298
0.3045191885195666
0.30315363917979543
0.30179722078844684
0.30044992734454556
0.2991117518678482
0.2977826864130524
0.2964627220840873
0.2951518490484384
0.2938500565515093
0.29255733293103603
0.29127366563150414
0.289999041218609
0.2887334453937136
0.28747686300832676
0.2862292780785728
0.2849906737996615
0.283761032560348
0.2825403359573748
0.2813285648098912
0.2801256991738462
0.2789317183563501
0.2777466009299939
0.2765703247471315
0.2754028669541063
0.27424420400543115
0.2730943116779131
0.27195316508470313
0.27082073868929823
0.2696970063194556
0.2685819411810515
0.2674755158718357
0.2663777023951329
0.265288472173438
0.26420779606193145
0.26313564436189907
0.26207198683405764
0.2610167927117818
0.2599700307142282
0.25893166905935894
0.2579016754768464
0.2568800172208926
0.25586666108290645
0.25486157340408966
0.25386472008789607
0.2528760666123747
0.25189557804239193
0.25092321904173465
0.24995895388508094
0.24900274646985354
0.2480545603279477
0.24711435863732056
0.24618210423345943
0.24525775962071383
0.24434128698350444
0.24343264819738408
0.24253180483998238
0.24163871820180105
0.24075334929688008
0.23987565887333095
0.23900560742372567
0.2381431551953579
0.23728826220035504
0.23644088822566756
0.2356009928429046
0.23476853541804266
0.23394347512099578
0.2331257709350355
0.23231538166609333
0.23151226595190166
0.2307163822710191
0.22992768895169924
0.2291461441806364
0.22837170601156798
0.22760433237373834
0.22684398108023418
0.22609060983617368
0.22534417624677106
0.2246046378252644
0.22387195200070042
0.22314607612559978
0.22242696748348123
0.22171458329626148
0.22100888073151115
0.2203098169095995
0.21961734891069096
0.21893143378163116
0.218252028542691
0.21757909019419708
0.2169125757230237
0.2162524421089772
0.2155986463310411
0.214951145373509
0.2143098962319928
0.21367485591931423
0.21304598147127096
0.2124232299522989
0.21180655846099672
0.21119592413555832
0.21059128415907613
0.20999259576473417
0.2093998162408931
0.20881290293606858
0.20823181326378348
0.20765650470733588
0.20708693482444207
0.20652306125177855
0.20596484170943097
0.2054122340052219
0.2048651960389497
0.20432368580653038
0.20378766140402005
0.2032570810315676
0.20273190299724797
0.20221208572081528
0.20169758773734936
0.2011883677008246
0.20068438438757097
0.20018559669965652
0.19969196366818098
0.1992034444564731
0.19871999836321175
0.1982415848254565
0.1977681634215921
0.19729969387419677
0.19683613605282668
0.1963774499767209
0.19592359581741814
0.19547453390131808
0.19503022471213916
0.1945906288933239
0.1941557072503547
0.19372542075300458
0.19329973053751637
0.19287859790870987
0.19246198434201078
0.19204985148543285
0.19164216116147104
0.1912388753689389
0.19083995628474104
0.19044536626558328
0.19005506784961257
0.189669023757999
0.18928719689646922
0.1889095503567556
0.1885360474180119
0.1881666515481516
0.18780132640514824
0.1874400358382663
0.18708274388924095
0.18672941479340877
0.18638001298078333
0.18603450307707636
0.1856928499046785
0.18535501848357283
0.18502097403221962
0.18469068196838334
0.18436410790990443
0.18404121767544923
0.18372197728518447
0.18340635296143637
0.18309431112928765
0.18278581841713681
0.18248084165721945
0.18217934788608503
0.18188130434503347
0.18158667848051913
0.18129543794450298
0.18100755059478335
0.1807229844952788
0.18044170791627367
0.18016368933464488
0.17988889743402492
0.17961730110496354
0.1793488694450317
0.17908357175890444
0.17882137755840988
0.1785622565625481
0.17830617869747478
0.1780531140964604
0.17780303309982404
0.17755590625482087
0.17731170431552767
0.17707039824267667
0.17683195920348194
0.17659635857142675
0.1763635679260288
0.17613355905259065
0.17590630394190698
0.17568177478996339
0.17545994399760778
0.17524078417019828
0.17502426811722716
0.1748103688519257
0.17459905959084965
0.17439031375344183
0.17418410496157133
0.1739804070390627
0.1737791940111969
0.1735804401041947
0.17338411974469026
0.1731902075591779
0.17299867837344163
0.17280950721197907
0.17262266929739278
0.17243814004978286
0.1722558950861065
0.17207591021953783
0.1718981614588051
0.1717226250075119
0.17154927726345603
0.171378094817919
0.17120905445495094
0.17104213315065075
0.17087730807241064
0.1707145565781799
0.1705538562156882
0.17039518472167714
0.17023852002110962
0.17008384022637857
0.16993112363649077
0.16978034873626147
0.16963149419547585
0.16948453886806425
0.1693394617912477
0.1691962421846943
0.16905485944964616
0.1689152931680601
0.1687775231017249
0.16864152919137443
0.1685072915558018
0.16837479049095327
0.16824400646902582
0.1681149201375569
0.1679875123185003
0.1678617640073088
0.16773765637199867
0.16761517075221433
0.16749428865829763
0.16737499177032567
0.16725726193717716
0.16714108117556814
0.16702643166909426
0.1669132957672751
0.16680165598457686
0.16669149499945346
0.16658279565336243
0.1664755409497961
0.16636971405330048
0.16626529828849002
0.16616227713906484
0.1660606342468237
0.16596035341067472
0.16586141858564363
0.16576381388187666
0.165667523563653
0.16557253204838063
0.16547882390560353
0.16538638385600402
0.16529519677039506
0.16520524766872635
0.16511652171908275
0.16502900423667688
0.164942680682851
0.1648575366640782
0.16477355793094695
0.1646907303771742
0.164609040038591
0.16452847309214524
0.16444901585489868
0.16437065478303037
0.1642933764708282
0.16421716764969407
0.16414201518715033
0.16406790608582922
0.16399482748249072
0.16392276664701766
0.1638517109814268
0.1637816480188793
0.16371256542268264
0.1636444509853091
0.16357729262740495
0.1635110783968109
0.16344579646757396
0.16338143513896852
0.16331798283452026
0.16325542810102744
0.16319375960758942
0.1631329661446358
0.16307303662295725
0.16301396007273927
0.16295572564260097
0.16289832259863612
0.1628417403234491
0.16278596831521208
0.16273099618670628
0.16267681366437292
0.16262341058737784
0.16257077690665878
0.16251890268399694
0.1624677780910767
0.16241739340855554
0.16236773902514068
0.16231880543666122
0.16227058324514587
0.16222306315791457
0.16217623598665776
0.16213009264653344
0.16208462415525993
0.1620398216322131
0.16199567629753098
0.16195217947122387
0.16190932257228174
0.16186709711779068
0.161825494722052
0.1617845070957079
0.16174412604486843
0.16170434347024276
0.16166515136627424
0.16162654182028868
0.16158850701163396
0.16155103921082903
0.16151413077871946
0.16147777416564046
0.16144196191057525
0.16140668664032454
0.16137194106867836
0.16133771799559782
0.1613040103063904
0.16127081097090168
0.1612381130427024
0.16120590965828718
0.1611741940362751
0.1611429594766136
0.16111219935979249
0.1610819071460533
0.16105207637461338
0.16102270066288982
0.16099377370572654
0.16096528927463416
0.16093724121702258
0.16090962345545012
0.1608824299868693
0.1608556548818849
0.16082929228400833
0.1608033364089264
0.160777781543762
0.1607526220463581
0.16072785234454834
0.16070346693544468
0.16067946038472536
0.16065582732592676
0.16063256245974367
0.16060966055333192
0.16058711643961843
0.16056492501661068
0.16054308124672012
0.16052158015608187
0.16050041683388339
0.16047958643169924
0.16045908416282895
0.16043890530163774
0.1604190451829114
0.16039949920119778
0.16038026281017836
0.16036133152201992
0.1603427009067473
0.16032436659161753
0.1603063242604974
0.1602885696532409
0.16027109856508182
0.16025390684602625
0.16023699040024464
0.16022034518548312
0.16020396721245989
0.16018785254428547
0.16017199729587384
0.1601563976333692
0.16014104977356514
0.16012594998334218
0.160111094579101
0.16009647992620535
0.16008210243842258
0.16006795857737943
0.16005404485200858
0.1600403578180215
0.1600268940773586
0.16001365027766745
0.16000062311177077
0.15998780931715206
0.159975205675428
0.159962809011844
0.15995061619476247
0.15993862413516002
0.15992682978613038
0.15991523014238862
0.15990382223977795
0.1598926031547917
0.1598815700040822
0.15987071994399837
0.15986005017009675
0.15984955791668953
0.15983924045636944
0.15982909509955745
0.1598191191940459
0.15980931012454935
0.15979966531225553
0.15979018221438757
0.15978085832376487
0.15977169116836665
0.15976267831090885
0.15975381734841576
0.15974510591179802
0.1597365416654376
0.1597281223067798
0.15971984556591423
0.15971170920517663
0.15970371101875325
0.15969584883227717
0.15968812050243597
0.15968052391658916
0.15967305699237777
0.15966571767734805
0.15965850394856995
0.15965141381227188
0.1596444453034621
0.15963759648557252
0.1596308654500923
0.15962425031620997
0.1596177492304608
0.15961136036637769
0.1596050819241458
0.15959891213025335
0.15959284923715755
0.15958689152295025
0.15958103729102258
0.15957528486973604
0.15956963261209822
0.15956407889544888
0.1595586221211267
0.15955326071416798
0.1595479931229914
0.15954281781908664
0.15953773329671594
0.15953273807261137
0.15952783068567122
0.15952300969667432
0.159518273687988
0.15951362126327095
0.15950905104720192
0.15950456168518568
0.15950015184308575
0.15949582020694164
0.15949156548269983
0.1594873863959433
0.15948328169162862
0.1594792501338218
0.15947529050543718
0.15947140160798146
0.15946758226129976
0.15946383130332775
0.15946014758983607
0.15945652999419313
0.1594529774071215
0.15944948873645248
0.15944606290689745
0.15944269885981
0.15943939555295472
0.1594361519602785
0.15943296707168952
0.15942983989283022
0.15942676944485246
0.159423754764215
0.15942079490245253
0.15941788892596997
0.1594150359158336
0.15941223496756518
0.15940948519093023
0.15940678570974465
0.1594041356616679
0.1594015341980094
0.15939898048353263
0.15939647369626397
0.15939401302729994
0.15939159768062205
0.1593892268729119
0.15938689983336252
0.15938461580350627
0.15938237403702837
0.15938017379959624
0.15937801436868215
0.15937589503339356
0.15937381509430104
0.15937177386327228
0.15936977066330993
0.1593678048283781
0.1593658757032559
0.15936398264336438
0.15936212501461855
0.15936030219326913
0.15935851356574882
0.1593567585285237
0.1593550364879408
0.15935334686008484
0.1593516890706299
0.1593500625546972
0.15934846675671477
0.15934690113027372
0.1593453651379989
0.1593438582514034
0.15934237995075984
0.15934092972496738
0.1593395070714223
0.15933811149588406
0.1593367425123552
0.15933539964295163
0.15933408241777836
0.15933279037481085
0.15933152305977183
0.15933028002601457
0.15932906083440435
0.15932786505320207
0.15932669225795104
0.15932554203136873
0.15932441396322838
0.15932330765025648
0.15932222269601803
0.1593211587108181
0.15932011531159018
0.1593190921217974
0.15931808877132803
0.15931710489639428
0.15931614013943596
0.1593151941490203
0.15931426657974812
0.15931335709215366
0.15931246535261812
0.15931159103327008
0.15931073381189964
0.15930989337186607
0.15930906940200984
0.15930826159656675
0.1593074696550777
0.15930669328231006
0.1593059321881709
0.15930518608762012
0.1593044547005973
0.15930373775193896
0.1593030349712966
0.15930234609306082
0.15930167085628943
0.15930100900462163
0.1593003602862123
0.15929972445365903
0.15929910126392188
0.15929849047826006
0.1592978918621597
0.15929730518526197
0.15929673022129742
0.1592961667480206
0.1592956145471408
0.1592950734042562
0.15929454310879665
0.15929402345395083
0.1592935142366091
0.15929301525730644
0.15929252632015223
0.1592920472327789
0.15929157780628034
0.1592911178551525
0.15929066719724128
0.15929022565368278
0.15928979304884727
0.1592893692102888
0.15928895396869114
0.15928854715781016
0.1592881486144272
0.15928775817829932
0.15928737569210039
0.15928700100138293
0.15928663395452158
0.15928627440266696
0.1592859221996994
0.15928557720218162
0.15928523926931693
0.15928490826289343
0.15928458404725332
0.15928426648924043
0.15928395545815877
0.1592836508257297
0.15928335246605707
0.15928306025557548
0.15928277407301616
0.15928249379936776
0.1592822193178347
0.1592819505138009
0.15928168727478897
0.15928142949042623
0.15928117705240663
0.15928092985445452
0.15928068779228877
0.1592804507635902
0.15928021866796305
0.15927999140690485
0.15927976888377204
0.1592795510037468
0.1592793376738033
0.1592791288026817
0.1592789243008509
0.15927872408047883
0.1592785280554061
0.1592783361411122
0.15927814825468756
0.15927796431480512
0.15927778424169536
0.1592776079571121
0.15927743538430672
0.15927726644800788
0.15927710107438697
0.15927693919103492
0.15927678072693918
0.15927662561245404
0.15927647377928134
0.15927632516044055
0.1592761796902482
0.15927603730429352
0.1592758979394162
0.15927576153368317
0.15927562802636397
0.15927549735791235
0.15927536946994258
0.15927524430521
0.15927512180758852
0.15927500192204957
0.15927488459464245
0.15927476977247723
0.1592746574037016
0.15927454743748115
0.1592744398239866
0.15927433451437
0.15927423146074282
0.15927413061617113
0.15927403193464118
0.15927393537105983
0.1592738408812192
0.15927374842179687
0.15927365795032877
0.15927356942519533
0.15927348280560905
0.15927339805159368
0.15927331512397436
0.1592732339843591
0.15927315459512315
0.15927307691939818
0.15927300092105756
0.15927292656469494
0.15927285381562362
0.15927278263985167
0.15927271300407408
0.1592726448756575
0.1592725782226302
0.15927251301366796
0.15927244921807737
0.1592723868057928
0.15927232574735817
0.1592722660139151
0.1592722075771945
0.15927215040950238
0.15927209448371127
0.15927203977324733
0.15927198625208072
0.15927193389471495
0.1592718826761761
0.15927183257200384
0.15927178355824
0.15927173561141883
0.15927168870856045
0.1592716428271549
0.15927159794516277
0.15927155404099513
0.15927151109351356
0.15927146908201484
0.15927142798622806
0.15927138778630134
0.159271348462795
0.1592713099966785
0.15927127236931238
0.15927123556245115
0.15927119955822544
0.1592711643391439
