0.9275334440023021
0.11485676301252833
0.11096868946118181
0.10700879823685883
0.1031862664231437
0.09959028041739747
0.09626340732569205
0.09322642165743494
0.09048790288678997
0.08804859644389011
0.08590366598304448
0.08404398868153366
0.08245697788609942
0.08112716161377712
0.08003663765082575
0.07916547649519305
0.0784921174953106
0.0779937866819261
0.07764695093322413
0.07742781036502341
0.07731281932785732
0.07727921698812844
0.07730554201877028
0.0773721029432467
0.07746137632448998
0.07755830911531088
0.0776505086161019
0.07772831276487173
0.07778474366209652
0.07781535678772021
0.07781800580392047
0.07779254705970548
0.07774050853304866
0.07766474537818224
0.07756909955277663
0.07745807555242482
0.07733653936902472
0.0772094443229683
0.07708158576789184
0.07695738666463771
0.07684071707784189
0.0767347519377666
0.07664187209168045
0.0765636131083052
0.07650066423424585
0.07645291651862364
0.07641955500598868
0.07639918587149695
0.07638998627470357
0.07638986317464992
0.07639660766287434
0.07640803341776604
0.07642209120351584
0.0764369552510158
0.07645108113030373
0.07646323772179746
0.07647251771574103
0.07647833161687305
0.076480389703542
0.07647867520829389
0.0764734106644364
0.0764650183630773
0.07645407548010964
0.07644126472248103
0.0764273221426006
0.07641298475699103
0.07639894140676802
0.07638579059840843
0.07637400869324378
0.07636393078826827
0.07635574513826639
0.07634950031581805
0.07634512282969387
0.07634244190657717
0.07634121774695923
0.07634116980246299
0.0763420023574351
0.07634342570764682
0.07634517226096656
0.07634700772470232
0.07634873806377036
0.07635021308983538
0.07635132744440924
0.07635201949664575
0.07635226842847925
0.07635208963326649
0.07635152855760047
0.07635065325315886
0.07634954611021506
0.07634829542937682
0.0763469875760719
0.07634570041123089
0.07634449850528609
0.07634343036603948
0.07634252761298248
0.0763418057812114
0.07634126628727783
0.07634089905508294
0.07634068536681442
0.07634060063223587
0.07634061691068174
0.07634070513219073
0.07634083702408799
0.07634098675620192
0.07634113228967822
0.07634125637822096
0.07634134715202578
0.07634139822845427
0.07634140833967255
0.07634138053288676
0.07634132106303297
0.07634123814100269
0.07634114071016589
0.07634103739857011
0.07634093574260777
0.07634084171571877
0.0763407595393648
0.07634069171552445
0.07634063920539284
0.07634060168528047
0.07634057782986432
0.07634056559505617
0.07634056248964612
0.07634056583254803
0.07634057299145312
0.07634058159303181
0.07634058968966233
0.07634059586710155
0.07634059928302703
0.07634059963659234
0.07634059708068815
0.07634059209767224
0.07634058536315713
0.07634057762025104
0.07634056957972757
0.07634056185260478
0.07634055491346958
0.07634054908772163
0.07634054455445333
0.07634054135826099
0.07634053942630195
0.07634053858964997
0.07634053860926705
0.07634053920642765
0.07634054009576381
0.07634054101730742
0.07634054176299285
0.0763405421935913
0.07634054224389274
0.07634054191648909
0.07634054126687295
0.07634054038401289
0.07634053937074783
0.07634053832738315
0.076340537340271
0.0763405364755278
0.07634053577689652
0.07634053526632648
0.07634053494603292
0.07634053480132641
0.07634053480401673
0.07634053491645255
0.07634053509619203
0.07634053530101088
0.0763405354936535
0.07634053564559613
0.07634053573921272
0.07634053576807748
0.07634053573557162
0.07634053565232135
0.07634053553316877
0.07634053539432258
0.07634053525112207
0.0763405351165651
0.07634053500052364
0.07634053490945074
0.07634053484639262
0.07634053481119535
0.0763405348008915
0.07634053481028986
0.07634053483277863
0.07634053486128052
0.07634053488922875
0.07634053491139414
0.076340534924415
0.07634053492695142
0.07634053491948295
0.07634053490384922
0.07634053488267797
0.07634053485883564
0.07634053483499614
0.0763405348133619
0.0763405347955241
0.0763405347824225
0.07634053477436717
0.07634053477109735
0.07634053477187294
0.07634053477559964
0.07634053478098894
0.0763405347867356
