1.4007077107075108
1.3895741732539861
1.3853437845871397
1.3804190440493642
1.3747921802552148
1.3685926069294556
1.3618890520282292
1.3546489550641108
1.3467381160432566
1.3381922607847838
1.328965951169933
1.3189593751402966
1.3081667049906973
1.296747045881962
1.2846830889531011
1.2720228192330818
1.2587758525051072
1.2450708859364035
1.2308724566084737
1.2161004666655264
1.2007818101686543
1.1849970529928517
1.1685501997162289
1.1511803366202509
1.1332198381795153
1.1149961555332344
1.0963250600427799
1.0772581278589102
1.057266903285594
1.0372258652538415
1.0167751445875348
0.9959673213040119
0.9744221215992045
0.9525401809548464
0.930348437102958
0.9078965643889507
0.8850608278071391
0.8620902725770222
0.8390533362849913
0.8160203420916011
0.7928795322614314
0.7698911767953919
0.7469993772875495
0.723863532609439
0.7008299010642778
0.6771323109004254
0.6535767189821962
0.6301959159221403
0.6069819144403239
0.58392895430808
0.5610315216284415
0.5382901505781172
0.5157283757360133
0.4930386449940447
0.47066411501115535
0.44872449812538673
0.42727829090918346
0.40667979295268786
0.3856381058153287
0.36547448203560723
0.3461702594772067
0.3269872592707921
0.3086995904744422
0.2914184636985891
0.2752660348475201
0.260029082238761
0.24604360977767442
0.233262408525863
0.22139444715206533
0.21062770018581267
0.2008979817815233
0.1918219059690128
0.1834427211219327
0.17601545482127384
0.16952209144092933
0.1639371941638115
0.15922063048518773
0.15504873119324342
0.15121121296079162
0.14806738449586707
0.14482234843912928
0.1425898344133364
0.13880335647037909
0.13579091374407423
0.13362371718058427
0.13217169082907504
0.13059806331480073
0.12930668015737237
0.1279375246323729
0.12695929694740302
0.12641226483273774
0.12477870152050853
0.12338064579545163
0.122482229824014
0.1217087696990009
0.12142174047590441
0.12164713361323516
0.1213023656260031
0.12149508992466818
0.12194895963431605
0.12191970444587134
0.1224547389995892
0.12115924530490121
0.12070566455446397
0.12050393546812438
0.12077724755117988
0.12089732590623922
0.12120496056688856
0.12188066939372873
0.12260845812054649
0.12211008214407235
0.12191807751815711
0.12221526917291932
0.12305314045012415
0.12303440074848776
0.12272566341326452
0.12182708567390058
0.1215669670766746
0.12192273841475965
0.1225670551951419
0.12359721599030629
0.122495110157273
0.12208496573878964
0.12233939967528974
0.12291971506379214
0.1229792580234672
0.12339709937953405
0.12373354398943634
0.12360553648945471
0.12357183629565602
0.12403296637077038
0.12501107598685743
0.1251778414778801
0.1256021436910256
0.1262472433010685
0.12542397926802354
0.12479976979168168
0.12476156999794433
0.12529366011537435
0.1261003467008229
0.12691254329791116
0.12791419462594097
0.12798436203526845
0.128748847148284
0.12817541226682283
0.12773798698587777
0.12697713998294702
0.12697903183366438
0.12769248897705043
0.12876605730018714
0.12978122973664002
0.12898770594278233
0.1277211467517678
0.12730167256676464
0.12762197584407758
0.12859002121035357
0.1295259652101775
0.13006187151617354
0.12972482135588295
0.128444253216699
0.12776067002020386
0.12742479623208472
0.12742893022645646
0.12799149649897903
0.12907470252332476
0.12925702553645688
0.12887683800973648
0.1281962500301667
0.12782560310211621
0.12780182856777822
0.12827089745902723
0.128252399578743
0.12838163260734572
0.12878754373148477
0.1290245740541202
0.12945593459998037
0.12972696633670822
0.13000938775495
0.12916998924922904
0.12903544002765502
0.12930740124273749
0.1299972765784017
0.13033232167222644
0.13069771694929372
0.13086935124697074
0.13049558661134258
0.13064631456369494
0.13069685261736563
0.13148085893708944
0.13114339448025591
0.13143899327950712
0.13109980853526326
0.13061881710471485
0.130762865228173
0.13094595079819704
0.1317802162957997
0.13312917687198153
0.1320924938114029
0.1316316919060987
0.13176199990574736
