0.7882369561587915
0.7615268972980501
0.7552930727464361
0.748930123448116
0.7424477488372687
0.7358531541680318
0.7291507678603327
0.7223435030118682
0.7154334730295868
0.708422376493887
0.7013117146546809
0.6941029222280559
0.6867974509170449
0.6793968257177889
0.6719026847073648
0.6643168082691355
0.6566411412001407
0.6488778097580115
0.641029134910212
0.6330976425785184
0.6250860713864335
0.6169973782404448
0.6088347419649485
0.600601565140342
0.5923014742494499
0.5839383182100857
0.575516165355362
0.567039298914843
0.5585122110462277
0.5499395954675275
0.5413263387423657
0.5326775102754508
0.5239983510808071
0.5152942613915443
0.5065707871865686
0.4978336057163032
0.489088510116086
0.48034139320215785
0.471598230551005
0.46286506296801744
0.45414797845595967
0.4454530937974305
0.4367865358683227
0.4281544228010886
0.4195628451174803
0.4110178469501413
0.4025254074711533
0.3940914226432112
0.3857216874056312
0.37742187840290875
0.36919753735805394
0.36105405518647626
0.3529966569389832
0.3450303876543933
0.33716009919359635
0.32939043811769964
0.32172583466322424
0.31417049285741105
0.30672838180654116
0.29940322818008447
0.29219850990335383
0.28511745106151354
0.2781630180082373
0.271337916663156
0.2646445909736763
0.2580852225087127
0.25166173114456514
0.2453757767966137
0.23922876214465216
0.23322183629471993
0.2273558993161463
0.22163160758911793
0.21604937989564676
0.21060940418506313
0.20531164494419685
0.200155851102244
0.1951415644007094
0.19026812815996008
0.18553469637549214
0.18094024307921153
0.17648357190355723
0.1721633257892098
0.1679779967804097
0.16392593585528747
0.16000536274229427
0.1562143756775337
0.15255096106160992
0.14901300297839537
0.14559829254190249
0.14230453704119606
0.13912936885678207
0.13607035412547075
0.13312500113397474
0.1302907684246244
0.12756507259959127
0.12494529581267688
0.12242879294036724
0.12001289842613072
0.11769493279412002
0.11547220883040399
0.11334203743156268
0.11130173312212899
0.10934861924369355
0.10748003281976937
0.10569332910160589
0.10398588580101598
0.10235510701721662
0.10079842686520235
0.09931331281393518
0.09789726874295679
0.09654783772652709
0.0952626045546453
0.09403919800057292
0.09287529284463736
0.09176861166423744
0.09071692640000151
0.08971805970810254
0.08876988610870706
0.08787033294049118
0.08701738113104607
0.08620906579294141
0.08544347665502905
0.08471875833845643
0.08403311048666218
0.08338478775846114
0.08277209969311727
0.0821934104560792
0.0816471384738483
0.0811317559662057
0.08064578838378678
0.08018781375871731
0.07975646197583808
0.07935041397167819
0.07896840086818546
0.07860920304785524
0.07827164917670759
0.0779546151812216
0.07765702318511192
0.07737784041153317
0.07711607805602405
0.07687079013523535
0.07664107231623063
0.07642606073082592
0.07622493077925396
0.0760368959270935
0.07586120649920536
0.07569714847414233
0.07554404228225409
0.0754012416104698
0.07526813221652029
0.07514413075511939
0.07502868361841208
0.0749212657927919
0.07482137973397496
0.07472855426202785
0.07464234347787568
0.07456232570260346
0.07448810244073789
0.07441929736847896
0.07435555534777849
0.07429654146691844
0.07424194010820362
0.07419145404317573
0.07414480355570607
0.07410172559313377
0.0740619729456059
0.0740253134535922
0.07399152924352137
0.07396041599136893
0.07393178221397712
0.07390544858778203
0.07388124729462675
0.07385902139420975
0.07383862422272369
0.07381991881716565
0.07380277736478524
0.07378708067708606
0.07377271768776017
0.07375958497395507
0.07374758630018752
0.07373663218426607
0.07372663948452451
0.07371753100768563
0.0737092351366776
0.07370168547766465
0.07369482052564857
0.0736885833479165
0.07368292128463605
0.07367778566596017
0.07367313154490596
0.07366891744540383
0.07366510512481594
0.07366165935032276
0.07365854768850222
0.07365574030755528
0.07365320979151901
0.07365093096592601
0.0736488807343244
0.07364703792513838
0.07364538314830049
0.07364389866119136
0.07364256824335669
0.07364137707954088
0.07364031165058194
0.07363935963172896
0.07363850979794873
0.07363775193583699
0.07363707676172482
0.0736364758456346
0.07363594154071551
0.07363546691782563
0.07363504570495083
0.07363467223113229
0.07363434137465052
0.07363404851514976
0.0736337894894653
0.07363356055091785
0.07363335833180429
0.07363317980890416
0.07363302227177115
0.07363288329361983
0.0736327607046191
0.07363265256742713
0.07363255715479378
0.07363247292908748
0.07363239852358971
0.07363233272544034
0.07363227446008869
0.0736322227771452
0.07363217683752044
0.07363213590174356
0.0736320993193792
0.073632066519429
0.07363203700165999
0.07363201032877142
0.07363198611932198
0.07363196404137451
0.07363194380675908
0.07363192516594241
0.07363190790341345
0.07363189183356023
0.07363187679698358
0.07363186265720623
0.07363184929774935
0.0736318366195271
0.07363182453854267
0.07363181298384092
0.07363180189571017
0.07363179122408925
0.07363178092717482
0.07363177097019402
0.0736317613243358
0.07363175196581795
0.0736317428750769
0.0736317340360646
0.07363172543564334
0.07363171706307003
0.07363170890954163
0.07363170096782445
0.07363169323192797
0.07363168569683853
0.07363167835828766
0.07363167121256975
0.07363166425638312
0.07363165748670897
0.073631650900706
0.07363164449563075
0.07363163826877805
0.07363163221743241
0.0736316263388308
0.07363162063014383
0.0736316150884565
0.07363160971076244
0.07363160449395922
0.07363159943485076
0.07363159453015655
0.07363158977651263
0.07363158517048907
0.07363158070859432
0.0736315763872929
0.07363157220301686
0.07363156815217364
0.07363156423116324
0.07363156043638863
0.07363155676426647
0.07363155321123604
0.0736315497737724
0.07363154644839087
0.07363154323165888
0.0736315401201999
0.07363153711070092
0.07363153419991797
0.07363153138467826
0.07363152866188738
0.0736315260285263
0.07363152348166324
0.07363152101844406
0.07363151863609863
0.07363151633194398
0.0736315141033792
0.07363151194788597
0.0736315098630328
0.07363150784646377
0.07363150589590861
0.07363150400917229
0.07363150218413672
0.0736315004187601
0.07363149871107222
0.07363149705917105
0.07363149546122727
0.07363149391547374
0.07363149242020628
0.07363149097378574
0.07363148957462506
0.07363148822120136
0.07363148691203947
0.07363148564572031
0.0736314844208722
0.07363148323617164
0.07363148209034165
0.07363148098215022
0.07363147991040375
0.07363147887395316
0.0736314778716819
0.07363147690251759
0.07363147596541653
0.07363147505937384
0.07363147418341442
0.07363147333659548
0.0736314725180024
0.07363147172675133
0.07363147096198486
0.07363147022287364
0.07363146950861055
0.0736314688184162
0.07363146815153365
0.07363146750723126
0.07363146688479272
0.07363146628353168
0.07363146570277623
0.0736314651418768
0.07363146460020298
0.07363146407714227
0.07363146357210171
0.07363146308450397
0.07363146261378983
0.07363146215941718
0.07363146172085899
0.0736314612976039
0.07363146088915518
0.07363146049503244
0.07363146011476829
0.07363145974790852
0.07363145939401383
0.07363145905265889
0.07363145872342958
0.07363145840592278
0.07363145809975091
0.07363145780453684
0.07363145751991274
0.07363145724552644
0.07363145698103091
0.07363145672609528
0.07363145648039471
0.07363145624361722
0.0736314560154584
0.07363145579562536
0.07363145558383166
0.07363145537980265
0.07363145518327274
0.07363145499397972
0.07363145481167599
0.07363145463611842
0.07363145446707187
0.0736314543043094
0.0736314541476103
0.07363145399676341
0.07363145385156245
0.07363145371180801
0.07363145357730783
0.07363145344787547
0.07363145332333099
0.07363145320349906
0.07363145308821328
0.07363145297731
0.07363145287063111
0.07363145276802552
0.0736314526693459
0.07363145257445014
0.07363145248320135
0.07363145239546653
0.07363145231111812
0.07363145223003187
0.07363145215208888
0.0736314520771747
0.07363145200517562
0.0736314519359832
0.07363145186949893
0.07363145180561881
0.07363145174424479
0.07363145168528629
0.07363145162865348
0.07363145157425721
0.07363145152201389
0.07363145147184458
0.07363145142366978
0.073631451377413
0.07363145133300453
0.07363145129037252
0.07363145124944948
0.07363145121017023
0.0736314511724725
0.07363145113629621
0.07363145110158087
0.07363145106827362
0.07363145103631707
0.07363145100566137
0.07363145097625523
0.07363145094804968
0.0736314509209981
0.07363145089505696
0.07363145087018141
0.07363145084633027
0.07363145082346323
0.07363145080154265
0.07363145078052946
0.07363145076038835
0.07363145074108646
0.07363145072258848
0.07363145070486288
0.07363145068788002
0.07363145067160792
0.07363145065602161
0.07363145064109078
0.07363145062678944
0.07363145061309406
0.07363145059997755
0.07363145058741838
0.07363145057539411
0.07363145056388076
0.07363145055286013
0.07363145054231113
0.07363145053221432
0.07363145052255093
0.07363145051330477
0.07363145050445663
0.0736314504959904
0.07363145048789088
0.07363145048014441
0.07363145047273278
0.07363145046564501
0.07363145045886643
0.0736314504523845
0.07363145044618635
0.07363145044026143
0.07363145043459607
0.07363145042918029
0.07363145042400454
0.07363145041905683
0.07363145041432961
0.073631450409812
0.0736314504054949
0.07363145040137031
0.07363145039743102
0.07363145039366792
0.07363145039007335
0.07363145038664076
0.07363145038336183
0.07363145038023255
0.07363145037724372
0.07363145037439034
0.07363145037166696
0.0736314503690666
0.07363145036658525
0.07363145036421714
0.07363145036195717
0.07363145035980034
0.07363145035774299
0.07363145035578089
0.07363145035390939
0.07363145035212304
0.07363145035042029
0.07363145034879537
0.07363145034724716
0.07363145034577057
0.07363145034436336
0.07363145034302121
0.07363145034174234
0.07363145034052287
0.07363145033936203
0.07363145033825413
0.07363145033719931
0.073631450336194
0.07363145033523721
0.07363145033432439
0.07363145033345597
0.07363145033262974
0.07363145033184137
0.07363145033109075
0.07363145033037632
0.07363145032969642
0.07363145032904894
0.07363145032843343
0.07363145032784635
0.0736314503272878
0.07363145032675777
0.0736314503262524
0.07363145032577234
0.07363145032531415
0.07363145032487906
0.07363145032446605
0.07363145032407203
0.07363145032369822
0.0736314503233425
0.07363145032300411
0.07363145032268237
0.07363145032237695
0.07363145032208696
0.07363145032181084
0.07363145032154772
0.07363145032129825
0.07363145032106189
0.07363145032083684
0.07363145032062357
0.07363145032041984
0.07363145032022678
0.07363145032004403
0.0736314503198704
0.07363145031970542
0.07363145031954865
0.07363145031939988
0.07363145031925866
0.07363145031912455
0.07363145031899787
0.07363145031887675
0.07363145031876173
0.0736314503186537
0.07363145031855078
0.07363145031845297
0.07363145031836049
0.07363145031827223
0.07363145031818907
0.07363145031810969
0.0736314503180352
0.07363145031796403
0.07363145031789697
0.07363145031783269
0.07363145031777274
0.07363145031771567
0.07363145031766083
0.07363145031760976
0.0736314503175608
0.07363145031751539
0.07363145031747154
0.07363145031742979
0.07363145031739038
0.07363145031735341
0.07363145031731866
0.07363145031728535
0.07363145031725404
0.07363145031722407
0.07363145031719587
0.07363145031716911
0.07363145031714413
0.07363145031711993
0.0736314503170975
0.07363145031707596
0.07363145031705587
0.07363145031703677
0.07363145031701901
0.07363145031700125
0.07363145031698537
0.07363145031697005
0.0736314503169565
0.07363145031694296
0.0736314503169293
0.07363145031691742
0.07363145031690654
0.07363145031689566
0.07363145031688534
0.07363145031687501
0.07363145031686547
0.07363145031685747
0.07363145031684937
0.07363145031684137
0.07363145031683394
0.07363145031682772
0.07363145031682083
0.07363145031681473
0.07363145031680929
0.07363145031680329
0.07363145031679885
0.07363145031679375
0.0736314503167893
0.07363145031678509
0.0736314503167802
0.07363145031677665
0.07363145031677343
0.07363145031676988
0.07363145031676688
0.07363145031676355
0.0736314503167611
0.07363145031675866
0.07363145031675578
0.07363145031675356
0.07363145031675122
0.07363145031674934
0.07363145031674723
0.07363145031674534
0.07363145031674401
0.07363145031674179
0.07363145031674023
0.07363145031673912
0.07363145031673757
0.07363145031673624
0.07363145031673513
0.07363145031673424
0.07363145031673246
0.07363145031673157
0.07363145031673035
0.07363145031672946
0.07363145031672902
0.07363145031672769
0.0736314503167278
0.07363145031672647
0.07363145031672602
0.07363145031672536
0.07363145031672458
0.07363145031672402
0.07363145031672358
0.07363145031672313
0.07363145031672291
0.07363145031672191
0.07363145031672191
0.0736314503167218
0.07363145031672103
0.07363145031672058
0.07363145031672091
0.07363145031672047
0.07363145031671958
0.0736314503167198
0.07363145031671958
0.07363145031671936
0.07363145031671914
0.07363145031671892
0.07363145031671892
0.07363145031671825
0.07363145031671847
0.0736314503167178
0.07363145031671847
0.07363145031671792
0.07363145031671836
0.07363145031671747
0.07363145031671792
0.07363145031671758
0.07363145031671758
0.07363145031671703
0.07363145031671736
0.07363145031671747
0.07363145031671736
0.07363145031671747
0.07363145031671692
0.07363145031671647
0.07363145031671692
0.07363145031671658
0.07363145031671703
0.0736314503167167
0.07363145031671647
0.07363145031671703
0.0736314503167167
0.07363145031671625
0.07363145031671692
0.07363145031671692
0.07363145031671625
0.07363145031671658
0.0736314503167167
0.07363145031671647
0.0736314503167167
0.07363145031671625
0.07363145031671614
0.07363145031671614
0.07363145031671614
0.07363145031671614
0.07363145031671581
0.07363145031671647
0.07363145031671647
0.07363145031671647
0.07363145031671647
0.07363145031671658
0.07363145031671692
0.07363145031671581
0.07363145031671658
0.07363145031671614
0.07363145031671625
0.07363145031671614
0.07363145031671614
0.07363145031671625
0.07363145031671625
0.07363145031671625
0.07363145031671647
0.07363145031671581
0.07363145031671614
0.07363145031671625
0.07363145031671647
0.07363145031671603
0.07363145031671614
0.07363145031671603
0.07363145031671625
0.07363145031671658
0.07363145031671647
0.07363145031671603
0.07363145031671581
0.07363145031671614
0.07363145031671692
0.07363145031671625
0.0736314503167157
0.07363145031671625
0.07363145031671603
0.07363145031671581
0.07363145031671625
0.07363145031671614
0.07363145031671559
0.07363145031671647
0.07363145031671614
0.07363145031671625
0.07363145031671625
0.07363145031671658
0.07363145031671658
0.07363145031671625
0.07363145031671603
0.07363145031671625
0.07363145031671614
0.0736314503167167
0.07363145031671614
0.0736314503167167
0.07363145031671647
