1.3091456609099232
1.1500306319092528
1.1400796010929755
1.1290229500066726
1.1173666478832123
1.1052986808658714
1.0929109650050206
1.0802564418043772
1.0673692806079038
1.0542734959884799
1.0409871073055743
1.0275243266173284
1.0138967796308265
1.000114210483475
0.9861848855539717
0.9721157967264507
0.9579126972641782
0.9435799543717504
0.9291201657490554
0.9145334897191663
0.8998167781435981
0.8849630715896875
0.8699628167772117
0.8548081103005867
0.8394983687567379
0.8240427516358286
0.8084576743940124
0.7927627535740678
0.7769781460168779
0.7611235408441176
0.7452180241176949
0.7292802264100913
0.7133284962563076
0.697381023035478
0.6814559011599539
0.665571146502336
0.64974467811267
0.6339942759353279
0.6183375224478923
0.6027917339249204
0.5873738854599183
0.5721005328154508
0.5569877334562344
0.5420509686313617
0.5273050680252359
0.5127641382372261
0.49844149614251637
0.48434960800945703
0.47050003508915494
0.4569033862440496
0.44356927804079904
0.4305063025987405
0.4177220033603914
0.4052228588382215
0.3930142742964168
0.3811005812513242
0.3694850446217992
0.35816987732943373
0.34715626213247813
0.3364443804653137
0.3260334480336922
0.3159217568718496
0.30610672349426626
0.29658494267490415
0.28735224627273526
0.27840376641247
0.2697340022415713
0.2613368894306572
0.2532058715671653
0.2453339726064629
0.23771386958045174
0.23033796481015717
0.2231984569167629
0.21628740996932097
0.20959682014457837
0.20311867930534422
0.19684503493086355
0.19076804585909843
0.18488003333063036
0.17917352686119078
0.17364130451854493
0.16827642724293396
0.1630722669308069
0.15802252809998532
0.15312126306957738
0.14836288071675371
0.14374214900968665
0.13925419165467653
0.1348944793278927
0.13065881608027438
0.12654332160080572
0.12254441009306241
0.11865876655929089
0.11488332129443737
0.11121522337097074
0.10765181384750729
0.10419059936503496
0.10082922670963786
0.09756545882588645
0.09439715266600807
0.09132223916140982
0.08833870550899772
0.08544457987795409
0.08263791856517194
0.07991679556054022
0.07727929442716537
0.0747235023563023
0.07224750622176201
0.06984939043312724
0.06752723637033795
0.0652791231731463
0.06310312965661383
0.06099733712727776
0.058959832882950175
0.056988714191485816
0.05508209255947566
0.05323809811995679
0.05145488398819734
0.049730630455769025
0.04806354891486803
0.04645188542662248
0.04489392386841737
0.04338798861560239
0.04193244673191296
0.040525709660172805
0.03916623442008114
0.037852524332909004
0.03658312930362395
0.03535664569928287
0.034171715868528324
0.03302702735080222
0.03192131182563252
0.030853343852280033
0.0298219394484133
0.028825954553597075
0.027864283419519426
0.026935856964330773
0.02603964112348772
0.025174635224329556
0.024339870406470954
0.023534408105146214
0.022757338610027874
0.02200777970786329
0.02128487541360219
0.020587794791558155
0.019915730865574948
0.01926789961514124
0.018643539052885946
0.018041908377850975
0.01746228719832134
0.01690397481773953
0.01636628957727322
0.015848568248885433
0.015350165473204135
0.014870453237054458
0.014408820386140997
0.013964672169009417
0.013537429809034298
0.013126530101746239
0.012731425035300609
0.012351581432292848
0.011986480611431009
0.011635618067787925
0.011298503170476358
0.010974658876635285
0.010663621460592583
0.01036494025699881
0.010078177416625846
0.009802907673404991
0.009538718121164145
0.00928520799842234
0.009041988479527233
0.008808682470383572
0.008584924407027605
0.008370360055355103
0.008164646310410369
0.007967450993787675
0.007778452647882594
0.007597340325948425
0.007423813377158781
0.007257581226139519
0.007098363146703719
0.006945888029791591
0.006799894145876126
0.006660128902333735
0.00652634859649176
0.006398318165245697
0.006275810932281855
0.006158608354043887
0.006046499765645948
0.005939282127954059
0.005836759777040773
0.005738744177163368
0.005645053678330017
0.005555513279404421
0.005469954397565683
0.00538821464479106
0.00531013761186943
0.005235572660294419
0.005164374722226333
