0.8063132646901061
0.7301645587514627
0.7291766148216283
0.7281856908521063
0.7271922113976579
0.7261963499848645
0.7251981862436692
0.7241977571288551
0.7231950776341236
0.7221901504798929
0.7211829711509536
0.7201735307385739
0.7191618176519051
0.7181478187051615
0.7171315198397893
0.7161129066224499
0.7150919645992786
0.7140686795543686
0.7130430377021526
0.7120150258326626
0.7109846314221733
0.7099518427177121
0.7089166488013547
0.7078790396385202
0.7068390061133851
0.7057965400537483
0.7047516342471605
0.7037042824497448
0.7026544793888729
0.7016022207606565
0.7005475032230521
0.6994903243852864
0.6984306827941791
0.697368577917902
0.6963040101276203
0.6952369806774332
0.6941674916829568
0.693095546098885
0.6920211476957938
0.6909443010364452
0.6898650114518075
0.6887832850169804
0.6876991285271914
0.6866125494740078
0.6855235560218826
0.6844321569851406
0.6833383618054881
0.6822421805301181
0.6811436237904627
0.6800427027816436
0.6789394292426432
0.6778338154372275
0.6767258741356281
0.675615618596991
0.6745030625525941
0.6733882201898196
0.6722711061368796
0.6711517354482703
0.6700301235909447
0.6689062864311737
0.6677802402220774
0.6666520015918016
0.6655215875323093
0.6643890153887635
0.6632543028494702
0.66211746793636
0.6609785289959658
0.6598375046908922
0.6586944139917243
0.6575492761693675
0.6564021107877824
0.6552529376970959
0.6541017770270567
0.6529486491808227
0.6517935748290451
0.6506365749042387
0.6494776705954102
0.6483168833429325
0.6471542348336388
0.6459897469961247
0.6448234419962391
0.6436553422327511
0.6424854703331737
0.6413138491497365
0.6401405017554893
0.6389654514405281
0.6377887217083293
0.6366103362721889
0.635430319051739
0.6342486941695629
0.6330654859478637
0.6318807189052116
0.6306944177533402
0.629506607393995
0.6283173129158268
0.6271265595913245
0.6259343728737774
0.6247407783942667
0.6235458019586855
0.6223494695447702
0.6211518072991531
0.6199528415344286
0.6187525987262212
0.6175511055102683
0.6163483886795009
0.6151444751811286
0.6139393921137222
0.6127331667242937
0.611525826405374
0.610317398692078
0.6091079112591726
0.6078973919181261
0.6066858686141541
0.6054733694232508
0.6042599225492116
0.6030455563206434
0.6018302991879574
0.6006141797203568
0.5993972266028025
0.5981794686329704
0.5969609347181917
0.595741653872379
0.5945216552129409
0.5933009679576764
0.5920796214216602
0.5908576450141099
0.5896350682352431
0.5884119206731144
0.5871882320004462
0.5859640319714374
0.5847393504185667
0.5835142172493795
0.5822886624432604
0.5810627160481994
0.5798364081775393
0.57860976900672
0.5773828287700034
0.5761556177571971
0.5749281663103623
0.5737005048205142
0.5724726637243169
0.5712446735007666
0.5700165646678701
0.5687883677793162
0.5675601134211408
0.5663318322083872
0.5651035547817624
0.5638753118042894
0.5626471339579544
0.5614190519403537
0.5601910964613397
0.5589632982396626
0.5577356879996138
0.5565082964676704
0.5552811543691387
0.554054292424802
0.5528277413475684
0.5516015318391232
0.5503756945865861
0.5491502602591722
0.5479252595048587
0.5467007229470564
0.5454766811812928
0.5442531647718956
0.5430302042486923
0.541807830103715
0.5405860727879135
0.5393649627078834
0.5381445302226031
0.5369248056401836
0.5357058192146285
0.5344876011426134
0.5332701815602725
0.5320535905400081
0.5308378580873068
0.52962301413758
0.5284090885530162
0.5271961111194532
0.5259841115432717
0.5247731194483012
0.5235631643727501
0.522354275766155
0.5211464829863561
0.5199398152964834
0.5187343018619759
0.517529971747617
0.5163268539145984
0.5151249772176048
0.5139243704019241
0.5127250621005826
0.51152708083151
0.5103304549947241
0.5091352128695468
0.5079413826118517
0.5067489922513309
0.5055580696887947
0.5043686426935032
0.5031807389005265
0.5019943858081308
0.5008096107751985
0.49962644101868137
0.4984449036110833
0.49726502547797213
0.49608683339553117
0.49491035398813554
0.49373561372596775
0.4925626389226654
0.49139145573300247
0.49022209015060303
0.48905456800569647
0.4878889149628992
0.4867251565190409
0.4855633180010155
0.4844034245636807
0.4832455011877871
0.4820895726779424
0.4809356636606187
0.47978379858219167
0.4786340017070183
0.47748629711555834
0.47634070870252343
0.47519726017507147
0.4740559750510408
0.4729168766572148
0.47177998812763555
0.47064533240194695
0.4695129322237829
0.468382810139196
0.4672549884951148
0.4661294894378555
0.46500633491166143
0.46388554665728843
0.46276714621062576
0.46165115490136055
0.46053759385168014
0.45942648397501096
0.4583178459748054
0.45721170034335856
0.45610806736067
0.4550069670933504
0.4539084193935562
0.4528124438979696
0.4517190600268236
0.45062828698295754
0.44954014375091667
0.44845464909609256
0.4473718215638972
0.4462916794789832
0.4452142409444967
0.4441395238413747
0.44306754582767593
0.4419983243379543
0.44093187658267097
0.4398682195476388
0.43880736999351366
0.4377493444553163
0.4366941592419956
0.43564183043603133
0.4345923738930654
0.43354580524158026
0.4325021398826111
0.4314613929894894
0.4304235795076288
0.42938871415434743
0.4283568114187184
0.4273278855614673
0.4263019506148903
0.4252790203828257
0.4242591084406394
0.4232422281352636
0.4222283925852567
0.42121761468090113
0.4202099070843345
0.4192052822297173
0.41820375232342444
0.41720532934427856
0.41621002504380766
0.41521785094654307
0.4142288183503364
0.413242938326721
0.41226022172129273
0.4112806791541278
0.4103043210202272
0.40933115748999305
0.40836119850972896
0.40739445380217565
0.40643093286706833
0.40547064498172747
0.40451359920167473
0.4035598043612695
0.4026092690743882
0.40166200173511035
0.4007180105184459
0.39977730338107775
0.3988398880621361
0.39790577208399114
0.3969749627530742
0.3960474671607238
0.39512329218405007
0.39420244448682296
0.39328493052038804
0.39237075652459585
0.39145992852876177
0.3905524523526408
0.3896483336074231
0.3887475776967545
0.3878501898177701
0.38695617496215495
0.3860655379172151
0.3851782832669777
0.3842944153932947
0.3834139384769817
0.3825368564989575
0.3816631732414124
0.38079289228898827
0.3799260170299711
0.3790625506575044
0.37820249617081936
0.377345856376472
0.37649263388959997
0.3756428311351917
0.37479645034937203
0.3739534935806953
0.3731139626914547
0.37227785935900337
0.3714451850770888
0.37061594115719176
0.3697901287298895
0.3689677487462131
0.3681488019790262
0.3673332890244144
0.36652121030307716
0.3657125660617292
0.3649073563745199
0.36410558114444713
0.36330724010479276
0.36251233282055706
0.3617208586898979
0.36093281694558754
0.36014820665646785
0.35936702672891196
0.3585892759082915
0.3578149527804575
0.35704405577320963
0.35627658315779087
0.35551253305036457
0.3547519034135178
0.3539946920577468
0.35324089664296565
0.35249051468000137
0.351743543532102
0.3509999804164451
0.35025982240564435
0.3495230664292619
0.3487897092753235
0.3480597475918288
0.347333177888269
0.34660999653714
0.34589019977546087
0.3451737837062857
0.3444607443002242
0.34375107739695276
0.3430447787067301
0.3423418438119108
0.3416422681684569
0.34094604710744825
0.34025317583659187
0.33956364944172723
0.33887746288833254
0.33819461102302173
0.33751508857505275
0.33683889015781354
0.3361660102703201
0.33549644329870587
0.3348301835177059
0.33416722509214214
0.3335075620783958
0.33285118842588524
0.33219809797853517
0.33154828447624196
0.3309017415563288
0.3302584627550047
0.32961844150881336
0.32898167115607846
0.3283481449383391
0.32771785600178704
0.3270907973986906
0.32646696208881776
0.32584634294085146
0.3252289327337968
0.324614724158384
0.3240037098184646
0.32339588223240057
0.3227912338344453
0.3221897569761204
0.3215914439275799
0.32099628687897885
0.3204042779418158
0.31981540915028706
0.319229672462622
0.3186470597624159
0.318067562859946
0.3174911734934954
0.31691788333065274
0.3163476839696159
0.3157805669404784
0.3152165237065132
0.31465554566545173
0.31409762415073716
0.313542750432798
0.3129909157202784
0.3124421111612933
0.31189632784465127
0.31135355680107857
0.3108137890044317
0.31027701537290453
0.30974322677022015
0.309212414006821
0.30868456784104337
0.30815967898028906
0.3076377380821821
0.30711873575571647
0.3066026625624034
0.3060895090173984
0.30557926559062354
0.3050719227078824
0.30456747075196244
0.304065900063728
0.3035672009432112
0.30307136365067633
0.30257837840769675
0.30208823539820673
0.30160092476954736
0.3011164366335074
0.3006347610673491
0.30015588811482663
0.2996798077871987
0.29920651006422283
0.2987359848951531
0.2982682221997107
0.2978032118690658
0.29734094376679276
0.2968814077298253
0.29642459356939466
0.2959704910719735
0.2955190900001874
0.29507038009373676
0.2946243510703024
0.2941809926264364
0.29374029443845495
0.2933022461633096
0.2928668374394592
0.29243405788772625
0.2920038971121458
0.2915763447008072
0.2911513902266849
0.29072902324845806
0.2903092333113252
0.2898920099478045
0.28947734267853054
0.28906522101304155
0.28865563445054887
0.2882485724807111
0.2878440245843884
0.2874419802343927
0.28704242889622955
0.28664536002882457
0.28625076308525665
0.2858586275134606
0.28546894275693935
0.2850816982554578
0.28469688344573507
0.28431448776211765
0.283934500637256
0.28355691150276596
0.2831817097898782
0.28280888493009393
0.2824384263558115
0.28207032350096084
0.2817045658016277
0.2813411426966602
0.2809800436282758
0.2806212580426588
0.2802647753905497
0.2799105851278244
0.2795586767160655
0.27920903962312915
0.27886166332370366
0.27851653729985537
0.278173651041573
0.2778329940472988
0.27749455582445826
0.27715832588997624
0.2768242937707909
0.2764924490043562
0.2761627811391363
0.2758352797351017
0.27550993436420257
0.27518673461084886
0.2748656700723804
0.27454673035952304
0.27422990509683987
0.2739151839231875
0.27360255649214604
0.27329201247245904
0.2729835415484555
0.27267713342047084
0.2723727778052595
0.2720704644364015
0.2717701830647018
0.2714719234585852
0.2711756754044784
0.27088142870719434
0.27058917319030595
0.27029889869651236
0.2700105950880012
0.26972425224680363
0.2694398600751432
0.2691574084957823
0.2688768874523554
0.2685982869097008
0.26832159685418866
0.26804680729403907
0.2677739082596352
0.2675028898038333
0.26723374200226413
0.2669664549536309
0.2667010187799991
0.2664374236270842
0.2661756596645306
0.2659157170861869
0.2656575861103804
0.2654012569801747
0.2651467199636316
0.26489396535406995
0.2646429834703077
0.26439376465691067
0.26414629928443123
0.26390057774964115
0.2636565904757605
0.2634143279126855
0.2631737805372053
0.26293493885321684
0.26269779339193733
0.26246233471210767
0.26222855340019857
0.2619964400705972
0.2617659853658112
0.2615371799566478
0.26131001454240066
0.2610844798510309
0.2608605666393359
0.2606382656931263
0.2604175678273889
0.2601984638864475
0.2599809447441276
0.25976500130390046
0.2595506244990462
0.2593378052927867
0.25912653467843494
0.2589168036795365
0.25870860334999535
0.25850192477421297
0.25829675906721183
0.25809309737475916
0.25789093087348736
0.2576902507710085
0.25749104830603187
0.25729331474846695
0.25709704139953615
0.256902219591871
0.2567088406896131
0.2565168960885148
0.256326377216023
0.2561372755313762
0.25594958252568445
0.25576328972201756
0.25557838867548177
0.2553948709732955
0.2552127282348656
0.25503195211185836
0.25485253428826093
0.25467446648045755
0.2544977404372778
0.2543223479400659
0.2541482808027343
0.25397553087181446
0.2538040900265064
0.2536339501787349
0.2534651032731855
0.2532975412873525
0.25313125623157495
0.25296624014907965
0.2528024851160108
0.25263998324146375
0.2524787266675189
0.25231870756926245
0.25215991815481786
0.252002350665364
0.2518459973751579
0.25169085059155505
0.2515369026550175
0.25138414593913605
0.2512325728506384
0.2510821758293963
0.2509329473484371
0.2507848799139425
0.2506379660652588
0.2504921983748917
0.2503475694485079
0.25020407192493155
0.25006169847614
0.24992044180725337
0.24978029465652984
0.24964124979535096
0.24950330002821308
0.24936643819270599
0.2492306571595052
0.24909594983234618
0.24896230914800987
0.24882972807629555
0.2486981996200045
0.24856771681490863
0.24843827272972552
0.24830986046609205
0.2481824731585328
0.2480561039744309
0.24793074611398913
0.24780639281019923
0.2476830373288118
0.24756067296828466
0.2474392930597581
0.24731889096700443
0.2471994600863905
0.24708099384683502
0.24696348570976012
0.24684692916905193
0.24673131775100365
0.24661664501427716
0.24650290454984658
0.24639008998094736
0.24627819496302672
0.24616721318369061
0.24605713836264143
0.24594796425163556
0.24583968463440897
0.24573229332663538
0.24562578417585323
0.2455201510614171
0.24541538789442552
0.2453114886176665
0.24520844720554613
0.24510625766403227
0.2450049140305809
0.24490441037407473
0.24480474079475067
0.24470589942413667
0.24460788042497972
0.24451067799116888
0.24441428634767648
0.24431869975047416
0.24422391248646524
0.24412991887340907
0.24403671325984766
0.24394429002502738
0.24385264357882352
0.24376176836166252
0.24367165884444297
0.24358230952846005
0.24349371494531946
0.2434058696568644
0.24331876825508958
0.24323240536205792
0.24314677562982456
0.24306187374034494
0.2429776944053984
0.24289423236649865
0.24281148239481165
0.24272943929106505
0.24264809788546993
0.24256745303762195
0.24248749963642646
0.24240823260000166
0.2423296468755919
0.24225173743947837
0.2421744992968895
0.24209792748191228
0.24202201705739534
0.2419467631148664
0.2418721607744323
0.24179820518468953
0.241724891522633
0.2416522149935617
0.2415801708309825
0.24150875429651952
0.24143796067981727
0.24136778529844705
0.24129822349780772
0.24122927065103716
0.24116092215890805
0.24109317344973624
0.24102601997928408
0.24095945723065793
0.2408934807142188
0.24082808596747596
0.24076326855499275
0.2406990240682917
0.2406353481257475
0.2405722363724928
0.2405096844803184
0.2404476881475759
0.24038624309907008
0.24032534508596715
0.24026498988568912
0.24020517330181768
0.24014589116398577
0.24008713932778425
0.2400289136746555
0.23997121011179556
0.23991402457205024
0.23985735301381084
0.2398011914209186
0.23974553580255453
0.23969038219314598
0.23963572665225585
0.2395815652644816
0.2395278941393575
0.23947470941124738
0.23942200723923968
0.23936978380704976
0.23931803532291296
0.23926675801948016
0.23921594815371838
0.23916560200680392
0.2391157158840188
0.23906628611464698
0.23901730905187313
0.23896878107267971
0.23892069857773202
0.23887305799129166
0.2388258557610965
0.23877908835826833
0.2387327522772006
0.23868684403546092
0.23864136017368054
0.23859629725545706
0.23855165186724359
0.23850742061824926
0.23846360014033585
0.23842018708790647
0.23837717813781134
0.23833456998923885
0.2382923593636077
0.23825054300447113
0.2382091176774095
0.23816808016992252
0.23812742729133174
0.23808715587267182
0.2380472627665905
0.23800774484724252
0.23796859901018763
0.23792982217228742
0.23789141127159963
0.23785336326727602
0.23781567513946067
0.23777834388918684
0.23774136653826883
0.23770474012920995
0.23766846172508427
0.23763252840945082
0.23759693728623787
0.2375616854796484
0.237526770134053
0.2374921884138922
0.23745793750356892
0.2374240146073533
0.23739041694927643
0.2373571417730268
0.2373241863418567
0.23729154793847407
0.23725922386494347
0.2372272114425863
0.23719550801187683
0.23716411093234802
0.2371330175824813
0.2371022253596201
0.23707173167985351
0.2370415339779296
0.23701162970715084
0.2369820163392714
0.23695269136440533
0.2369236522909216
0.23689489664534713
0.23686642197226748
0.23683822583423064
0.23681030581164697
0.2367826595026905
0.23675528452320094
0.23672817850659078
0.23670133910374114
0.2366747639829102
0.23664845082963415
0.23662239734662727
0.23659660125369353
0.2365710602876231
0.23654577220209794
0.2365207347675996
0.23649594577131072
0.23647140301701775
0.23644710432502258
0.2364230475320429
0.23639923049111733
0.23637565107151526
0.2363523071586372
0.23632919665392826
0.23630631747477848
0.23628366755443375
0.23626124484189726
0.23623904730184797
0.23621707291453742
0.2361953196757013
0.2361737855964675
0.23615246870326867
0.2361313670377453
0.23611047865665646
0.23608980163179227
0.2360693340498795
0.23604907401249342
0.23602901963596779
0.23600916905130653
0.23598952040409082
0.23597007185439678
0.2359508215766991
0.23593176775978897
0.23591290860668368
0.2358942423345397
0.2358757671745607
0.2358574813719202
0.23583938318566489
0.23582147088863314
0.23580374276736882
0.23578619712203663
0.23576883226632983
0.23575164652739333
0.23573463824573393
0.23571780577513868
0.23570114748258775
0.23568466174816927
0.23566834696500383
0.235652201539151
0.23563622388953076
0.2356204124478425
0.23560476565848198
0.23558928197845697
0.23557395987730445
0.2355587978370156
0.23554379435194728
0.235528947928747
0.23551425708627038
0.23549972035549926
0.23548533627946477
0.23547110341316502
0.23545702032348992
0.23544308558913885
0.23542929780054356
0.23541565555978938
0.23540215748054028
0.23538880218795344
0.23537558831861727
0.23536251452045498
0.235349579452664
0.2353367817856341
0.235324120200871
0.23531159339091878
0.23529920005928995
0.2352869389203892
0.2352748086994373
0.23526280813239397
0.23525093596589286
0.23523919095716017
0.23522757187394427
0.23521607749444395
0.23520470660723536
0.23519345801119684
0.23518233051544335
0.23517132293924758
0.2351604341119783
0.2351496628730172
0.23513900807170174
0.23512846856724323
0.23511804322866714
0.23510773093473603
0.23509753057388316
0.2350874410441467
0.23507746125309692
0.23506759011777145
0.2350578265646024
0.23504816952935637
0.2350386179570615
0.23502917080194397
0.23501982702735924
0.23501058560572663
0.23500144551846747
0.23499240575593427
0.2349834653173466
0.23497462321072937
0.234965878452845
0.23495723006913505
0.23494867709364742
0.23494021856898062
0.23493185354621948
0.23492358108486633
0.23491540025278945
0.23490731012615107
0.23489930978935003
0.23489139833496153
0.23488357486367362
0.23487583848422622
0.23486818831335343
0.23486062347572034
0.23485314310386662
0.23484574633814403
0.23483843232665758
0.2348312002252113
0.23482404919724342
0.23481697841377025
0.23480998705333145
0.23480307430193192
0.23479623935297844
0.23478948140723122
0.23478279967274196
0.23477619336480104
0.23476966170587976
0.23476320392557393
0.2347568192605497
0.23475050695449273
0.23474426625804312
0.2347380964287562
0.23473199673103196
0.23472596643607524
0.23472000482183464
0.2347141111729517
0.2347082847807106
0.23470252494297938
0.2346968309641677
0.23469120215516293
0.23468563783329044
0.23468013732225368
0.23467469995209
0.23466932505911442
0.23466401198587616
0.23465876008109843
0.23465356869964138
0.23464843720244277
0.2346433649564741
0.23463835133469135
0.23463339571598507
0.23462849748513293
0.23462365603275337
0.23461887075525467
0.23461414105479372
0.23460946633922364
0.23460484602204756
0.2346002795223755
0.2345957662648771
0.23459130567973485
0.23458689720260117
0.23458254027454795
0.23457823434202896
0.23457397885683084
0.23456977327602724
0.2345656170619419
0.23456150968209621
0.23455745060917288
0.23455343932096773
0.2345494753003523
0.23454555803522548
0.23454168701847566
0.23453786174793612
0.23453408172634516
0.23453034646130433
0.23452665546523344
0.23452300825533834
0.23451940435356133
0.23451584328654473
0.2345123245855948
0.23450884778663228
0.23450541243016232
0.23450201806123072
0.2344986642293847
0.23449535048863623
0.2344920763974233
0.2344888415185684
0.2344856454192462
0.23448248767094215
0.23447936784941625
0.2344762855346646
0.2344732403108839
