0.9999656656096114
0.9999510880688747
0.9999306720232272
0.9999033782308668
0.999867640030227
0.9998293626738869
0.9997741691400516
0.9997051541410404
0.9996202657093796
0.9995171577999918
0.99940739621483
0.9992647236185355
0.9990962855174198
0.9988991398932077
0.9986720293371073
0.9984132230102809
0.9981215950521695
0.9977962463297283
0.9974354908554752
0.9970407209705245
0.9966113589506488
0.99614922649223
0.9956527518752957
0.9951224364209782
0.9945585176715337
0.9939631312925955
0.9933337567223725
0.9926672601130982
0.9919659376572386
0.9912272098638332
0.9904500298597937
0.9896306056974877
0.9892639320247003
0.9883979740954649
0.9874727721153944
0.9865042107356711
0.9854722700597985
0.9843663793597117
0.983181041452159
0.9819147950128642
0.980565226597502
0.9791220065399889
0.9775868644401036
0.9759478187322908
0.9742034565350337
0.9723523600776719
0.9703877939635511
0.9683118145075248
0.9661193658987511
0.9638028514633813
0.9613533809713328
0.9587757252318663
0.956064746714691
0.9534980104209814
0.9505971669719014
0.9475419713519528
0.9443181949183067
0.9409496299624036
0.9374323771157193
0.9337752423791523
0.929981791158631
0.9260635403314853
0.9220478362272762
0.9179196699006007
0.9136997861658295
0.9094034678184116
0.9050406450497988
0.9006223058380594
0.8961492097911852
0.891623329062412
0.8870559104805359
0.8824466642149955
0.8778174949104761
0.8731579615527301
0.8685001533804699
0.8638518293607007
0.8592049263651316
0.8545880767806395
0.8536874360826402
0.8492514899511765
0.8448360569091493
0.8403988150801875
0.8359421985488581
0.8315485738024597
0.8272373590582973
0.8229701378825112
0.8187676513549991
0.8146015326691323
0.8104763465091629
0.8064420298970733
0.8024833134666365
0.7985746865343631
0.7947777914568852
0.7910975850045789
0.7875446452033753
0.7840870872035424
0.7807528164799342
0.7775273619182331
0.7744054550037096
0.7713279081424581
0.7683631386916107
0.7654658960370826
0.7627225676888452
0.7600368683688206
0.7574318834932736
0.754830273406038
0.7523909462101108
0.7500484363978676
0.7478159949958512
0.7456440359102179
0.7435397297737707
0.7414925390807041
0.7395095788702546
0.7375864057491593
0.7357032231884462
0.7339552467604689
0.732280363607242
0.7306749879730992
0.7291342458287693
0.7276742049888172
0.7262751352510532
0.7249441651785529
0.7332644703914519
0.7320688888961957
0.731079802509959
0.7299718371143978
0.7288771538751924
0.7277610221643547
0.7266560252939909
0.7256214617591121
0.7245748404916355
0.7235983102523675
0.7226097321968927
0.7216741044353123
0.7207512570361183
0.7198601237749882
0.7190352904196358
0.7182017105054699
0.7173509875977583
0.7165508101413759
0.7158110693022577
0.7151434224449276
0.7145373556271252
0.7140277655818115
0.7135221753596277
0.7130297095886715
0.7125802765460743
0.7121568885859201
0.7117598882496619
0.7113562814333773
0.7109884342796831
0.7107222069884714
0.7104348176493813
0.7101856235535924
0.7099610610459393
0.7097528013900898
0.7095841178682549
0.7094151631854502
0.709309398640001
0.7091998682244454
0.7091060259272999
0.7090174478791637
0.7089328448872998
0.7088887017985087
0.7089463201232695
0.7090369291778874
0.7091661503111956
0.7093646231929278
0.7095433311066861
0.7096972637197198
0.7099350534058497
0.710186092074653
0.7104643284478493
0.7108161156761603
0.7111910239276824
0.7115723401804284
0.7119336901852494
0.712240412924185
0.712619287431027
0.7129568072703468
0.7132645190120466
0.7135360610408543
0.713826386285315
0.7141567068732246
0.714484950684338
0.7148525082660699
0.715218373017062
0.7156376959766152
0.7160662372234561
0.716530137326219
0.7169303652422006
0.7173699713413015
0.7178884486258992
0.7184036717734168
0.7189465056387776
0.7194659018393321
0.7199868314787885
0.7205718567559812
0.7211678123802439
0.7217330860701667
