0.8065009715917468
0.7259850909261214
0.7250138232633135
0.7240401370348346
0.7230643376473509
0.7220865001990857
0.7211066429184513
0.7201247640047341
0.7191408531285177
0.7181548959496388
0.7171668761956287
0.7161767767380725
0.715184580205027
0.714190269357464
0.713193827335918
0.7121952378307046
0.7111944852042483
0.7101915545816155
0.7091864319187657
0.7081791040543969
0.7071695587491578
0.7061577847147729
0.7051437716348505
0.7041275101786886
0.7031089920090678
0.7020882097848453
0.7010651571590043
0.7000398287727396
0.6990122202460769
0.6979823281654843
0.6969501500688841
0.6959156844284402
0.694878930631474
0.6938398889598217
0.692798560567933
0.6917549474599736
0.6907090524661854
0.6896608792187238
0.6886104321271711
0.687557716353917
0.6865027377895556
0.6854455030284461
0.6843860193445661
0.683324294667752
0.6822603375604332
0.6811941571949204
0.6801257633313239
0.6790551662961448
0.6779823769615805
0.6769074067255723
0.6758302674926175
0.6747509716553527
0.6736695320769155
0.6725859620740874
0.6715002754011976
0.6704124862347909
0.6693226091590343
0.668230659151845
0.6671366515717205
0.6660406021452445
0.6649425269552449
0.6638424424295744
0.662740365330492
0.6616363127446088
0.6605303020733801
0.6594223510241055
0.6583124776014193
0.6572007000992326
0.6560870370931127
0.6549715074330613
0.6538541302366763
0.6527349248826664
0.6516139110046983
0.6504911084855514
0.6493665374515596
0.6482402182673228
0.6471121715306609
0.6459824180677978
0.6448509789287604
0.6437178753829649
0.6425831289149884
0.6414467612204979
0.6403087942023382
0.6391692499667463
0.6380281508197008
0.636885519263378
0.6357413779927146
0.6345957498920636
0.6334486580319336
0.6323001256658012
0.6311501762269978
0.6299988333256488
0.6288461207456706
0.6276920624418156
0.6265366825367547
0.6253800053181997
0.6242220552360551
0.6230628568995957
0.6219024350746676
0.6207408146809084
0.6195780207889814
0.6184140786178205
0.617249013531888
0.6160828510384326
0.6149156167847587
0.6137473365554909
0.612578036269841
0.6114077419788742
0.61023647986277
0.6090642762280767
0.6078911575049635
0.6067171502444615
0.6055422811156974
0.6043665769031215
0.6031900645037167
0.6020127709242085
0.6008347232782554
0.5996559487836286
0.5984764747593863
0.5972963286230253
0.5961155378876306
0.5949341301590054
0.5937521331327902
0.5925695745915733
0.5913864824019808
0.5902028845117644
0.5890188089468646
0.5878342838084749
0.5866493372700847
0.5854639975745128
0.5842782930309336
0.583092252011886
0.5819059029502764
0.5807192743363727
0.5795323947147799
0.5783452926814199
0.5771579968804883
0.5759705360014142
0.5747829387758063
0.5735952339743919
0.5724074504039525
0.5712196169042487
0.5700317623449418
0.5688439156225118
0.5676561056571692
0.5664683613897612
0.5652807117786787
0.5640931857967562
0.5629058124281765
0.5617186206653633
0.5605316395058852
0.55934489794935
0.5581584249943048
0.5569722496351377
0.5557864008589746
0.5546009076425902
0.5534157989493109
0.5522311037259291
0.5510468508996165
0.5498630693748503
0.5486797880303353
0.5474970357159414
0.546314841249643
0.5451332334144701
0.5439522409554651
0.5427718925766487
0.5415922169379981
0.5404132426524351
0.5392349982828255
0.5380575123389864
0.5368808132747143
0.535704929484818
0.5345298893021717
0.5333557209947775
0.5321824527628487
0.5310101127359008
0.5298387289698696
0.5286683294442374
0.5274989420591762
0.5263305946327219
0.5251633148979493
0.5239971305001812
0.5228320689942065
0.5216681578415321
0.5205054244076384
0.5193438959592727
0.5181835996617565
0.5170245625763159
0.5158668116574385
0.5147103737502523
0.5135552755879265
0.5124015437891034
0.511249204855351
0.5100982851686404
0.5089488109888534
0.5078008084513168
0.5066543035643594
0.5055093222069018
0.5043658901260724
0.5032240329348503
0.5020837761097403
0.5009451449884768
0.49980816476775436
0.4986728605009937
0.49753925709613356
0.496407379313455
0.4952772517634404
0.4941488989046573
0.49302234504168096
0.49189761432304646
0.4907747307392316
0.48965371812067704
0.4885346001358335
0.48741740028924907
0.48630214191968824
0.485188848198281
0.48407754212671117
0.48296824653543646
0.4818609840819448
0.4807557772490425
0.4796526483431841
0.4785516194928269
0.47745271264683575
0.4763559495729047
0.4752613518560328
0.4741689408970228
0.4730787379110225
0.4719907639261004
0.47090503978185394
0.469821586128063
0.46874042342336975
0.46766157193400393
0.4665850517325305
0.4655108826966564
0.4644390845080507
0.46336967665121687
0.46230267841239236
0.4612381088784917
0.4601759869360822
0.4591163312703951
0.4580591603643793
0.4570044924977805
0.45595234574627264
0.45490273798060865
0.4538556868658199
0.4528112098604461
0.45176932421580185
0.45073004697528285
0.44969339497369987
0.4486593848366588
0.44762803297996756
0.4465993556090838
0.4455733687185942
0.4445500880917348
0.44352952929993694
0.4425117077024162
0.44149663844579423
0.4404843364637502
0.43947481647671494
0.4384680929915884
0.43746418030150236
0.4364630924856071
0.4354648434088967
0.43446944672206433
0.4334769158613966
0.432487264048692
0.431500504291214
0.43051664938168144
0.42953571189828643
0.42855770420474204
0.4275826384503646
0.4266105265701863
0.42564138028509513
0.42467521110201145
0.42371203031408733
0.4227518490009402
0.4217946780289148
0.4208405280513753
0.41988940950902
0.4189413326302338
0.4179963074314621
0.4170543437176143
0.41611545108249304
0.41517963890925247
0.41424691637088695
0.41331729243073323
0.41239077584301054
0.41146737515338716
0.4105470986995581
0.409629954611864
0.408715950813923
0.4078050950232942
0.40689739475215736
0.40599285730802526
0.40509148979446663
0.40419329911186475
0.40329829195818667
0.4024064748297843
0.40151785402220697
0.4006324356310449
0.3997502255527824
0.3988712294856823
0.3979954529306796
0.3971229011923044
0.39625357937961736
0.39538749240716375
0.3945246449959482
0.3936650416744284
0.3928086867795222
0.3919555844576331
0.39110573866569587
0.39025915317223137
0.3894158315584264
0.38857577721922043
0.38773899336440876
0.38690548301976924
0.3860752490281907
0.38524829405082395
0.3844246205682398
0.38360423088161055
0.3827871271138902
0.38197331121101863
0.38116278494313116
0.3803555499057859
0.3795516075211929
0.3787509590394643
0.3779536055398678
0.37715954793209383
0.3763687869575306
0.3755813231905528
0.37479715703981187
0.37401628874953996
0.37323871840086476
0.3724644459131238
0.3716934710451961
0.37092579339683585
0.37016141241000866
0.3694003273702481
0.36864253740800323
0.36788804150000176
0.3671368384706152
0.36638892699322956
0.3656443055916223
0.3649029726413434
0.3641649263711
0.3634301648641465
0.3626986860596739
0.3619704877542099
0.3612455676030194
0.36052392312150205
0.35980555168660044
0.35909045053820676
0.3583786167805719
0.357670047383715
0.3569647391848353
0.35626268888972723
0.3555638930741969
0.35486834818546753
0.35417605054360457
0.35348699634292424
0.35280118165341434
0.35211860242214177
0.3514392544746714
0.35076313351647803
0.350090235134355
0.3494205547978305
0.3487540878605696
0.3480908295617867
0.3474307750276471
0.3467739192726703
0.3461202572011307
0.3454697836084558
0.34482249318261526
0.34417838050551974
0.3435374400544048
0.34289966620321577
0.3422650532239885
0.3416335952882277
0.3410052864682781
0.34038012073869384
0.33975809197760165
0.339139193968064
0.3385234203994306
0.3379107648686879
0.3373012208818059
0.3366947818550817
0.3360914411164627
0.3354911919068876
0.33489402738160157
0.3342999406114804
0.33370892458433343
0.3331209722062156
0.3325360763027252
0.3319542296202954
0.3313754248274816
0.3307996545162415
0.33022691120320824
0.32965718733095384
0.32909047526925583
0.32852676731634434
0.32796605570014536
0.32740833257952573
0.3268535900455203
0.3263018201225538
0.3257530147696618
0.3252071658816943
0.32466426529052106
0.32412430476622145
0.32358727601827264
0.323053170696725
0.3225219803933709
0.32199369664291
0.3214683109241041
0.32094581466091465
0.3204261992236468
0.31990945593007847
0.31939557604657953
0.31888455078922284
0.3183763713248906
0.3178710287723724
0.31736851420344714
0.3168688186439642
0.3163719330749183
0.3158778484335021
0.3153865556141674
0.31489804546966715
0.3144123088120878
0.3139293364138839
0.31344911900888806
0.31297164729332827
0.3124969119268254
0.31202490353338164
0.31155561270237664
0.31108902998952537
0.31062514591785906
0.31016395097867255
0.3097054356324773
0.3092495903099416
0.30879640541281816
0.30834587131486835
0.30789797836277477
0.3074527168770472
0.3070100771529174
0.30657004946122335
0.3061326240492922
0.3056977911418063
0.3052655409416646
0.30483586363083515
0.30440874937119833
0.30398418830538165
0.3035621705575827
0.3031426862343912
0.3027257254255936
0.3023112782049734
0.3018993346311055
0.30148988474813543
0.3010829185865568
0.3006784261639712
0.30027639748585344
0.2998768225462961
0.2994796913287471
0.29908499380674725
0.2986927199446502
0.2983028596983389
0.29791540301593133
0.2975303398384813
0.2971476601006686
0.2967673537314789
0.29638941065487934
0.29601382079048555
0.2956405740542184
0.2952696603589554
0.2949010696151705
0.29453479173156705
0.29417081661571165
0.2938091341746417
0.2934497343154816
0.2930926069460488
0.2927377419754391
0.29238512931462346
0.2920347588770217
0.2916866205790791
0.2913407043408234
0.2909970000864339
0.29065549774477717
0.29031618724995967
0.2899790585418591
0.2896441015666502
0.2893113062773276
0.28898066263421907
0.2886521606054889
0.28832579016763715
0.28800154130599653
0.2876794040152112
0.2873593682997152
0.2870414241742094
0.28672556166411545
0.2864117708060471
0.2861000416482463
0.28579036425103743
0.28548272868725766
0.28517712504269566
0.28487354341650895
0.28457197392164224
0.2842724066852469
0.28397483184907213
0.2836792395698766
0.28338562001981416
0.28309396338682247
0.28280425987500024
0.2825164997049856
0.28223067311432104
0.2819467703578139
0.28166478170789955
0.28138469745498085
0.28110650790778313
0.2808302033936868
0.2805557742590582
0.28028321086958474
0.2800125036105855
0.2797436428873409
0.2794766191253887
0.27921142277083977
0.2789480442906719
0.2786864741730274
0.27842670292749805
0.27816872108541457
0.27791251920011995
0.2776580878472421
0.2774054176249706
0.2771544991543071
0.27690532307933446
0.27665788006746395
0.2764121608096862
0.2761681560208119
0.27592585643971557
0.275685252829561
0.2754463359780428
0.2752090966975974
0.27497352582563284
0.27473961422473836
0.27450735278290084
0.27427673241370576
0.2740477440565424
0.2738203786768013
0.27359462726606576
0.2733704808423031
0.27314793045004826
0.27292696716058484
0.27270758207212253
0.27248976630996724
0.27227351102669317
0.2720588074023028
0.2718456466443917
0.27163401998830194
0.27142391869727744
0.2712153340626101
0.2710082574037861
0.2708026800686302
0.27059859343344017
0.27039598890311767
0.2701948579113099
0.26999519192052246
0.2697969824222549
0.269600220937111
0.26940489901492537
0.2692110082348663
0.26901854020555094
0.2688274865651542
0.2686378389815066
0.2684495891521941
0.2682627288046625
0.2680772496963043
0.2678931436145474
0.2677104023769483
0.2675290178312756
0.2673489818555864
0.2671702863583133
0.266992923278329
0.2668168845850296
0.26664216227839566
0.2664687483890651
0.2662966349783952
0.2661258141385231
0.2659562779924266
0.2657880186939777
0.2656210284279986
0.26545529941030865
0.2652908238877787
0.26512759413837095
0.2649656024711827
0.26480484122649084
0.2646453027757881
0.26448697952181666
0.2643298638986038
0.264173948371492
0.26401922543717005
0.26386568762369755
0.263713327490526
0.263562137628529
0.2634121106600138
0.2632632392387424
0.26311551604994854
0.2629689338103468
0.26282348526815047
0.26267916320307305
0.2625359604263404
0.262393869780697
0.26225288414040426
0.2621129964112462
0.26197419953052703
0.26183648646706914
0.26169985022120923
0.2615642838247898
0.2614297803411555
0.26129633286513887
0.2611639345230533
0.261032578472673
0.26090225790322885
0.26077296603538
0.260644696121204
0.2605174414441741
0.2603911953191361
0.26026595109228534
0.26014170214114907
0.2600184418745508
0.2598961637325865
0.259774861186597
0.25965452773913755
0.25953515692393925
0.2594167423058834
0.25929927748096493
0.2591827560762522
0.25906717174985394
0.2589525181908764
0.25883878911938696
0.258725978286369
0.25861407947367976
0.2585030864940089
0.25839299319083164
0.2582837934383586
0.2581754811414937
0.25806805023578294
0.25796149468736085
0.25785580849290524
0.2577509856795822
0.25764702030498965
0.2575439064571087
0.25744163825424005
0.257340209844957
0.2572396154080411
0.2571398491524236
0.2570409053171284
0.2569427781712079
0.25684546201368874
0.25674895117349905
0.2566532400094096
0.2565583229099716
0.2564641942934497
0.2563708486077547
0.2562782803303749
0.2561864839683118
0.2560954540580104
0.2560051851652879
0.2559156718852639
0.25582690884229065
0.25573889068987843
0.25565161211062504
0.25556506781614363
0.25547925254698034
0.25539416107255153
0.2553097881910603
0.2552261287294192
0.25514317754317795
0.2550609295164429
0.25497937956179884
0.25489852262023227
0.2548183536610482
0.2547388676817911
0.25466005970816763
0.2545819247939586
0.2545044580209431
0.25442765449881166
0.2543515093650882
0.2542760177850377
0.2542011749515938
0.254126976085263
0.25405341643404444
0.2539804912733489
0.2539081959059014
0.2538365256616647
0.25376547589774845
0.25369504199831916
0.2536252193745162
0.2535560034643627
0.25348738973267515
0.2534193736709739
0.2533519507973959
0.25328511665660314
0.25321886681969197
0.253153196884103
0.25308810247352975
0.2530235792378298
0.25295962285292484
0.2528962290207194
0.2528333934690016
0.25277111195135105
0.2527093802470485
0.2526481941609794
0.25258754952354234
0.2525274421905538
0.252467868043158
0.2524088229877237
0.25235030295575867
0.25229230390381263
0.25223482181337664
0.25217785269079485
0.25212139256716437
0.2520654374982422
0.2520099835643492
0.2519550268702694
0.25190056354516177
0.2518465897424548
0.25179310163975677
0.25174009543875464
0.2516875673651242
0.2516355136684201
0.25158393062198836
0.25153281452287113
0.2514821616916988
0.2514319684726024
0.25138223123311043
0.2513329463640507
0.25128411027945796
0.2512357194164684
0.2511877702352274
0.2511402592187889
0.2510931828730154
0.2510465377264852
0.251000320330388
0.2509545272584285
0.2509091551067315
0.25086420049373837
0.2508196600601096
0.2507755304686293
0.25073180840410325
0.2506884905732619
0.2506455737046629
0.2506030545485879
0.2505609298769499
0.25051919648319076
0.25047785118218524
0.2504368908101372
0.25039631222449055
0.25035611230381993
0.25031628794774063
0.25027683607680684
0.25023775363240963
0.2501990375766884
0.25016068489241994
0.2501226925829333
0.2500850576719996
0.2500477772037436
0.25001084824253983
0.24997426787291588
0.24993803319945618
0.24990214134670363
0.2498665894590606
0.24983137470069228
0.24979649425542705
0.2497619453266663
0.24972772513727826
0.2496938309295066
0.24966025996486918
0.24962700952406458
0.24959407690687418
0.24956145943206742
0.24952915443730017
0.2494971592790236
0.2494654713323844
0.2494340879911312
0.2494030066675169
0.24937222479220544
0.24934173981417163
0.24931154920060783
0.24928165043683137
0.24925204102618614
0.24922271848994892
0.24919368036723222
0.24916492421489345
0.24913644760743836
0.2491082481369259
0.24908032341287634
0.24905267106217466
0.24902528872897978
0.24899817407462788
0.24897132477754236
0.24894473853313925
0.24891841305373186
0.24889234606844124
0.2488665353231042
0.24884097858017873
0.24881567361865053
0.24879061823394577
0.24876581023783662
0.24874124745834914
0.2487169277396738
0.24869284894207289
0.24866900894179056
0.2486454056309625
0.2486220369175266
0.24859890072513136
0.24857599499304428
0.2485533176760656
0.24853086674443914
0.2485086401837614
0.2484866359948904
0.24846485219386383
0.24844328681180317
0.24842193789483114
0.24840080350398208
0.24837988171511116
0.2483591706188153
0.2483386683203337
0.24831837293947567
0.24829828261052178
0.24827839548214126
0.248258709717312
0.24823922349322558
0.2482199350012072
0.248200842446631
0.24818194404883187
0.2481632380410218
0.24814472267020948
0.2481263961971094
0.24810825689606109
0.24809030305495183
0.24807253297511933
0.24805494497128422
0.24803753737145595
0.2480203085168564
0.24800325676183588
0.24798638047379085
0.24796967803308467
0.24795314783296296
0.24793678827947419
0.24792059779139242
0.24790457480012928
0.2478887177496626
0.24787302509645015
0.24785749530935552
0.24784212686956186
0.24782691827049985
0.24781186801776645
0.2477969746290456
0.24778223663403365
0.24776765257435818
0.24775322100350083
0.2477389404867245
0.24772480960098842
0.24771082693488378
0.24769699108854493
0.24768330067358324
0.24766975431300597
0.247656350641142
0.24764308830357107
0.2476299659570418
0.2476169822694052
0.2476041359195359
0.24759142559726055
0.2475788500032815
0.2475664078491091
0.24755409785698512
0.24754191875981124
0.24752986930107557
0.24751794823478523
0.24750615432539158
0.2474944863477152
0.24748294308688756
0.24747152333826516
0.24746022590737338
0.2474490496098234
0.24743799327125604
0.24742705572726065
0.24741623582331396
0.24740553241470886
0.24739494436648668
0.24738447055336676
0.24737410985968333
0.24736386117931708
0.24735372341562345
0.24734369548137236
0.24733377629867803
0.24732396479893326
0.24731425992274592
0.24730466061987189
0.24729516584915034
0.24728577457843892
0.24727648578454764
0.2472672984531793
0.2472582115788612
0.2472492241648836
0.24724033522323496
0.24723154377454348
0.24722284884801093
0.24721424948134807
0.24720574472071954
0.24719733362067642
0.24718901524409687
0.2471807886621279
0.24717265295412016
0.24716460720757005
0.24715665051805968
0.24714878198919765
0.24714100073255774
0.24713330586762305
0.24712569652172345
0.24711817182998086
0.24711073093524794
0.24710337298805152
0.24709609714653846
0.24708890257641125
0.24708178845087903
0.24707475395059364
0.24706779826360015
0.24706092058527618
0.24705412011827999
0.24704739607248982
0.24704074766495754
0.24703417411983952
0.24702767466836217
0.2470212485487493
0.24701489500617946
0.24700861329272994
0.24700240266731877
0.24699626239566141
0.2469901917502081
0.24698419001009786
0.2469782564611055
0.24697239039558883
0.24696659111243902
0.24696085791702382
0.24695519012114697
0.24694958704299141
0.24694404800706538
0.24693857234416294
0.24693315939130212
0.24692780849168872
0.2469225189946559
0.24691729025562237
0.24691212163604204
0.24690701250335456
0.24690196223094063
0.24689697019806955
0.2468920357898593
0.24688715839721997
0.2468823374168193
0.24687757225102525
0.24687286230786454
0.24686820700097722
0.2468636057495711
0.24685905797837437
0.2468545631175939
0.24685012060286937
0.24684572987522724
0.24684139038103836
0.24683710157197425
0.24683286290496165
0.24682867384214358
0.24682453385083125
0.24682044240346335
0.24681639897756524
0.2468124030557055
0.24680845412545283
0.24680455167933735
0.24680069521480597
0.24679688423418356
0.2467931182446318
0.2467893967581095
0.24678571929132787
0.24678208536571777
0.24677849450738287
0.24677494624706675
0.24677144012010876
0.24676797566640474
0.24676455243037454
0.24676116996091502
0.24675782781137168
0.24675452553948884
0.24675126270738323
0.2467480388815012
0.24674485363258103
0.2467417065356189
0.24673859716982915
0.24673552511860963
0.24673248996950703
0.24672949131417898
0.24672652874835788
0.24672360187181663
