0.9987266335283578
0.9986605704834453
0.998605553041373
0.9985467128754526
0.9984817270321127
0.9984124237343487
0.998338361918767
0.9982588123998558
0.9981744823021339
0.9980852087397316
0.9979906780255448
0.9978896763646397
0.9977824554937085
0.9976677779130958
0.9975465527715642
0.9974175246498138
0.9972818854475112
0.9971385645036956
0.9969859931467084
0.9968245813994243
0.9966524702523308
0.9964706768113246
0.9962771574631635
0.9960711532068541
0.995850287848421
0.995618671631574
0.9953797689405843
0.9951292685177618
0.9948672533486203
0.9945899077568678
0.9942940087746686
0.9939785943896049
0.9936459452902483
0.9933010509424133
0.9929349739578166
0.9925544782319086
0.9921593354411274
0.9917488922599403
0.9913290816924057
0.9908965872825175
0.9904465379436496
0.9899723697065412
0.9894798907329345
0.9889761024170513
0.9884638554507659
0.9879368099803622
0.9873861607138351
0.9868276808246792
0.9862499217514815
0.9856641812104003
0.9850663210227418
0.984465543633596
0.9838658823450585
0.9832417833923695
0.9826070251609577
0.9819690805834853
0.9813315703952923
0.9806886527359525
0.9800294173856462
0.979371523529503
0.9787177250426534
0.9780511961216263
0.9773964259879164
0.9767323693540644
0.9760811323788697
0.9754375189491579
0.9748040894672898
0.974183387992835
0.9735413540383623
0.9729160746578227
0.9723035842472203
0.9717294113867848
0.971129773938415
0.9705487235990785
0.9699669231797198
0.9694049371524287
0.9688284548685077
0.9682805709251984
0.9677354481022729
0.9672164075608953
0.9667076337158185
0.9662037646562348
0.965639482926517
0.96510245748389
0.964587481137192
0.9641104357830432
0.9636667679293041
0.9632321128769452
0.9628157985354688
0.9623653583861181
0.9618956647306156
0.96147190247946
0.9610563107658949
0.9606792766985021
0.9602966070769049
0.9598960354093464
0.9594971297013002
0.9591185465865739
0.9587185515548255
0.958315516085263
0.957930926029659
0.9575690545040063
0.9572335405859106
0.9569477466431895
0.9566602887885839
0.9563834048550999
0.9561347312427657
0.9559009691128545
0.9556847410288438
0.9554654290094083
0.955259196033872
0.9550621475116821
0.9547843824660076
0.9545794117903085
0.9544020011169818
0.954263653780406
0.9541114646098889
0.9539394688127139
0.9538087808864405
0.9537143751818029
0.9536440616386278
0.9535955695584267
0.9535671455939726
0.9535474283052884
0.9535351207728895
0.9534557123731697
0.9533821401124848
0.9533332519019367
0.9532956497842761
0.9532593312386721
0.9532090134145768
0.9531605914343583
0.9531230309039181
0.9530885466688579
0.953069989550779
0.9530774596951854
0.9531208891241191
0.9531657604190208
0.953207840941547
0.9532616924834089
0.953325870235989
0.953405594271403
0.9533674785119874
0.9533752386127767
0.9533711534024458
0.953293220310941
0.953268428146683
0.9532328119338832
0.953210134780864
0.9532178628355201
0.9532554053132487
0.9532571054324652
0.9532702133182502
0.9532702112446446
0.9532862077097853
0.9533210683553314
0.953347597749288
0.9533887018894688
0.9534062622157726
0.953439585837994
0.9534697758171984
0.9535237614206185
0.9535817149729757
0.9536244643035778
0.9536790307702259
0.9536821686461003
0.9536883018494029
0.9536563015994889
0.9536539641713261
0.9536231584216678
0.9536109457644156
0.9536254279883956
0.9536589655680136
0.9536770262481203
0.9537253741464337
0.95378137868273
0.9538011168180597
0.9538391966849893
0.9538582878028129
0.9538762728567641
0.9538955328155324
0.953897663431075
0.9538850738967289
0.9538391705234418
0.9538367952521738
0.9538659888397952
0.9538878890692485
0.9538899685835119
0.9539054064908804
0.9539458819141887
0.9540076334321258
0.9540851672106565
0.954136366322938
0.9541646873463063
0.9541806733888322
0.9541922657115054
0.9542007879638803
0.9541900508623649
0.9541922313157987
0.9542165100438462
