0.8065002044521385
0.726023120687179
0.72505170316783
0.7240778621635661
0.723101904051062
0.722123904786838
0.7211438831441348
0.7201618376691763
0.7191777582605204
0.7181916307322361
0.7172034389185122
0.7162131657657426
0.7152207939547803
0.714226306283763
0.7132296859190441
0.712230916568369
0.7112299826053017
0.7102268691612774
0.7092215621949804
0.7082140485450359
0.7072043159698731
0.7061923531773512
0.7051781498459645
0.7041616966389603
0.7031429852123867
0.7021220082178845
0.7010987593009037
0.7000732330949242
0.6990454252121829
0.6980153322313754
0.6969829516827418
0.6959482820309153
0.6949113226558854
0.6938720738323969
0.6928305367080788
0.691786713280576
0.6907406063739256
0.6896922196144122
0.6886415574060938
0.6875886249061889
0.6865334280004782
0.6854759732788722
0.684416268011262
0.6833543201237626
0.6822901381754423
0.6812237313356106
0.680155109361732
0.679084282578013
0.6780112618547008
0.6769360585881292
0.6758586846815202
0.674779152526565
0.6736974749857789
0.6726136653756352
0.6715277374504665
0.670439705387124
0.6693495837703787
0.6682573875790423
0.6671631321727927
0.6660668332796731
0.664968506984245
0.6638681697163633
0.6627658382405501
0.6616615296459396
0.6605552613367618
0.6594470510233401
0.6583369167135737
0.6572248767048816
0.6561109495765689
0.6549951541826105
0.6538775096448013
0.6527580353462723
0.6516367509253314
0.6505136762696149
0.6493888315105287
0.6482622370179525
0.6471339133951939
0.6460038814741706
0.6448721623108018
0.6437387771805965
0.6426037475744213
0.6414670951944255
0.6403288419501278
0.6391890099546309
0.6380476215209621
0.6369046991585345
0.6357602655697041
0.6346143436464233
0.633466956466979
0.6323181272928049
0.6311678795653626
0.6300162369030822
0.6288632230983555
0.627708862114581
0.6265531780832436
0.6253961953010352
0.6242379382270047
0.6230784314797349
0.6219176998345404
0.6207557682206881
0.6195926617186271
0.6184284055572342
0.6172630251110687
0.6160965458976297
0.6149289935746227
0.613760393937224
0.6125907729153433
0.6114201565708925
0.6102485710950398
0.6090760428054667
0.6079025981436157
0.6067282636719316
0.6055530660710928
0.6043770321372364
0.6032001887791676
0.6020225630155651
0.6008441819721719
0.5996650728789745
0.59848526306737
0.5973047799673235
0.5961236511045089
0.5949419040974397
0.5937595666545898
0.5925766665714947
0.591393231727847
0.5902092900845761
0.5890248696809157
0.5878399986314595
0.5866547051232063
0.5854690174125927
0.5842829638225113
0.5830965727393238
0.5819098726098602
0.580722891938408
0.5795356592836898
0.5783482032558367
0.5771605525133485
0.5759727357600468
0.5747847817420193
0.5735967192445597
0.5724085770890972
0.5712203841301229
0.570032169252108
0.5688439613664176
0.5676557894082237
0.5664676823334052
0.5652796691154569
0.5640917787423854
0.562904040213609
0.5617164825368521
0.5605291347250441
0.5593420257932138
0.5581551847553865
0.5569686406214795
0.5557824223942041
0.5545965590659667
0.5534110796157767
0.5522260130061494
0.5510413881800278
0.5498572340576975
0.5486735795337105
0.5474904534738203
0.5463078847119187
0.5451259020469832
0.5439445342400335
0.5427638100110947
0.5415837580361713
0.5404044069442362
0.539225785314223
0.5380479216720373
0.5368708444875774
0.5356945821717658
0.5345191630736019
0.5333446154772221
0.5321709675989763
0.5309982475845234
0.5298264835059439
0.5286557033588586
0.5274859350595829
0.5263172064422827
0.5251495452561594
0.5239829791626514
0.5228175357326514
0.5216532424437532
0.5204901266775093
0.5193282157167198
0.5181675367427363
0.5170081168327949
0.5158499829573644
0.5146931619775268
0.5135376806423779
0.5123835655864526
0.511230843327177
0.510079540262345
0.5089296826676253
0.507781296694086
0.5066344083657601
0.5054890435772244
0.5043452280912193
0.5032029875362876
0.5020623474044457
0.5009233330488905
0.49978596968172095
0.49865028237170994
0.497516296042087
0.49638403546836807
0.4952535252762046
0.49412478993927245
0.4929978537771901
0.4918727409534679
0.490749475473489
0.489628081182531
0.4885085817638083
0.48739100073655994
0.4862753614541646
0.48516168710228946
0.4840500006970768
0.48294032508336315
0.4818326829329318
0.48072709674280356
0.4796235888335598
0.4785221813477011
0.4774228962480437
0.47632575531614807
0.4752307801507868
0.4741379921664436
0.473047412591856
0.47195906246858554
0.47087296264962786
0.4697891337980624
0.4687075963857352
0.46762837069197494
0.466551476802353
0.46547693460747175
0.4644047638017986
0.4633349838825286
0.4622676141484868
0.46120267369906653
0.4601401814332109
0.45908015604841423
0.4580226160397797
0.4569675796991035
0.4559150651139884
0.45486509016701304
0.4538176725349178
0.4527728296878377
0.45173057888857127
0.4506909371918777
0.4496539214438219
0.44861954828114115
0.4475878341306617
0.44655879520874087
0.4455324475207455
0.4445088068605728
0.4434878888101962
0.44246970873925495
0.4414542818046704
0.44044162295030265
0.43943174690663966
0.4384246681905207
0.4374204011048892
0.4364189597385889
0.4354203579661805
0.43442460944780503
0.43343172762906956
0.4324417257409675
0.43145461679983765
0.43047041360734806
0.42948912875051526
0.42851077460175135
0.42753536331894726
0.4265629068455846
0.42559341691087693
0.4246269050299418
0.4236633825040086
0.42270286042064253
0.4217453496540128
0.4207908608651808
0.41983940450241986
0.41889099080156356
0.4179456297863807
0.41700333126897815
0.4160641048502348
0.4151279599202554
0.4141949056588562
0.4132649510360774
0.4123381048127167
0.41141437554089333
0.4104937715646352
0.40957630102048836
0.40866197183815733
0.4077507917411619
0.4068427682475222
0.40593790867046875
0.40503622011916707
0.4041377094994766
0.40324238351471997
0.4023502486664836
0.4014613112554334
0.40057557738215355
0.3996930529480084
0.3988137436560175
0.3979376550117587
0.3970647923242866
0.3961951607070683
0.3953287650789421
0.3944656101650873
0.3936057004980231
0.39274904041861347
0.39189563407709704
0.391045485434125
0.3901985982618279
0.389354976144887
0.38851462248162594
0.3876775404851157
0.38684373318429544
0.38601320342511036
0.38518595387165655
0.38436198700734703
0.383541305136082
0.38272391038344267
0.38190980469789004
0.38109898985197266
0.38029146744356157
0.3794872388970746
0.3786863054647288
0.37788866822779743
0.37709432809787324
0.37630328581814876
0.3755155419647015
0.37473109694778917
0.37394995101315265
0.3731721042433297
0.3723975565589741
0.3716263077201861
0.3708583573278431
0.3700937048249473
0.3693323494979698
0.36857429047820933
0.36781952674314944
0.3670680571178311
0.3663198802762193
0.3655749947425829
0.36483339889287325
0.3640950909561158
0.36336006901579343
0.36262833101124736
0.36189987473906704
0.36117469785449585
0.3604527978728326
0.35973417217083814
0.35901881798814006
0.3583067324286465
0.35759791246195594
0.35689235492476923
0.35619005652230795
0.3554910138297235
0.3547952232935163
0.3541026812329514
0.35341338384147514
0.3527273271881266
0.3520445072189601
0.3513649197584541
0.350688560510925
0.3500154250619477
0.34934550887975413
0.34867880731665435
0.34801531561043586
0.3473550288857773
0.3466979421556434
0.34604405032269203
0.34539334818067235
0.3447458304158154
0.3441014916082302
0.34346032623329137
0.3428223286630264
0.342187493167494
0.34155581391616363
0.34092728497928915
0.3403019003292802
0.33967965384206467
0.3390605392984488
0.3384445503854753
0.3378316806977735
0.33722192373890303
0.33661527292269977
0.33601172157460246
0.33541126293299117
0.33481389015050733
0.3342195962953689
0.33362837435268733
0.33304021722577515
0.3324551177374403
0.33187306863128174
0.3312940625729778
0.3307180921515691
0.33014514988072774
0.32957522820002805
0.3290083194762037
0.32844441600440477
0.3278835100094414
0.3273255936470235
0.32677065900499247
0.32621869810454684
0.32566970290145525
0.3251236652872699
0.32458057709052734
0.3240404300779417
0.3235032159555903
0.32296892637009333
0.3224375529097815
0.32190908710586486
0.3213835204335789
0.32086084431333717
0.3203410501118653
0.3198241291433349
0.31931007267048006
0.31879887190571454
0.31829051801223596
0.3177850021051204
0.3172823152524117
0.3167824484762015
0.3162853927536995
0.3157911390182959
0.3152996781606129
0.31481100102955717
0.31432509843334644
0.31384196114054286
0.3133615798810746
0.3128839453472393
0.31240904819471116
0.3119368790435324
0.3114674284790966
0.3110006870531249
0.3105366452846313
0.31007529366088515
0.3096166226383511
0.3091606226436383
0.30870728407442727
0.3082565973003928
0.30780855266411944
0.30736314048200386
0.3069203510451528
0.3064801746202718
0.3060426014505411
0.3056076217564878
0.3051752257368435
0.3047454035694003
0.30431814541185587
0.3038934414026394
0.3034712816617534
0.3030516562915744
0.30263455537767303
0.302219968989612
0.301807887181735
0.3013982999939534
0.3009911974525177
0.30058656957078844
0.3001844063499862
0.29978469777995054
0.2993874338398702
0.2989926044990261
0.29860019971750396
0.2982102094469218
0.29782262363112677
0.29743743220690166
0.2970546251046514
0.2966741922490872
0.2962961235599021
0.29592040895243554
0.2955470383383333
0.2951760016261957
0.2948072887222214
0.29444088953084135
0.2940767939553468
0.29371499189850503
0.29335547326317
0.2929982279528903
0.2926432458724991
0.29229051692870367
0.2919400310306631
0.29159177809056713
0.29124574802419456
0.29090193075146986
0.2905603161970195
0.29022089429070996
0.289883654968181
0.2895485881713795
0.28921568384907503
0.28888493195737397
0.2885563224602269
0.2882298453299278
0.28790549054760783
0.28758324810371294
0.28726310799849264
0.28694506024246313
0.2866290948568747
0.2863152018741709
0.2860033713384368
0.2856935933058423
0.28538585784508397
0.2850801550378136
0.2847764749790601
0.28447480777765444
0.2841751435566321
0.28387747245364603
0.2835817846213623
0.2832880702278512
0.28299631945697945
0.2827065225087825
0.2824186695998442
0.2821327509636653
0.28184875685102107
0.2815666775303215
0.28128650328796
0.28100822442866036
0.2807318312758098
0.2804573141717973
0.2801846634783418
0.27991386957680586
0.2796449228685226
0.2793778137750961
0.2791125327387144
0.278849070222444
0.27858741671052867
0.2783275627086733
0.2780694987443334
0.2778132153669891
0.27755870314842046
0.2773059526829744
0.2770549545878319
0.27680569950326106
0.27655817809287464
0.276312381043875
0.2760682990673007
0.27582592289826235
0.2755852432961804
0.27534625104501187
0.2751089369534734
0.2748732918552652
0.2746393066092826
0.2744069720998299
0.27417627923682975
0.2739472189560139
0.2737197822191365
0.2734939600141536
0.27326974335542287
0.27304712328388014
0.27282609086722476
0.2726066372000995
0.27238875340425306
0.27217243062871865
0.2719576600499739
0.2717444328720998
0.2715327403269421
0.27132257367426005
0.2711139242018774
0.27090678322582595
0.2707011420904907
0.2704969921687411
0.2702943248620734
0.2700931316007339
0.2698934038438505
0.2696951330795526
0.26949831082509734
0.26930292862697736
0.2691089780610415
0.2689164507326004
0.26872533827653455
0.2685356323573962
0.2683473246695135
0.2681604069370822
0.2679748709142594
0.26779070838526
0.26760791116443683
0.26742647109636886
0.2672463800559428
0.26706762994843236
0.26689021270957003
0.26671412030562214
0.26653934473345753
0.2663658780206193
0.2661937122253796
0.2660228394368107
0.26585325177483676
0.2656849413902941
0.26551790046498347
0.2653521212117167
0.26518759587437335
0.26502431672793725
0.26486227607854873
0.26470146626353497
0.2645418796514569
0.2643835086421412
0.2642263456667151
0.26407038318763376
0.26391561369871486
0.2637620297251607
0.263609623823585
0.26345838858203097
0.2633083166199963
0.26315940058844633
0.2630116331698331
0.2628650070781061
0.2627195150587247
0.26257514988866826
0.2624319043764386
0.2622897713620732
0.2621487437171419
0.26200881434475
0.2618699761795399
0.261732222187686
0.26159554536689
0.2614599387463775
0.26132539538688826
0.26119190838066475
0.26105947085144565
0.26092807595444667
0.26079771687635
0.2606683868352845
0.2605400790808122
0.26041278689390124
0.26028650358691097
0.2601612225035633
0.2600369370189256
0.2599136405393767
0.25979132650258174
0.25966998837746413
0.2595496196641758
0.2594302138940616
0.2593117646296298
0.2591942654645124
0.2590777100234334
0.2589620919621668
0.258847404967505
0.25873364275720867
0.2586207990799698
0.25850886771537296
0.258397842473844
0.25828771719660437
0.25817848575563584
0.25807014205361734
0.2579626800238882
0.2578560936303881
0.25775037686761626
0.25764552376056693
0.2575415283646887
0.2574383847658188
0.2573360870801338
0.2572346294540928
0.25713400606437575
0.2570342111178264
0.25693523885139513
0.25683708353207546
0.2567397394568419
0.25664320095259086
0.2565474623760714
0.25645251811382563
0.2563583625821205
0.25626499022688576
0.25617239552363846
0.25608057297742226
0.2559895171227383
0.25589922252346986
0.2558096837728199
0.25572089549323074
0.25563285233631916
0.255545548982802
0.2554589801424192
0.2553731405538645
0.2552880249847066
0.2552036282313136
0.255119945118781
0.2550369705008474
0.2549546992598265
0.2548731263065166
0.2547922465801311
0.2547120550482155
0.25463254670656543
0.2545537165791517
0.25447555971802915
0.25439807120326563
0.2543212461428488
0.25424507967261256
0.25416956695614557
0.2540947031847126
0.2540204835771652
0.2539469033798626
0.25387395786657774
0.2538016423384174
0.2537299521237345
0.2536588825780378
0.2535884290839109
0.25351858705091335
0.2534493519155031
0.25338071914094495
0.25331268421721287
0.25324524266091386
0.25317839001518616
0.25311212184961684
0.2530464337601468
0.2529813213689801
0.2529167803244924
0.25285280630114204
0.25278939499937325
0.25272654214552714
0.25266424349174754
0.25260249481588914
0.25254129192141883
0.2524806306373325
0.2524205068180496
0.25236091634332825
0.2523018551181635
0.25224331907269726
0.25218530416212326
0.2521278063665885
0.25207082169109984
0.2520143461654315
0.25195837584402303
0.2519029068058888
0.251847935154517
0.2517934570177788
0.2517394685478277
0.2516859659210029
0.2516329453377347
0.25158040302244744
0.25152833522345863
0.25147673821288397
0.25142560828654326
0.25137494176385855
0.2513247349877532
0.25127498432456663
0.25122568616394325
0.25117683691873804
0.25112843302492427
0.2510804709414892
0.2510329471503371
0.2509858581561931
0.2509392004865032
0.25089297069133265
0.250847165343277
0.25080178103735296
0.2507568143909057
0.25071226204350927
0.25066812065686517
0.2506243869147111
0.250581057522715
0.2505381292083757
0.2504955987209331
0.2504534628312606
0.2504117183317698
0.25037036203631324
0.25032939078008276
0.2502888014195169
0.25024859083219
0.2502087559167281
0.25016929359270346
0.2501302008005356
0.2500914745013927
0.25005311167709765
0.2500151093300249
0.24997746448300406
0.2499401741792232
0.24990323548212767
0.2498666454753261
0.2498304012624869
0.2497944999672509
0.2497589387331165
0.24972371472336008
0.24968882512092871
0.24965426712834138
0.24962003796760024
0.24958613488008197
0.2495525551264529
0.24951929598656097
0.24948635475934744
0.24945372876274463
0.2494214153335813
0.24938941182748753
0.2493577156187955
0.24932632410044597
0.24929523468389103
0.2492644447989999
0.2492339518939598
0.24920375343518286
0.24917384690721123
0.2491442298126204
0.24911489967192535
0.2490858540234816
0.24905709042340163
0.2490286064454441
0.24900039968093368
0.24897246773865944
0.24894480824478327
0.24891741884274587
0.2488902971931718
0.24886344097377577
0.2488368478792774
0.24881051562129375
0.24878444192826088
0.24875862454533004
0.2487330612342844
0.24870774977343924
0.24868268795755621
0.24865787359774705
0.24863330452138588
0.24860897857201525
0.24858489360925395
0.248561047508712
0.2485374381618931
0.24851406347610816
0.248490921374385
0.2484680097953782
0.24844532669327934
0.2484228700377259
0.24840063781371458
0.248378628021514
0.24835683867656844
0.24833526780942172
0.2483139134656137
0.24829277370560743
0.24827184660469193
0.2482511302528958
0.2482306227549066
0.24821032222997597
0.24819022681183667
0.24817033464861893
0.24815064390275599
0.2481311527509109
0.2481118593838777
0.2480927620065071
0.24807385883761268
0.24805514810989304
0.24803662806984672
0.24801829697768174
0.24800015310723822
0.24798219474590322
0.24796442019452736
0.24794682776733934
0.24792941579186678
0.24791218260885228
0.24789512657217294
0.24787824604875375
0.24786153941849154
0.24784500507417062
0.2478286414213845
0.24781244687844917
0.24779641987633128
0.2477805588585612
0.2477648622811558
0.24774932861254184
0.2477339563334704
0.24771874393694293
0.24770368992812963
0.24768879282429612
0.2476740511547192
0.24765946346061318
0.24764502829505186
0.2476307442228899
0.24761660982068834
0.24760262367663566
0.2475887843904756
0.24757509057342597
0.2475615408481069
0.2475481338484662
0.2475348682197005
0.24752174261818427
0.24750875571139386
0.24749590617783623
0.24748319270697028
0.24747061399913717
0.24745816876548943
0.24744585572790978
0.2474336736189494
0.24742162118174793
0.24740969716996541
0.24739790034771036
0.24738622948946887
0.24737468338003044
0.24736326081442306
0.24735196059783948
0.2473407815455676
0.24732972248292084
0.24731878224517245
0.24730795967747976
0.24729725363482224
0.24728666298192958
0.2472761865932136
0.2472658233527052
0.24725557215397898
0.24724543190009418
0.2472354015035222
0.24722547988608534
0.24721566597888633
0.2472059587222436
0.24719635706562826
0.24718685996759726
0.24717746639572846
0.24716817532655588
0.24715898574550843
0.2471498966468405
0.24714090703357527
0.24713201591743428
0.24712322231878137
0.24711452526655797
0.2471059237982174
0.24709741695966547
0.2470890038052046
0.24708068339745948
0.24707245480732676
0.24706431711391386
0.24705626940447312
0.2470483107743452
0.2470404403269013
0.2470326571734769
0.24702496043332145
0.24701734923353558
0.24700982270900818
0.24700238000236718
0.24699502026391462
0.24698774265157386
0.246980546330828
0.24697343047466613
0.24696639426352618
0.2469594368852398
0.24695255753497036
0.24694575541516917
0.24693902973550663
0.2469323797128259
0.2469258045710857
0.24691930354130698
0.24691287586151633
0.24690652077669484
0.24690023753872425
0.24689402540633043
0.24688788364503578
0.24688181152710253
0.24687580833148204
0.24686987334376387
0.24686400585612256
0.24685820516726587
0.24685247058238424
0.24684680141310233
0.24684119697742535
0.24683565659968876
0.24683017961051357
0.24682476534674846
0.24681941315142863
0.2468141223737197
0.24680889236887626
0.2468037224981866
0.24679861212892806
0.2467935606343219
0.2467885673934781
0.24678363179135665
0.2467787532187159
0.24677393107206447
0.24676916475361999
0.24676445367125766
0.24675979723846952
0.24675519487431374
0.24675064600337537
0.2467461500557162
0.24674170646682914
0.2467373146776023
0.24673297413426543
0.24672868428835082
0.24672444459664933
0.2467202545211653
0.24671611352907863
0.24671202109269463
0.24670797668940647
0.2467039798016507
0.2467000299168709
0.24669612652746675
0.24669226913075926
0.2466884572289495
0.2466846903290767
0.24668096794297467
0.24667728958723523
0.24667365478316983
0.24667006305676475
0.24666651393864358
0.24666300696403232
0.2466595416727123
0.2466561176089873
0.24665273432164536
0.2466493913639175
0.24664608829344115
0.24664282467222476
0.24663960006660401
0.24663641404721426
0.2466332661889431
0.24663015607090333
0.24662708327639027
0.24662404739284793
0.2466210480118306
0.24661808472897473
0.2466151571439532
