0.9999514640795735
0.9999261093218527
0.9998894677392615
0.9998564324201689
0.9997974387047047
0.9997204867868488
0.9996211567292058
0.9994949998726221
0.9993375745193505
0.9991442856291963
0.9989099841636756
0.9986295344398758
0.9982989922962248
0.9979152410267719
0.9974763545173894
0.9969802676906165
0.9965880295110681
0.9960034770194762
0.9953623346505868
0.9946643515293039
0.9939129006503861
0.9931091219240069
0.9922538400332797
0.9913460487200578
0.9903798932389891
0.9893553596815946
0.9882795146945258
0.9871502591767228
0.9859585826386742
0.9847066963707867
0.9833891657955083
0.9820029767196652
0.9805459073783553
0.9790103540062444
0.9773972957491286
0.9756957785988085
0.9756028647880775
0.9738133815738703
0.9718879979534737
0.9698271522319231
0.9676303704614998
0.965293000395221
0.9627962096829519
0.9601330689680436
0.9573030491946886
0.9542908209544306
0.9510833395164052
0.9476607229193735
0.9440216459617728
0.9401589522131514
0.9360525780861284
0.9317035966374836
0.9271070820264329
0.9222290128636917
0.9172259495295755
0.9119065020641661
0.9063282200560809
0.9004706987455628
0.8943518343748765
0.8879454432618997
0.8812903835841661
0.8743776199017459
0.8672353390661974
0.8598692355790497
0.8522650261453287
0.8444905513472815
0.836526133805735
0.8283907237037479
0.8200870307206083
0.8115932627797257
0.8029643662331967
0.7942341593717521
0.7853647524975661
0.7764762264170064
0.7675795147980248
0.7585967971353507
0.7495651989540264
0.7405486283838831
0.7315380295636815
0.7225630948832205
0.7136675830761663
0.7048632779208013
0.696037120491861
0.6873311432331195
0.6786958318815939
0.6701177708533415
0.6616125485074786
0.6532841345832366
0.6451159290255809
0.6371054964741307
0.6293395295209487
0.6217345353692036
0.6143185617150446
0.6070453518071677
0.5999817635992514
0.5931267060427099
0.5864861656032039
0.5800679911352626
0.5738138563485384
0.5676955362241936
0.561825522853834
0.5561247344982827
0.5506174767182848
0.5598531596497057
0.5547472896733796
0.5498199192598141
0.5449300075318375
0.540214205163954
0.535691250650965
0.5312463731886496
0.5268913162593538
0.526187100627344
0.5226150055720501
0.5190148681551447
0.5154535487116034
0.5118761657529491
0.5083592219652883
0.5049281372533194
0.5016005562626054
0.49839292591166195
0.4952269468785865
0.4922333351506303
0.4893844521471056
0.4866078823942014
0.48398419563749895
0.481497380621413
0.4791109745729628
0.47673457954587406
0.4743227276055515
0.47200858145270974
0.4698997712007511
0.4678874439108692
0.465996361153861
0.46419174419318454
0.46247754281104325
0.4609021743153875
0.45950141957939106
0.45816537823550996
0.45698506721962984
0.4557832963486683
0.45472933830059004
0.4536306799790263
0.4526637566848771
0.45169787569633946
0.45084681702626606
0.450116434872069
0.4494051575522432
0.4487949838379123
0.44823618032923673
0.44781721021141063
0.44755056292267636
0.4473085071607178
0.44700195952505806
0.44670665716652913
0.44646382488777725
0.4463924779840378
0.44647586443864584
0.44653539520171615
0.4466089214290361
0.4468160038012009
0.4469945914928888
0.4472605871534199
0.4476178801356143
0.44796792568197763
0.4483850795686951
0.4488682834144688
0.44936341963377624
0.44979882674243066
0.45032121343730647
0.4508420435241025
0.45142153081090164
0.45205353580968854
0.4527138373320233
0.45341162050527384
0.45422434584975957
0.4550503641997313
0.45583125632085686
0.45666575082532335
0.4575746447547997
0.45853097220721317
0.45951827606494433
0.46034704346046784
0.46133880790123394
0.46232302819626026
0.4633746996916853
0.4643747921526803
0.4654724997920995
0.46670221645460497
0.4679133177629351
0.4690097854350159
0.4702518779407048
0.47140516906771146
0.4725560968879763
0.4737374179494922
0.47479368385782905
0.4758889312959096
0.4770304569585049
0.4781357788961972
0.4793343122984096
0.48059800674527264
