0.8050877041376009
0.7391877013195656
0.7381622052017639
0.7371323794912209
0.7360989764120636
0.7350624086829127
0.7340228999197469
0.7329805762744195
0.7319355103250482
0.7308877432470131
0.7298372968357725
0.7287841804557322
0.7277283952808291
0.7266699370044436
0.7256087976405132
0.7245449667615338
0.7234784323743333
0.7224091815549643
0.7213372009185248
0.7202624769727486
0.7191849963876624
0.7181047462032342
0.7170217139902282
0.715935887975059
0.7148472571364677
0.7137558112797948
0.7126615410932149
0.7115644381892663
0.7104644951343042
0.7093617054679513
0.7082560637142372
0.7071475653857973
0.7060362069822985
0.7049219859840414
0.7038049008415721
0.7026849509620063
0.7015621366926641
0.7004364593025516
0.6993079209621356
0.698176524721811
0.6970422744893987
0.695905175006981
0.6947652318273225
0.6936224512901015
0.6924768404981441
0.691328407293817
0.6901771602357232
0.6890231085758021
0.6878662622369416
0.6867066317911654
0.6855442284384641
0.6843790639863119
0.683211150829901
0.6820405019331235
0.6808671308103051
0.6796910515087051
0.6785122785917719
0.6773308271231608
0.6761467126514843
0.6749599511957938
0.6737705592317652
0.6725785536785693
0.671383951886402
0.6701867716246461
0.6689870310706435
0.6677847487990443
0.6665799437717084
0.6653726353281266
0.664162843176342
0.662950587384334
0.6617358883718423
0.660518766902606
0.6592992440769896
0.6580773413249674
0.6568530803994514
0.655626483369929
0.6543975726163955
0.6531663708235591
0.6519329009752926
0.6506971863493214
0.649459250512123
0.6482191173140239
0.6469768108844756
0.6457323556274956
0.6444857762172611
0.6432370975938371
0.6419863449590304
0.6407335437723563
0.6394787197471061
0.638221898846506
0.6369631072799578
0.6357023714993546
0.6344397181954538
0.6331751742943155
0.6319087669537857
0.630640523560021
0.6293704717240542
0.628098639278388
0.626825054273616
0.6255497449750613
0.6242727398594408
0.622994067611528
0.6217137571208413
0.6204318374783218
0.6191483379730263
0.6178632880888133
0.6165767175010264
0.6152886560731754
0.6139991338536093
0.6127081810721766
0.6114158281368822
0.6101221056305233
0.6088270443073187
0.6075306750895213
0.6062330290640123
0.604934137478883
0.6036340317399977
0.602332743407535
0.6010303041925162
0.5997267459533153
0.5984221006921415
0.597116400551513
0.5958096778107027
0.5945019648821712
0.5931932943079732
0.5918836987561522
0.5905732110171091
0.5892618639999558
0.5879496907288488
0.5866367243393031
0.5853229980744896
0.5840085452815151
0.582693399407682
0.5813775939967338
0.5800611626850858
0.578744139198033
0.5774265573459538
0.5761084510204864
0.5747898541907037
0.5734708008992635
0.572151325258557
0.5708314614468368
0.5695112437043368
0.5681907063293832
0.566869883674495
0.5655488101424724
0.564227520182484
0.5629060482861399
0.5615844289835608
0.5602626968394444
0.5589408864491217
0.5576190324346153
0.5562971694406873
0.5549753321308963
0.5536535551836368
0.5523318732881963
0.5510103211407988
0.5496889334406587
0.5483677448860276
0.547046790170258
0.5457261039778554
0.5444057209805484
0.543085675833356
0.5417660031706661
0.5404467376023203
0.5391279137097105
0.5378095660418749
0.5364917291116191
0.5351744373916356
0.5338577253106429
0.5325416272495358
0.5312261775375469
0.5299114104484295
0.5285973601966456
0.5272840609335836
0.5259715467437818
0.5246598516411767
0.5233490095653694
0.5220390543779103
0.5207300198586065
0.519421939701846
0.5181148475129558
0.5168087768045688
0.515503760993024
0.5141998333947917
0.5128970272229154
0.5115953755834961
0.5102949114721838
0.5089956677707144
0.5076976772434647
0.5064009725340424
0.5051055861619027
0.5038115505189964
0.5025188978664512
0.501227660331284
0.4999378699031435
0.4986495584310924
0.4973627576204175
0.49607749902947873
0.4947938140665896
0.49351173398693826
0.49223128988954123
0.49095251271423546
0.4896754332387103
0.48840008207557284
0.48712648966945593
0.4858546862941645
0.4845847020498609
0.48331656686029034
0.4820503104700491
0.48078596244188987
0.4795235521540714
0.4782631087977517
0.47700466137441955
0.4757482386933706
0.47449386936922855
0.4732415818195054
0.4719914042622094
0.4707433647134971
0.46949749098536586
0.46825381068339533
0.4670123512045323
0.46577313973491874
0.46453620324777123
0.4633015685013001
0.4620692620366752
0.46083931017604096
0.4596117390205775
0.4583865744486034
0.4571638421137332
0.4559435674430693
0.4547257756354576
0.45351049165977464
0.45229774025326797
0.4510875459199485
0.4498799329290194
0.4486749253133616
0.44747254686806137
0.4462728211489876
0.4450757714714152
0.44388142090869376
0.44268979229097105
0.44150090820395027
0.44031479098770854
0.43913146273555415
0.4379509452929321
0.43677326025637664
0.435598428972511
0.43442647253709543
0.4332574117941176
0.4320912673349301
0.43092805949743884
0.4297678083653307
0.4286105337673519
0.42745625527662756
0.42630499221003015
0.4251567636275929
0.4240115883319632
0.42286948486790765
0.42173047152185494
0.4205945663214885
0.4194617870353755
0.4183321511726483
0.4172056759827235
0.41608237845505835
0.41496227531896646
0.41384538304345597
0.4127317178371227
0.4116212956480819
0.41051413216393395
0.40941024281178195
0.4083096427582835
0.4072123469097392
0.40611836991223005
0.4050277261517842
0.4039404297545873
0.40285649458723005
0.40177593425699787
0.40069876211219013
0.3996249912424793
0.39855463447931194
0.3974877043963392
0.39642421330988453
0.39536417327944895
0.3943075961082474
0.3932544933437859
0.3922048762784597
0.3911587559502022
0.39011614314315124
0.3890770483883571
0.3880414819645154
0.3870094538987411
0.3859809739673611
0.38495605169674574
0.3839346963641712
0.38291691699870134
0.3819027223821113
0.3808921210498283
0.3798851212919073
0.37888173115403123
0.37788195843853767
0.37688581070547444
0.3758932952736762
0.3749044192218717
0.3739191893898114
0.37293761237942247
0.37195969455598643
0.3709854420493366
0.3700148607550845
0.3690479563358656
0.36808473422260135
0.36712519961579304
0.36616935748682844
0.36521721257930784
0.3642687694103971
0.36332403227218923
0.36238300523309686
0.3614456921392518
0.3605120966159273
0.3595822220689777
0.3586560716862922
0.35773364843926836
0.3568149550842956
0.35589999416425877
0.3549887680100545
0.3540812787421235
0.3531775282719901
0.3522775183038239
0.3513812503360053
0.35048872566271283
0.349599945375513
0.3487149103649636
0.34783362132223683
0.3469560787407361
0.34608228291774
0.34521223395604184
0.34434593176560635
0.3434833760652334
0.34262456638422734
0.34176950206407486
0.34091818226013404
0.3400706059433245
0.33922677190182393
0.3383866787427813
0.33755032489401793
0.336717708605747
0.33588882795229813
0.3350636808338351
0.3342422649780885
0.3334245779420859
0.3326106171138937
0.33180037971434484
0.33099386279879095
0.3301910632588362
0.3293919778240868
0.3285966030638957
0.3278049353891124
0.32701697105382443
0.3262327061571124
0.3254521366447928
0.3246752583111707
0.3239020668007827
0.3231325576101458
0.3223667260895017
0.3216045674445599
0.3208460767382396
0.3200912488924099
0.3193400786896238
0.31859256077485865
0.3178486896572402
0.3171084597117747
0.3163718651810715
0.31563890017706686
0.3149095586827375
0.31418383455381205
0.3134617215204806
0.3127432131890967
0.31202830304387763
0.31131698444859124
0.3106092506482505
0.30990509477078587
0.3092045098287284
0.30850748872087497
0.30781402423395254
0.30712410904427256
0.3064377357193804
0.30575489671970224
0.30507558440017524
0.304399791011878
0.3037275087036516
0.30305872952370994
0.3023934454212488
0.30173164824803955
0.30107332976001866
0.3004184816188732
0.2997670953936048
0.29911916256210047
0.2984746745126833
0.2978336225456619
0.29719599787486295
0.2965617916291662
0.2959309948540162
0.2953035985129374
0.29467959348902906
0.294058970586461
0.2934417205319514
0.29282783397623724
0.29221730149553793
0.29161011359300615
0.29100626070016633
0.2904057331783503
0.2898085213201139
0.2892146153506513
0.2886240054291954
0.2880366816504013
0.2874526340457356
0.28687185258483805
0.2862943271768845
0.2857200476719294
0.28514900386224973
0.2845811854836636
0.28401658221685455
0.28345518368866884
0.2828969794734101
0.2823419590941284
0.2817901120238856
0.28124142768701954
0.2806958954603931
0.2801535046746334
0.2796142446153619
0.2790781045244063
0.27854507360101355
0.2780151410030385
0.2774882958481326
0.27696452721490994
0.2764438241441195
0.27592617563978494
0.27541157067035105
0.2748999981698077
0.27439144703881047
0.2738859061457882
0.27338336432802934
0.2728838103927793
0.27238723311830515
0.2718936212549551
0.2714029635262204
0.2709152486297649
0.2704304652384578
0.26994860200139603
0.26946964754490565
0.26899359047354265
0.26852041937107485
0.2680501228014589
0.26758268930980644
0.26711810742333275
0.2666563656523032
0.26619745249096205
0.265741356418459
0.2652880658997524
0.26483756938651526
0.2643898553180245
0.26394491212203575
0.2635027282156571
0.26306329200620615
0.2626265918920555
0.26219261626347423
0.26176135350345187
0.261332791988521
0.2609069200895582
0.26048372617258664
0.26006319859956084
0.259645325729143
0.25923009591747037
0.2588174975189198
0.2584075188868433
0.2580001483743155
0.2575953743348597
0.2571931851231629
0.25679356909579043
0.25639651461188295
0.25600201003384593
0.25561004372803275
0.255220604065414
0.2548336794222418
0.25444925818070274
0.2540673287295584
0.253687879464788
0.25331089879020496
0.252936375118085
0.25256429686976245
0.25219465247623996
0.25182743037877275
0.251462619029453
0.2511002068917857
0.25074018244125007
0.25038253416585776
0.2500272505667026
0.24967432015849578
0.2493237314701039
0.24897547304506729
0.2486295334421179
0.2482859012356874
0.24794456501640483
0.24760551339158632
0.24726873498572377
0.24693421844096075
0.24660195241755056
0.24627192559433098
0.24594412666916654
0.24561854435940145
0.24529516740229307
0.24497398455544295
0.24465498459722246
0.24433815632718858
0.2440234885664906
0.24371097015827647
0.24340058996808223
0.24309233688422793
0.24278619981818927
0.242482167704979
0.24218022950351326
0.24188037419697073
0.24158259079314615
0.24128686832480373
0.24099319585001255
0.2407015624524833
0.24041195724189934
0.24012436935423287
0.23983878795207048
0.23955520222491355
0.23927360138948883
0.23899397469003925
0.2387163113986247
0.23844060081540386
0.23816683226890856
0.23789499511633005
0.2376250787437768
0.2373570725665427
0.23709096602936441
0.23682674860667208
0.23656440980283777
0.23630393915241132
0.23604532622036312
0.2357885606023099
0.23553363192474164
0.2352805298452405
0.23502924405269454
0.23477976426751457
0.23453208024182837
0.23428618175969074
0.234042058637272
0.23379970072305056
0.23355909789799734
0.2333202400757619
0.23308311720284014
0.2328477192587507
0.23261403625620247
0.23238205824125602
0.23215177529348363
0.23192317752611824
0.23169625508620662
0.23147099815475813
0.23124739694687602
0.23102544171190242
0.2308051227335488
0.23058643033002413
0.23036935485415844
0.23015388669352632
0.22994001627055882
0.22972773404266456
0.2295170305023304
0.2293078961772298
0.2291003216303258
0.2288942974599696
0.2286898142999897
0.22848686281978747
0.22828543372442178
0.22808551775469876
0.22788710568723936
0.22769018833456978
0.22749475654518891
0.2273008012036345
0.2271083132305568
0.22691728358278185
0.22672770325336744
0.2265395632716639
0.2263528547033683
0.22616756865057364
0.2259836962518197
0.22580122868213726
0.22562015715308725
0.22544047291280844
0.2252621672460453
0.22508523147418513
0.22490965695529275
0.22473543508413296
0.2245625572921982
0.22439101504773162
0.22422079985575116
0.22405190325806024
0.22388431683326904
0.22371803219680342
0.2235530410009149
0.22338933493469426
0.22322690572406845
0.2230657451318092
0.22290584495753496
0.22274719703770274
0.22258979324561012
0.2224336254913849
0.2222786857219834
0.2221249659211697
0.22197245810951338
0.22182115434436767
0.22167104671985516
0.22152212736685106
0.22137438845295654
0.22122782218248238
0.2210824207964207
0.2209381765724161
0.22079508182474228
0.2206531289042678
0.2205123101984251
0.22037261813117615
0.22023404516297307
0.2200965837907315
0.21996022654777336
0.2198249660038024
0.21969079476485553
0.21955770547325326
0.2194256908075588
0.21929474348253386
0.21916485624907978
0.21903602189419458
0.21890823324092012
0.21878148314828216
0.21865576451124402
0.21853107026064256
0.21840739336313375
0.21828472682113143
0.21816306367275062
0.218042396991739
0.21792271988741552
0.2178040255046082
0.21768630702358738
0.21756955765999564
0.2174537706647799
0.21733893932412507
0.21722505695937888
0.21711211692697951
0.21700011261838748
0.21688903746000399
0.2167788849131016
0.2166696484737427
0.21656132167270714
0.21645389807540572
0.2163473712818078
0.2162417349263559
0.21613698267788706
0.21603310823954713
0.21593010534870627
0.21582796777687818
0.2157266893296338
0.21562626384650774
0.21552668520092233
0.21542794730008963
0.2153300440849265
0.21523296952996385
0.21513671764325748
0.21504128246629195
0.21494665807389401
0.21485283857413506
0.21475981810823652
0.21466759085048226
0.21457615100811311
0.21448549282123863
0.21439561056273604
0.21430649853815587
0.21421815108562037
0.2141305625757265
0.21404372741144806
0.21395764002803386
0.21387229489290427
0.2137876865055568
0.21370380939746025
0.2136206581319482
0.21353822730412642
0.21345651154075895
0.21337550550017192
0.2132952038721424
0.21321560137780204
0.2131366927695203
0.21305847283080925
0.2129809363762103
0.2129040782511894
0.2128278933320319
0.21275237652573153
0.2126775227698844
0.21260332703257978
0.21252978431229141
0.212456889637768
0.21238463806792207
0.21231302469172542
0.21224204462809215
0.21217169302576988
0.2121019650632353
0.21203285594857002
0.21196436091936321
0.21189647524258737
0.2118291942144963
0.21176251316050554
0.21169642743508232
0.21163093242163333
0.2115660235323903
0.21150169620830017
0.21143794591890386
0.21137476816223089
0.211312158464679
0.21125011238090352
0.21118862549370265
0.21112769341390303
0.21106731178024185
0.2110074762592551
0.21094818254516434
0.21088942635975727
0.2108312034522727
0.21077350959928964
0.21071634060460742
0.21065969229913029
0.21060356054075602
0.21054794121425235
0.21049283023115006
0.2104382235296215
0.2103841170743631
0.21033050685648702
0.2102773888933921
0.21022475922866413
0.21017261393194442
0.21012094909882206
0.2100697608507186
0.21001904533476223
0.2099687987236839
0.20991901721569273
0.20986969703436165
0.20982083442851218
0.20977242567209797
0.20972446706408876
0.2096769549283498
0.20962988561353424
0.20958325549295775
0.20953706096449232
0.20949129845043835
0.20944596439741892
0.20940105527625896
0.20935656758187082
0.20931249783313677
0.20926884257279899
0.20922559836733645
0.20918276180685014
0.2091403295049542
0.2090982980986572
0.20905666424824387
0.20901542463716505
0.2089745759719177
0.20893411498193615
0.20889403841946963
0.2088543430594777
0.20881502569950727
0.20877608315958052
0.20873751228208437
0.20869930993165287
0.20866147299505344
0.20862399838107637
0.20858688302041728
0.2085501238655686
0.2085137178907016
0.20847766209155638
0.20844195348532912
0.20840658911055876
0.20837156602701434
0.20833688131558548
0.2083025320781644
0.208268515437541
0.2082348285372917
0.20820146854165855
0.2081684326354477
0.20813571802391728
0.2081033219326648
0.208071241607513
0.20803947431440795
0.20800801733930407
0.20797686798805304
0.20794602358630077
0.20791548147937078
0.20788523903215828
0.20785529362902555
0.20782564267368508
0.20779628358910107
0.20776721381737062
0.20773843081962784
0.20770993207592714
0.20768171508514144
0.2076537773648529
0.2076261164512454
0.2075987298990043
0.20757161528120138
0.20754477018919937
0.20751819223253465
0.2074918790388237
0.207465828253651
0.20744003754046758
0.20741450458048438
0.20738922707257113
0.2073642027331517
0.20733942929610094
0.20731490451263834
0.20729062615123273
0.20726659199749298
0.20724279985406724
0.20721924754054566
0.20719593289335247
0.2071728537656491
0.20715000802723393
0.20712739356443943
0.2071050082800312
0.20708285009311156
0.20706091693901818
0.20703920676922472
0.207017717551242
0.20699644726851918
0.20697539392034958
0.20695455552176634
0.20693393010344918
0.2069135157116272
0.2068933104079801
0.20687331226954286
0.2068535193886104
0.20683392987264115
0.2068145418441606
0.2067953534406669
0.20677636281454126
0.20675756813293977
0.20673896757771704
0.20672055934531908
0.20670234164669854
0.20668431270721455
0.2066664707665461
0.20664881407859703
0.206631340911403
0.20661404954704732
0.20659693828155612
0.20658000542482113
0.20656324930050352
0.20654666824594248
0.20653026061206692
0.2065140247633085
0.20649795907751034
0.2064820619458384
0.20646633177269136
0.2064507669756176
0.20643536598522705
0.2064201272450994
0.206405049211701
0.2063901303542982
0.20637536915486987
0.2063607641080255
0.2063463137209155
0.20633201651314748
0.2063178710167045
0.2063038757758583
0.20629002934708485
0.20627633029898684
0.20626277721220054
0.20624936867932153
0.20623610330482212
0.2062229797049634
0.20620999650772054
0.20619715235269565
0.2061844458910439
0.20617187578538732
0.20615944070973757
0.2061471393494142
0.2061349704009694
0.20612293257210723
0.20611102458159858
0.2060992451592184
0.20608759304565105
0.20607606699242498
0.2060646657618298
0.20605338812684126
0.20604223287104706
0.20603119878856546
0.20602028468397826
0.2060094893722476
0.20599881167864442
0.20598825043867708
0.20597780449801084
0.2059674727124019
0.20595725394762077
0.205947147079375
0.20593715099324417
0.2059272645846021
0.20591748675854993
0.20590781642984268
0.20589825252281624
0.2058887939713171
0.20587943971863965
0.205870188717444
0.20586103992969573
0.20585199232659568
0.2058430448885048
0.20583419660488433
0.20582544647422363
0.20581679350397064
0.20580823671047022
0.20579977511889025
0.20579140776316274
0.20578313368590884
0.20577495193838324
0.20576686158040192
0.20575886168027535
0.20575095131475163
0.2057431295689457
0.20573539553627562
0.2057277483184059
0.20572018702517303
0.20571271077453324
0.20570531869249142
0.20569800991304765
0.20569078357812565
0.2056836388375206
0.20567657484883162
0.20566959077740343
0.20566268579626723
0.2056558590860762
0.20564910983505158
0.20564243723892106
0.20563584050085615
0.20562931883141866
0.20562287144850255
0.20561649757726996
0.20561019645010237
0.20560396730653474
0.20559780939320316
0.20559172196379139
0.20558570427896639
0.20557975560632846
0.20557387522035742
0.20556806240235026
0.20556231644037293
0.20555663662920287
0.20555102227027344
0.20554547267162693
0.20553998714785104
0.20553456502003342
0.20552920561570687
0.20552390826879463
0.20551867231956067
0.20551349711455769
0.20550838200657584
0.2055033263545879
0.20549832952370384
0.20549339088511653
0.20548850981605626
0.20548368569973208
0.20547891792529072
0.205474205887766
0.20546954898802572
0.20546494663272552
0.20546039823426376
0.2054559032107256
0.2054514609858472
0.20544707098895465
0.20544273265492918
0.20543844542415224
0.20543420874246276
0.20543002206111327
0.20542588483671664
0.20542179653120796
0.2054177566117973
0.2054137645509232
0.20540981982620998
