0.806288377390853
0.7305047635859974
0.7295154433724389
0.7285230955998013
0.7275281555633089
0.7265308051567156
0.7255311291462663
0.724529167701749
0.7235249379063065
0.7225184438824552
0.7215096820780409
0.7204986442555352
0.719485319294624
0.7184696943381575
0.7174517555535296
0.7164314886576342
0.7154088792901738
0.7143839132859187
0.713356576877261
0.7123268568471193
0.7112947406454242
0.7102602164781586
0.709223273375201
0.7081839012414434
0.707142090894456
0.7060978340911754
0.705051123545505
0.7040019529383426
0.7029503169212405
0.7018962111147017
0.7008396321019504
0.6997805774188941
0.6987190455408938
0.6976550358668789
0.6965885487012842
0.6955195852342138
0.6944481475202178
0.6933742384559849
0.6922978617572577
0.6912190219352121
0.6901377242725286
0.6890539747993476
0.6879677802692801
0.6868791481356142
0.6857880865278498
0.6846946042286588
0.6835987106513624
0.6825004158179957
0.6813997303380182
0.6802966653877125
0.6791912326903056
0.678083444496838
0.6769733135677887
0.6758608531554705
0.6747460769871886
0.6736289992491578
0.6725096345711734
0.6713879980120101
0.67026410504554
0.6691379715475417
0.6680096137831817
0.6668790483951407
0.6657462923923574
0.6646113631393642
0.6634742783461884
0.6623350560587864
0.661193714649988
0.6600502728109174
0.6589047495428704
0.6577571641496167
0.6566075362301
0.6554558856715151
0.6543022326427346
0.6531465975880624
0.6519890012212917
0.6508294645200459
0.6496680087203828
0.64850465531164
0.6473394260315064
0.6461723428613022
0.6450034280214454
0.6438327039670964
0.6426601933839644
0.6414859191842537
0.6403099045027558
0.6391321726930494
0.6379527473238205
0.6367716521752789
0.6355889112356665
0.6344045486978436
0.6332185889559501
0.6320310566021323
0.6308419764233228
0.6296513733980755
0.6284592726934426
0.6272656996618904
0.6260706798382478
0.6248742389366837
0.6236764028477084
0.6224771976351944
0.6212766495334119
0.6200747849440778
0.6188716304334152
0.6176672127292135
0.6164615587179016
0.6152546954416125
0.6140466500952522
0.6128374500235683
0.6116271227182049
0.6104156958147624
0.6092031970898406
0.6079896544580787
0.6067750959691838
0.6055595498049462
0.6043430442762463
0.6031256078200491
0.6019072689963811
0.600688056485301
0.5994679990838498
0.5982471257029911
0.5970254653645337
0.5958030471980433
0.5945799004377359
0.5933560544193606
0.5921315385770607
0.5909063824402312
0.5896806156303491
0.588454267857802
0.5872273689186907
0.5859999486916299
0.5847720371345246
0.5835436642813441
0.5823148602388726
0.5810856551834569
0.579856079357737
0.5786261630673664
0.5773959366777239
0.5761654306106117
0.5749346753409492
0.5737037013934487
0.5724725393392929
0.5712412197927974
0.57000977340807
0.5687782308756597
0.5675466229192028
0.5663149802920635
0.5650833337739669
0.5638517141676316
0.5626201522953969
0.5613886789958495
0.5601573251204441
0.5589261215301287
0.5576950990919647
0.5564642886757476
0.5552337211506368
0.5540034273817707
0.5527734382269025
0.5515437845330264
0.5503144971330154
0.5490856068422558
0.5478571444553006
0.5466291407425092
0.5454016264467165
0.544174632279893
0.5429481889198189
0.5417223270067688
0.5404970771402073
0.5392724698754883
0.5380485357205744
0.5368253051327627
0.5356028085154274
0.5343810762147694
0.5331601385165898
0.5319400256430709
0.5307207677495729
0.5295023949214579
0.5282849371709091
0.527068424433796
0.5258528865665313
0.5246383533429668
0.5234248544512978
0.5222124194909945
0.5210010779697458
0.5197908593004381
0.5185817927981455
0.5173739076771473
0.5161672330479692
0.5149617979144461
0.5137576311708163
0.512554761598834
0.5113532178649121
0.5101530285172882
0.5089542219832244
0.5077568265662278
0.5065608704433011
0.5053663816622251
0.504173388138869
0.5029819176545285
0.5017919978532954
0.5006036562394611
0.4994169201749481
0.49823181687677287
0.49704837341454267
0.49586661670798715
0.49468657352451706
0.49350827047682244
0.4923317340205008
0.49115699045172256
0.48998406590493104
0.48881298635057147
0.48764377759286626
0.486476465267616
0.48531107484004254
0.48414763160266583
0.4829861606732194
0.4818266869925987
0.48066923532285377
0.47951383024521277
0.47836049615814535
0.47720925727546626
0.47606013762447474
0.47491316104413295
0.47376835118328453
0.47262573149890674
0.47148532525440967
0.47034715551797046
0.4692112451609026
0.46807761685607163
0.4669462930763497
0.46581729609310274
0.4646906479747258
0.4635663705852132
0.4624444855827715
0.46132501441846807
0.46020797833492477
0.45909339836505103
0.4579812953308099
0.4568716898420345
0.45576460229527715
0.4546600528727024
0.45355806154101475
0.45245864805043745
0.45136183193371304
0.4502676325051641
0.4491760688597811
0.4480871598723484
0.4470009241966202
0.4459173802645263
0.44483654628542324
0.44375844024537814
0.4426830799065017
0.441610482806307
0.4405406662571191
0.43947364734551597
0.4384094429318087
0.4373480696495652
0.43628954390516095
0.43523388187738166
0.43418109951704964
0.4331312125466974
0.4320842364602736
0.43104018652288756
0.4299990777705879
0.4289609250101808
0.4279257428190827
0.42689354554520975
0.42586434730689715
0.42483816199286284
0.4238150032622001
0.42279488454440595
0.4217778190394422
0.4207638197178353
0.41975289932080095
0.4187450703604144
0.41774034511980296
0.4167387356533705
0.41574025378706825
0.4147449111186804
0.41375271901815047
0.41276368862793233
0.41177783086338626
0.4107951564131852
0.40981567573976785
0.4088393990798108
0.40786633644473413
0.40689649762123703
0.4059298921718616
0.4049665294355743
0.4040064185283988
0.40304956834404626
0.4020959875545952
0.4011456846111885
0.4001986677447581
0.39925494496677105
0.39831452407000645
0.39737741262936
0.39644361800265526
0.3955131473315049
0.3945860075421713
0.3936622053464661
0.39274174724266253
0.391824639516439
0.39091088824183273
0.3900004992822266
0.38909347829134966
0.388189830714296
0.38728956178857177
0.3863926765451583
0.3854991798095865
0.3846090762030411
0.38372237014347943
0.3828390658467625
0.3819591673278143
0.3810826784017852
0.3802096026852424
0.3793399435973709
0.3784737043611922
0.37761088800479714
0.37675149736259284
0.37589553507656814
0.3750430035975658
0.37419390518657625
0.3733482419160371
0.37250601567115404
0.37166722815122155
0.3708318808709684
0.3699999751619072
0.36917151217369637
0.36834649287551424
0.36752491805744236
0.366706788331855
0.3658921041348294
0.36508086572755116
0.3642730731977363
0.36346872646106154
0.3626678252626022
0.3618703691782722
0.3610763576162793
0.36028578981858284
0.35949866486235904
0.35871498166147087
0.35793473896794625
0.3571579353734585
0.3563845693108171
0.3556146390554552
0.35484814272693155
0.3540850782904229
0.3533254435582389
0.35256923619131775
0.3518164537007501
0.35106709344927867
0.3503211526528227
0.3495786283819947
0.348839517563619
0.3481038169822501
0.34737152328170195
0.34664263296656217
0.3459171424037244
0.34519504782390764
0.34447634532318094
0.3437610308644873
0.3430491002791708
0.3423405492684922
0.3416353734051566
0.34093356813483044
0.34023512877766393
0.3395400505298015
0.33884832846490565
0.3381599575356593
0.3374749325752844
0.33679324829904467
0.3361148993057508
0.33543988007926384
0.3347681849899873
0.3340998082963671
0.3334347441463804
0.3327729865790162
0.33211452952576526
0.3314593668120914
0.3308074921589075
0.33015889918404107
0.3295135814036979
0.3288715322339213
0.3282327449920399
0.32759721289811905
0.3269649290764013
0.3263358865567342
0.3257100782760102
0.3250874970795824
0.32446813572268063
0.3238519868718249
0.3232390431062262
0.3226292969191844
0.3220227407194768
0.3214193668327402
0.32081916750284656
0.3202221348932728
0.31962826108845743
0.3190375380951581
0.31844995784379526
0.31786551218978676
0.3172841929148814
0.3167059917284817
0.31613090026895296
0.31555891010493287
0.31499001273662797
0.31442419959710166
0.3138614620535555
0.3133017914086006
0.31274517890152465
0.31219161570954135
0.3116410929490425
0.31109360167682976
0.31054913289134667
0.31000767753390057
0.3094692264898651
0.30893377058989235
0.30840130061110027
0.3078718072782536
0.30734528126494276
0.3068217131947485
0.30630109364239744
0.3057834131349053
0.3052686621527205
0.3047568311308485
0.30424791045996946
0.3037418904875505
0.30323876151894247
0.3027385138184746
0.3022411376105296
0.3017466230806224
0.30125496037645194
0.30076613960896614
0.3002801508533931
0.29979698415028244
0.2993166295065257
0.2988390768963697
0.2983643162624262
0.29789233751666
0.2974231305413797
0.29695668519021334
0.2964929912890737
0.2960320386371146
0.29557381700767904
0.29511831614924144
0.294665525786329
0.29421543562044683
0.2937680353309807
0.2933233145761084
0.2928812629936778
0.29244187020209855
0.2920051258012073
0.29157101937313346
0.2911395404831517
0.2907106786805279
0.29028442349934824
0.2898607644593546
0.2894396910667506
0.28902119281501415
0.28860525918569546
0.2881918796492059
0.287781043665594
0.2873727406853215
0.2869669601500241
0.28656369149325955
0.2861629241412591
0.2857646475136545
0.28536885102421305
0.28497552408154647
0.28458465608982575
0.2841962364494792
0.2838102545578809
0.2834266998100393
0.2830455615992672
0.2826668293178458
0.28229049235768755
0.2819165401109801
0.28154496197083
0.2811757473318899
0.28080888559099015
0.2804443661477446
0.28008217840516814
0.2797223117702684
0.27936475565463936
0.27900949947504483
0.27865653265399637
0.2783058446203147
0.27795742480969665
0.2776112626652577
0.27726734763808514
0.2769256691877686
0.2765862167829308
0.27624897990175024
0.27591394803247127
0.27558111067391067
0.2752504573359619
0.2749219775400792
0.2745956608197663
0.2742714967210508
0.2739494748029565
0.2736295846379647
0.2733118158124688
0.2729961579272254
0.27268260059779337
0.2723711334549709
0.2720617461452194
0.2717544283310912
0.2714491696916408
0.27114595992282775
0.27084478873792694
0.27054564586791907
0.2702485210618758
0.26995340408734714
0.269660284730734
0.26936915279765683
0.2690799981133202
0.2687928105228714
0.268507579891745
0.26822429610601295
0.26794294907272
0.26766352872022103
0.26738602499850195
0.26711042787950123
0.26683672735743025
0.2665649134490806
0.26629497619412
0.2660269056554041
0.2657606919192569
0.26549632509576515
0.26523379531905833
0.26497309274758185
0.2647142075643698
0.2644571299773144
0.2642018502194209
0.2639483585490634
0.2636966452502385
0.2634467006328064
0.2631985150327355
0.2629520788123313
0.2627073823604724
0.2624644160928319
0.2622231704520992
0.2619836359081974
0.2617458029584906
0.261509662127995
0.2612752039695755
0.2610424190641486
0.26081129802087266
0.26058183147733105
0.26035401009972514
0.26012782458305095
0.25990326565126975
0.25968032405748565
0.2594589905841075
0.25923925604301434
0.2590211112757145
0.25880454715349677
0.2585895545775867
0.25837612447928715
0.2581642478201247
0.25795391559198677
0.2577451188172596
0.25753784854895656
0.25733209587084316
0.2571278518975695
0.25692510777478084
0.2567238546792404
0.25652408381894354
0.2563257864332167
0.25612895379284095
0.2559335772001372
0.2557396479890768
0.25554715752537416
0.2553560972065768
0.2551664584621576
0.2549782327536021
0.2547914115744895
0.25460598645057286
0.2544219489398536
0.2542392906326607
0.25405800315171556
0.2538780781522041
0.2536995073218411
0.2535222823809281
0.2533463950824144
0.2531718372119588
0.25299860058797163
0.25282667706167794
0.2526560585171542
0.252486736871384
0.252318704074291
0.2521519521087844
0.2519864729907958
0.2518222587693145
0.25165930152641625
0.2514975933772976
0.25133712647030026
0.25117789298694015
0.25101988514192175
0.2508630951831683
0.25070751539183445
0.2505531380823225
0.25039995560229666
0.2502479603326918
0.2500971446877277
0.24994750111491204
0.24979902209504312
0.24965170014222027
0.24950552780383628
0.2493604976605801
0.24921660232643328
0.2490738344486626
0.24893218670781747
0.2487916518177139
0.2486522225254273
0.24851389161128046
0.24837665188882585
0.24824049620483146
0.2481054174392615
0.24797140850525368
0.24783846234909956
0.24770657195022583
0.24757573032115576
0.24744593050749641
0.2473171655879014
0.24718942867404603
0.24706271291058846
0.24693701147514346
0.24681231757824296
0.24668862446330309
0.24656592540658373
0.24644421371714864
0.24632348273682603
0.24620372584016825
0.24608493643440432
0.24596710795939725
0.2458502338875963
0.24573430772399185
0.24561932300606182
0.2455052733037263
0.245392152219293
0.2452799533874076
0.2451686704749938
0.2450582971812043
0.2449488272373621
0.24484025440689905
0.24473257248530655
0.24462577530006502
0.24451985671058907
0.24441481060816583
0.24431063091588756
0.2442073115885922
0.24410484661279375
0.24400323000662139
0.24390245581974546
0.24380251813331422
0.2437034110598879
0.24360512874335527
0.24350766535887802
0.2434110151128096
0.24331517224262622
0.2432201310168488
0.24312588573497518
0.2430324307273991
0.24293976035533194
0.24284786901073818
0.2427567511162375
0.24266640112504667
0.242576813520886
0.24248798281790196
0.24239990356059404
0.24231257032371933
0.24222597771222565
0.24214012036115407
0.24205499293556398
0.24197059013044964
0.24188690667064572
0.24180393731075311
0.24172167683504353
0.24164012005737823
0.24155926182111565
0.24147909699902892
0.24139962049321395
0.24132082723499637
0.24124271218484983
0.2411652703322993
0.24108849669583332
0.24101238632281052
0.24093693428937002
0.24086213570033488
0.2407879856891233
0.24071447941765634
0.24064161207625778
0.24056937888356666
0.24049777508643644
0.24042679595984728
0.24035643680680285
0.2402866929582399
0.24021755977292847
0.24014903263737974
0.24008110696574014
0.24001377819970626
0.23994704180841708
0.23988089328835838
0.23981532816326812
0.2397503419840321
0.23968593032859065
0.2396220888018349
0.23955881303550652
0.23949609868810295
0.2394339414447728
0.23937233701721727
0.23931128114358702
0.23925076958838698
0.23919079814236754
0.23913136262242796
0.23907245887151396
0.239014082758518
0.23895623017817114
0.23889889705094702
0.23884207932295753
0.23878577296584524
0.23872997397669382
0.23867467837790846
0.23861988221712405
0.2385655815671005
0.23851177252561417
0.2384584512153637
0.23840561378385405
0.23835325640330396
0.23830137527053774
0.2382499666068778
0.2381990266580516
0.23814855169407156
0.2380985380091465
0.23804898192156643
0.23799987977360526
0.23795122793141232
0.2379030227849087
0.23785526074768537
0.23780793825689628
0.23776105177315277
0.23771459778042303
0.2376685727859238
0.23762297332001714
0.2375777959361075
0.23753303721053565
0.2374886937424726
0.2374447621538177
0.2374012390890915
0.23735812121533595
0.23731540522200556
0.23727308782086254
0.237231165745876
0.23718963575311525
0.2371484946206448
0.2371077391484251
0.23706736615820023
0.2370273724933991
0.2369877550190328
0.23694851062158628
0.23690963620891603
0.2368711287101487
0.23683298507557404
0.2367952022765446
0.23675777730536574
0.23672070717520166
0.23668398891996512
0.23664761959421654
0.2366115962730615
0.2365759160520461
0.23654057604705503
0.23650557339421086
0.236470905249767
0.23643656879001007
0.23640256121115388
0.2363688797292417
0.23633552158003734
0.23630248401893017
0.23626976432083258
0.23623735978007276
0.2362052677102997
0.2361734854443801
0.2361420103342966
0.23611083975104652
0.23607997108454282
0.2360494017435144
0.23601912915540257
0.23598915076626392
0.23595946404066925
0.23593006646160397
0.23590095553036983
0.23587212876648456
0.23584358370758107
0.2358153179093142
0.23578732894525534
0.23575961440679638
0.23573217190305673
0.23570499906077969
0.23567809352423252
0.23565145295511558
0.23562507503246177
0.23559895745254067
0.23557309792875758
0.2355474941915645
0.23552214398835492
0.2354970450833771
0.2354721952576312
0.2354475923087741
0.2354232340510326
0.2353991183150943
0.23537524294802603
0.23535160581317183
0.23532820479006
0.23530503777430878
0.23528210267753613
0.2352593974272642
0.23523691996681972
0.23521466825525528
0.23519264026724285
0.2351708339929902
0.2351492474381397
0.23512787862368933
0.23510672558589218
0.2350857863761645
0.2350650590609994
0.23504454172187472
0.23502423245516424
0.23500412937203963
0.23498423059839224
0.23496453427473396
0.23494503855611593
0.23492574161203394
0.23490664162633967
0.23488773679715802
0.2348690253367911
0.23485050547164044
0.23483217544210777
0.23481403350252084
0.2347960779210343
0.23477830697955204
0.23476071897363815
0.2347433122124286
0.2347260850185512
0.23470903572803314
0.23469216269022508
0.23467546426770847
0.2346589388362128
0.2346425847845386
0.23462640051446415
0.23461038444066817
0.23459453499064542
0.23457885060462358
0.23456332973548044
0.23454797084866552
0.23453277242210924
0.23451773294615552
0.23450285092346812
0.23448812486895665
0.23447355330969355
0.2344591347848365
0.23444486784554464
0.23443075105490363
0.2344167829878424
0.2344029622310605
0.2343892873829413
0.2343757570534818
0.23436236986421044
0.2343491244481105
0.23433601944954396
0.2343230535241725
0.2343102253388848
0.2342975335717178
0.2342849769117813
0.23427255405918368
0.23426026372495434
0.23424810463097223
0.23423607550989034
0.2342241751050601
0.23421240217045936
0.23420075547061803
0.2341892337805459
0.23417783588566043
0.23416656058171137
0.23415540667471368
0.23414437298087065
0.23413345832650634
0.23412266154799288
0.23411198149168078
0.2341014170138277
0.23409096698052656
0.23408063026764214
0.23407040576073423
0.23406029235499493
0.23405028895517443
0.2340403944755184
0.2340306078396962
0.23402092798073093
0.23401135384094152
0.2340018843718653
0.23399251853419722
0.23398325529772135
0.233974093641247
0.23396503255254109
0.233956071028265
0.23394720807390523
0.23393844270371533
0.23392977394064607
0.23392120081628542
0.23391272237079141
0.23390433765283214
0.23389604571952105
0.233887845636354
0.233879736477148
0.2338717173239795
0.2338637872671221
0.2338559454049861
0.23384819084405717
0.23384052269883415
0.23383294009176936
0.23382544215321355
0.23381802802135077
0.23381069684213696
0.23380344776924877
0.23379627996402108
0.23378919259538566
0.2337821848398175
0.2337752558812758
0.23376840491114814
0.23376163112818749
0.23375493373846457
0.23374831195530488
0.2337417649992336
0.23373529209792376
0.2337288924861357
0.23372256540566694
0.23371631010529148
0.23371012584071182
0.23370401187450074
0.23369796747604854
0.23369199192151013
0.23368608449375072
0.23368024448229396
0.23367447118327178
0.23366876389936475
0.23366312193975725
0.23365754462008625
0.2336520312623831
0.23364658119503
0.23364119375270398
0.23363586827633076
0.23363060411303394
0.23362540061608061
0.23362025714483625
0.23361517306471669
0.23361014774713684
0.23360518056946267
0.23360027091496294
0.23359541817276064
0.2335906217377871
0.23358588101073385
0.2335811953980046
0.2335765643116713
0.2335719871694243
0.23356746339452839
0.23356299241577538
0.23355857366744381
0.23355420658924242
0.23354989062627973
0.23354562522900457
0.23354140985317595
0.23353724395980857
0.2335331270151325
0.2335290584905504
0.2335250378625946
0.23352106461288102
0.23351713822807174
0.2335132581998266
0.23350942402476493
0.23350563520442424
0.2335018912452168
0.2334981916583896
0.2334945359599806
0.23349092367078172
0.23348735431629608
0.2334838274267007
0.2334803425368035
0.23347689918600312
0.2334734969182527
0.23347013528202087
0.2334668138302477
0.23346353212031412
0.23346028971399513
0.2334570861774301
0.23345392108107943
0.23345079399968827
0.23344770451224894
0.23344465220196753
