1.0595308436030182
1.0425023573844447
1.035011832861735
1.0263405995420325
1.016937346178806
1.0066571523361818
0.9956274433435923
0.9836298961946031
0.9701619856513808
0.9563065643052139
0.9416653026597204
0.9260579478619945
0.9104589655348246
0.8950021697515587
0.8794296851491934
0.8639389164461819
0.848678621685177
0.8330392219735523
0.8175110087914369
0.8001355385891153
0.7843839750864239
0.7697496509670869
0.7528369448686492
0.7361112021775803
0.7193727629342669
0.7022766620779083
0.6851637733006157
0.6680817214726382
0.6510687753744386
0.6342008175597312
0.6166600582810745
0.5991885361431812
0.5811258471675327
0.5639700749797874
0.5479229665537416
0.5329421893579147
0.5194347360825048
0.5070484969854715
0.4943850231066418
0.48381352516728565
0.47558652642924987
0.46925908507007463
0.46420618694807736
0.45812364966696256
0.4528264125280479
0.4494145952348284
0.44588213658075654
0.4441815037823141
0.4440603577771994
0.44517367940929653
0.4469450511218551
0.4433696398080149
0.4421449306749463
0.4433468815981196
0.4423414530946331
0.44276199211916717
0.44314990673934945
0.4451199623250868
0.44258700273276436
0.44200820528955376
0.44194494251309535
0.44383410684989366
0.44698774619284454
0.4445484110775413
0.4392710045039755
0.437040417872043
0.436362205202834
0.4379473518340841
0.4371266381751089
0.4387752131950648
0.43842861062795924
0.4392137012206674
0.4334199385385636
0.4307860125768099
0.4304365561585551
0.43268489566622775
0.43218157501270504
0.43280779840494643
0.43108341234251635
0.43194732838780886
0.4352599663575102
0.4290707656410654
0.42591795747543837
0.42566924636618914
0.4272729549374588
0.4290884393432205
0.4271422762570177
0.4276484808263328
0.42923144972299015
0.4265530362936623
0.4249397900516329
0.4233339110256114
0.42411036189451257
0.42701241019702435
0.429382249422769
0.4272956459800931
0.42384710535924647
0.4220296333678018
0.4225222322937187
0.422369970197482
0.4226195586018021
0.42408074822070485
0.4273448736198114
0.4265023653905364
0.42657201726269206
0.4241681988187632
0.423979523380423
0.42365661130322724
0.4234852096128818
0.4239481097597932
0.4259942819490739
0.4256874061545349
0.42427760685598614
0.423031848887631
0.4236108703438798
0.424742414510153
0.4272916922509192
0.42670128616124686
0.42807720616834677
0.42794307402280124
0.4253878134287868
0.4240925404684366
0.4228613483084814
0.42360748514391905
0.42478735524503425
0.42508508432486786
0.427540986318897
0.4294783885227161
0.43044807520272627
0.4279574205683499
0.42461519860360686
0.423444827803613
0.4224135952843003
0.42343777717747344
0.4235933486411762
0.4254561272168284
0.42610680181637
0.4286052596450708
0.42746956068452696
0.4258820897150897
0.4261477167857107
0.4250513386539861
0.4255143931708797
0.4242731925397177
0.42490415663221026
0.42473378353977287
0.42632436552744296
0.4252887458674294
0.42432625229288057
0.4244543044894492
0.425083645321913
0.4266486219452755
0.42593290592913946
0.424667002434573
0.4249531190986305
0.4263227825117304
0.42491259258049624
0.4248169528033532
0.4244758975319188
0.4235943268986721
0.42410370558077687
0.4249035684059152
0.42531572560570247
0.4252879879452954
0.42663892954797056
0.4246086082697665
0.42307056963860085
0.4230314147305614
0.42272559727074466
0.4237214000851945
0.425609227312954
0.4257584686394258
0.4255518067051615
0.42521476283098136
0.4234556766051771
0.42317734434067156
0.42336720416088736
0.4229540862735205
0.42216603010125836
0.4226521917224705
0.4242164818804335
0.4258657005133253
0.42832600302263185
0.42580379124562157
0.42312502942158714
0.42206332251135364
0.42168811249537413
0.4224769140665059
0.4240398341879413
0.4247383130431658
0.42642819841146323
0.42629176406157687
0.4247463782810414
0.42445197842555465
0.42386287722976385
0.4228522830206106
0.42311671799091705
0.4237245918281656
0.42343371222637605
0.4240165994982473
