1.1392202006344727
0.9999678901229478
0.9919288189632424
0.9821556765907768
0.9715085027149991
0.9603056466826388
0.9487056197481495
0.93680177958907
0.9246556738483357
0.9123113733482945
0.899802496928038
0.8871559792092572
0.874394220828818
0.8615363708345378
0.8485991177472114
0.8355971903219007
0.8225436797692259
0.8094502488005768
0.7963272702325646
0.783183929823958
0.7700283287780793
0.7568676237406832
0.7437082349832996
0.7305561263595216
0.7174171175204257
0.7042971560694897
0.6912024839546322
0.6781396765815678
0.665115580899786
0.6521372004347376
0.6392115696454854
0.6263456430186537
0.613546209382823
0.6008198334145816
0.5881728230047725
0.5756112205853436
0.5631408168407265
0.5507671854734251
0.538495737494248
0.5263317928577826
0.5142806664512674
0.5023477651963484
0.4905386949289695
0.47885938290687047
0.4673162387262892
0.4559164028233278
0.4446681400058909
0.4335813431102508
0.42266786182063537
0.41194120010864943
0.40141545830328096
0.3911039980565392
0.3810184159790302
0.37116802139269994
0.3615596955150983
0.35219795313188057
0.3430850891337795
0.33422135314631846
0.325605129326367
0.3172331138157714
0.309100490320364
0.30120111213100426
0.29352771155432894
0.28607217651616057
0.2788259469749711
0.27178055074724417
0.26492817602203994
0.25826203330239333
0.2517763036186669
0.24546574507190583
0.23932523219049148
0.23334943974160602
0.22753271651284349
0.2218691005171205
0.21635241331013794
0.2109763868601267
0.20573479451582896
0.20062157649003673
0.19563097922875458
0.1907577728286141
0.18599763842784087
0.1813477131724974
0.1768069744010608
0.17237598302168014
0.1680559544858572
0.1638477081534667
0.15975099255597
0.15576426676931962
0.15188478903503147
0.1481088590415659
0.14443211944892673
0.14084987180655462
0.13735740001655933
0.13395033287703328
0.1306251067856425
0.12737954312287011
0.12421333668455883
0.12112800201006031
0.1181260324585215
0.11520967764353657
0.11237999232522958
0.10963643267537447
0.10697689313636811
0.10439798223249208
0.1018953912328323
0.09946428395212502
0.09709970339096577
0.09479705457162203
0.09255273356585346
0.09036480122036993
0.08823327107271431
0.08615959246233357
0.08414553491900213
0.0821921360183737
0.08029912997726349
0.078464853851066
0.07668646347847546
0.07496031323788657
0.07328241953799158
0.0716489890540084
0.07005703014963553
0.06850501850113838
0.06699338353267324
0.06552438409544542
0.0641011919901182
0.0627266207258418
0.06140214314808618
0.06012747729080503
0.05890065442281663
0.05771838181851671
0.05657655964016713
0.05547088484869326
0.05439752474627676
0.05335381711187362
0.05233880505109927
0.05135326619937158
0.05039906553497649
0.04947812383469055
0.04859151514905076
0.047738994279982766
0.04691896289407799
0.046128754351413476
0.045365117835647235
0.0446248206447822
0.04390530460676852
0.04320528371780309
0.04252505978970773
0.041866309248614855
0.04123133327838729
0.04062210744951591
0.04003954492691003
0.03948317793237591
0.03895123962126934
0.038441035543404514
0.037949492163947746
0.03747378699265733
0.03701195149629121
0.03656328324011049
0.036128375831888784
0.03570869162106143
0.03530584162342317
0.03492088583492881
0.034553901160049555
0.03420389633111722
0.03386902922825717
0.033547033771699104
0.03323575298508376
0.0329336609385735
0.03264022727604353
0.03235597391441784
0.03208216264879363
0.031820225049799956
0.03157117165230475
0.031335195964070445
0.031111569510623507
0.030898811771652046
0.030695057727723057
0.030498520683754003
0.030307932451461177
0.03012283156430164
0.029943590273959445
0.029771154912859015
0.02960659831907593
0.029450663609026102
0.02930346132993263
0.02916439824047433
0.029032329735408265
0.028905871519013217
0.028783776023204446
0.02866526375485497
0.028550202007056498
0.02843906146810539
0.028332662040351748
0.02823180824225954
0.028136955738184963
0.02804802261599299
0.02796439158615747
0.02788508343247934
0.027809037180974168
0.027735408281689126
