0.9999802954954209
0.9999770409835002
0.9999732738670759
0.9999684001749702
0.9999623557935663
0.9999549518790121
0.9999459753594185
0.9999351847263503
0.9999222984516691
0.9999070357058366
0.999889067895087
0.9998680569718963
0.9998436091827051
0.9998153660515379
0.9997829255642099
0.9997459641921973
0.9997040230817493
0.9996566637974907
0.9996036372410101
0.9995443717091084
0.9994786038081312
0.9994060172031433
0.9993262415838141
0.9992390793908563
0.9991440212686639
0.999040764657667
0.9989289206625274
0.9988082836747461
0.9986784276713341
0.9985392488279646
0.9983900264775187
0.9982308643454998
0.9980613065251206
0.9978805044453767
0.9976878159355608
0.997483017619158
0.9972651746727148
0.9970342683729426
0.9967894730635355
0.9965306633624501
0.9962566433903797
0.9959675562307527
0.995662001688546
0.9953399421406807
0.9950012121755274
0.994645946752976
0.9942746623377562
0.9938863304361647
0.9934786293317902
0.9930541824302591
0.9926122863931369
0.9921532807491449
0.9916784886345016
0.9911864382791004
0.9906791256301002
0.990155775521866
0.9896197025626641
0.9890697114529304
0.9885087243339039
0.9879363981325066
0.9873528596883762
0.9867599737177944
0.9861598229456718
0.9855527186061338
0.984937691016732
0.9843164610074707
0.9836892715619874
0.9830578950970201
0.9824230600548635
0.9817878271353206
0.9811580795703025
0.9805262663495754
0.9798991418344912
0.9792747005709413
0.9786520935708036
0.9780352205841438
0.9774233920307029
0.9768186174481149
0.9762226293380833
0.9756339570935901
0.9750502906407286
0.9744770140189252
0.9739139773628189
0.9733653860171274
0.9728242431554229
0.9722910097090576
0.9717698161851842
0.971260514163748
0.9707653948123374
0.9702832932238461
0.9698086633394959
0.9693541199593347
0.9689108299628427
0.9684800204590047
0.9680569004953901
0.9676478285347407
0.9672518566296228
0.9668722173195387
0.9664965975274322
0.9661360023556443
0.9657905084335229
0.9654531052036941
0.9651329313534804
0.9648224072732698
0.9645260751883538
0.9642354947506048
0.9639556355468938
0.9636826073113907
0.963419585035138
0.9631638002531395
0.9629191840237105
0.962673964182357
0.962442823193022
0.962226524800079
0.962021850783782
0.9618170055880017
0.9616168213459328
0.9614270878333764
0.961247045226943
0.9610799686585307
0.9609287317770094
0.9607875216807942
0.9606502539485633
0.960508613746212
0.960375485056444
0.9602484647588584
0.9601288528038063
0.9600225544191455
0.9599212701744335
0.95982579781072
0.9597399311770999
0.9596558603298998
0.9595814707645556
0.9595065735697144
0.9594329401762586
0.9593625591705872
0.9592907320120022
0.9592219169770991
0.9591608711448408
0.9591042029682527
0.9590497023380484
0.9590064258961511
0.9589763105857769
0.9589451770850106
0.958915086058848
0.9588860848370179
0.9588608064563664
0.9588325911952651
0.9588130369273965
0.9587979272080617
0.958790584342035
0.9587867218475129
0.9587864042932778
0.9587833602726143
0.958788574671604
0.9587933336812289
0.9587938898828877
0.9587969392178969
0.9588038056091052
0.9588110324369852
0.9588235733984112
0.9588435422713965
0.9588683542478814
0.9588908469325581
0.9589205232693161
0.9589524444435434
0.9589785332344115
0.959002391707828
0.9590212135867929
0.9590444691518928
0.9590699438294266
0.9590935767566011
0.9591253929481194
0.959161518273188
0.9592008555957898
0.959244333964639
0.9592966388909417
0.9593468590339689
0.9593929814339441
0.9594442724146313
0.9594967678313672
0.9595553526397905
0.9596206725793114
0.9596828311964307
0.9597494849832945
0.9598183878179726
0.959890150963572
0.9599577229952447
0.9600266925826362
0.9600912498562544
0.9601550906248439
0.9602227471169814
0.9602926521459508
0.9603671304303253
0.9604430587344793
0.9605149554704617
0.9605881107361006
0.9606615447412964
0.9607284753861247
0.9607988606261668
