1.0309577206831066
0.918356222401658
0.9111420794254683
0.9025630052005518
0.8932864263022441
0.8835611176876549
0.8735116258684533
0.8632117534466102
0.8527105125809457
0.8420432831992745
0.831237281752607
0.8203145023251706
0.8092934011419195
0.7981898971846065
0.7870179779580084
0.7757900723165597
0.7645172866642599
0.7532095634290964
0.7418757996412979
0.7305239522761465
0.7191611506726221
0.7077938306192338
0.6964278965081552
0.685068906301515
0.6737222614061278
0.662393375472029
0.6510877976255807
0.6398112766854492
0.6285697677821745
0.6173693944367223
0.6062163839119126
0.595116992363518
0.5840774320228841
0.5731038080658755
0.5622020693426959
0.5513779749964264
0.5406370778594879
0.5299847249413199
0.5194260749528681
0.5089661324516692
0.49860979778326925
0.48836193161618247
0.47822743267278445
0.46821132734736043
0.45831886999875365
0.448555651579573
0.4389277092661257
0.4294416179293006
0.42010452715718233
0.4109240973007048
0.4019083033632793
0.39306511985251136
0.3844021461452326
0.3759262469605385
0.3676432617039438
0.3595578027463613
0.3516731379229607
0.3439911424040014
0.33651230492730067
0.32923577724015396
0.32215945992380685
0.31528012115255627
0.3085935469589058
0.3020947219998995
0.29577803814155
0.2896375235516718
0.28366707696279897
0.2778606821702529
0.27221257244112124
0.2667173206825341
0.26136985040323324
0.2561653854861841
0.25109937038219016
0.24616739118174247
0.2413651172555323
0.23668827110278423
0.2321326256517338
0.22769402432691135
0.22336841858903578
0.21915191888099578
0.21504085638295847
0.21103185255736864
0.20712188871472104
0.2033083584367509
0.19958907741741078
0.19596222929055837
0.19242624770866668
0.18897966277645373
0.18562095390274877
0.18234844366952824
0.1791602483090458
0.17605428328879172
0.17302831329204174
0.17008003351895307
0.16720717039771754
0.16440759147028003
0.16167941399524283
0.1590210979879855
0.15643150257056132
0.15390988016197815
0.15145579089068015
0.14906894413833857
0.14674900399453222
0.1444954098148706
0.14230725290666452
0.14018322620721424
0.13812164210603906
0.1361205024159537
0.13417760288697403
0.1322906579785528
0.1304574351449136
0.12867588745418354
0.12694426653624166
0.125261188101042
0.12362562158081349
0.12203679543235792
0.12049404403049341
0.11899664661319541
0.11754370646258312
0.11613409636306565
0.11476647250489694
0.11343934439242835
0.11215118335745143
0.11090055234321977
0.10968623946360866
0.1085073734839311
0.10736349098060544
0.10625452104332528
0.10518066842945996
0.10414221359515796
0.10313928640562303
0.10217168034624707
0.10123875132809529
0.10033941114466421
0.0994722012316474
0.09863542310076374
0.0978273023504681
0.0970461655190289
0.09629060649921842
0.09555960982161264
0.09485259047486234
0.09416932216202831
0.09350976565990887
0.09287385378821153
0.09226130509280964
0.09167151722109823
0.09110355545916025
0.09055622496573662
0.09002820341262936
0.08951820864875054
0.08902517503152099
0.08854840555305274
0.08808765591418792
0.08764310604529185
0.08721520400503803
0.08680442235205509
0.08641100922040681
0.08603481265966334
0.0856752175655997
0.08533119331373579
0.08500142703234785
0.08468451123870324
0.08437915478688945
0.08408438235460623
0.08379967654600928
0.08352500963353987
0.08326073288475029
0.08300734741317847
0.08276523686268857
0.08253445422043443
0.082314620226959
0.0821049436522749
0.08190434223670062
0.08171163126476838
0.08152574429876078
0.08134594544055258
0.0811719797912903
0.08100410113698747
0.080842940854278
0.08068924755573297
0.08054359130608194
0.08040613692665889
0.08027654778154938
0.08015402683191108
0.0800374674217945
0.07992567443716214
0.07981761378397347
0.07971264085167308
0.07961064441516143
0.07951204083443646
0.07941759444702388
0.07932811865111625
0.07924417088110924
0.07916584684875957
0.0790927234910283
0.07902394468343386
0.07895841397060321
0.07889504923151656
0.07883304882016201
0.07877210556600832
