1.2507866230318507
1.2423289596633647
1.239038356329093
1.2352416817221235
1.2309812416544037
1.2262769362010688
1.2211244141278825
1.2154353013898318
1.2092655396035517
1.2024428729569587
1.195164761111898
1.187491446793763
1.1792078234364594
1.1701599046919156
1.1605223592777396
1.1505079481546032
1.1401959718476566
1.12932925841097
1.1180663148649124
1.1063284175032815
1.093877264625319
1.0810005783009287
1.067742471639074
1.0541096006199435
1.0400147405973086
1.025637039740556
1.0109368804176395
0.9959542428412003
0.9806249850919538
0.9649512347771926
0.9490203886619252
0.9320805491269175
0.9150581110077918
0.8978628298219172
0.880219164620859
0.8624187335625405
0.8444831237492532
0.8262905167602682
0.8083116209212782
0.7898960330020782
0.7713212708269641
0.7525435901647326
0.7340133224590305
0.7157964425470735
0.6972942183845031
0.6788149061547467
0.6603988523299767
0.6422420699968351
0.6238821161991216
0.6056220612325696
0.587529510038585
0.5692306611028705
0.5512423457063494
0.5333582497258341
0.5157660669101922
0.4985170607110083
0.48162232668821603
0.46509046506844465
0.44908476579207685
0.43337953138241353
0.41836091725141306
0.40396972981184437
0.3898455251607738
0.3759051444625374
0.36258374039586855
0.3500237058891151
0.3383490061990968
0.3276345918284785
0.31760162414356147
0.3085399983191989
0.30043947160284346
0.29268133527535517
0.28579736888817764
0.2798201797425564
0.27473922452164456
0.270229011421075
0.26566127524232686
0.2614397156402365
0.2580539047736186
0.2554030411881607
0.25337359757126826
0.2514418195614467
0.24950319417624647
0.24765252152462344
0.24623588356056852
0.2455153321016988
0.24313727065168642
0.2411261934475082
0.23962887996653076
0.2383252546547474
0.23740552096665
0.2366763234848056
0.23624845775064535
0.23607155165101948
0.2355627564425572
0.2351772444345691
0.23472279376090058
0.23453666713104754
0.23460025867219644
0.23504581880848158
0.23590203131145998
0.23413475877659723
0.23363550776550765
0.23360492603107313
0.23421979421630876
0.23517186578055688
0.2364462392599737
0.2382691733741327
0.23612974697388928
0.23488257885265065
0.23409856329442996
0.23365160729823847
0.23328336774495267
0.23294502061450897
0.23277321158850936
0.23297191912630294
0.23375220885127695
0.23238210088162292
0.23148752738351042
0.23092589139187603
0.23084973201494388
0.23118019505439819
0.2317132785586621
0.23251492212277622
0.23324402538386857
0.23379313422630013
0.23453872074043525
0.23556928144253148
0.23383938393831785
0.2323367130271257
0.23138699911058036
0.23066681839623576
0.23034976371250193
0.23004055242567004
0.23007418305199898
0.23043027430254812
0.23099621232596554
0.23164048069766133
0.23260268783882576
0.2340438797772786
0.23252656244171438
0.23140832764328345
0.2308367608415694
0.23051953811378906
0.23053054398236097
0.2307477011629398
0.23128517162541742
0.23215418059890683
0.23320794304331055
0.23472594851744108
0.23178393617219484
0.2306327188590928
0.23029037798466673
0.23056024902484631
0.2312011721400723
0.23165222624229906
0.23175955270864415
0.23179455258102566
0.23185312704997982
0.23199449246910606
0.2320191891074848
0.2321431068803898
0.2323559716265023
0.2326384121124195
0.23240118217037217
0.232160263781605
0.23167580813892977
0.23137048283909945
0.23126929210113795
0.2313645029532985
0.23164256299607996
0.2319313687145624
0.23184360134047277
0.23194554540141377
0.23220611681348682
0.2325891646158238
0.23287292713040963
0.2332095937798244
0.2335791348374401
0.23371688295020643
0.23368541209290516
0.23379515151593944
0.2338076895399058
0.23381849701185273
0.23381654889582823
0.23372454700781808
0.23382654203528058
0.23411055637456038
0.2342857820014304
0.2343619439590155
0.23462396315620312
0.23485812869148195
0.23529796244036086
0.23583953229161003
0.23633830851271104
0.23689785185920895
0.23718320104352486
0.23694817960057996
0.236944385353752
0.2372518865960941
