0.9161320202335562
0.15557204549624304
0.14701431358844827
0.13910733672416023
0.13164152884775795
0.12455142104567059
0.11781315738971816
0.11141592419319007
0.10535346687876228
0.09962103983805874
0.09421414398995964
0.08912795417144707
0.08435704807690446
0.0798952808426502
0.0757357359341191
0.07187071878371327
0.06829177579348604
0.06498972922052794
0.061954722624984616
0.05917627390898986
0.05664333437624205
0.05434435310042398
0.052267346398377136
0.05039997245433258
0.04872961118386671
0.04724344929384738
0.04592857021962913
0.04477204824133293
0.043761045643223306
0.04288291133577162
0.042125278961781705
0.04147616220395035
0.040924044838961844
0.04045796306561158
0.04006757777793951
0.03974323474929023
0.03947601111640593
0.039257747071080366
0.03908106224216055
0.03893935684306302
0.03882679823217751
0.03873829405320415
0.03866945356405186
0.03861653910838702
0.038576409922854306
0.03854646060209037
0.03852455656569461
0.038508968794076455
0.03849830993501796
0.03849147364390632
0.03848757872353079
0.03848591929056593
0.03848592183214858
0.038487109643955825
0.0384890747770834
0.03849145728015776
0.03849393121951911
0.03849619670613948
0.03849797696286411
0.03849901933613064
0.03849909909550308
0.038498024871198265
0.038495644649463964
0.03849185136975619
0.03848658733479575
0.038479846841302075
0.03847167665103678
0.038462174134320216
0.03845148311811156
0.038439787646732365
0.038427304006662014
0.03841427147183095
0.038400942289860594
0.0383875714530741
0.038374406783717126
0.038361679815656004
0.03834959788132814
0.0383383377202528
0.038328040821631
0.03831881060594382
0.03831071144582268
0.03830376943071765
0.03829797469773776
0.0382932850858899
0.03828963082487844
0.03828691994338071
0.038285044074860025
0.038283884349980146
0.03828331709119626
0.03828321906409252
0.0382834720881056
0.03828396686283186
0.03828460592161575
0.03828530567830074
0.038285997582990824
0.03828662844613328
0.038287160025453106
0.0382875679962393
0.038287840441774225
0.0382879760075532
0.038287981861075834
0.038287871589578866
0.03828766315258842
0.03828737698624979
0.038287034333765076
0.03828665585260188
0.0382862605259538
0.03828586488453711
0.038285482526232546
0.038285123906035765
0.038284796357690824
0.038284504301339256
0.038284249588370824
0.03828403193502745
0.038283849399626
0.038283698863869134
0.03828357648588503
0.03828347810065847
0.038283399551728436
0.038283336945845216
0.03828328682924751
0.03828324629000539
0.03828321299527387
0.03828318517525208
0.038283161567186634
0.03828314133302406
0.03828312396352363
0.038283109180026816
0.038283096842916954
0.038283086873348485
0.03828307919232921
0.03828307367888934
0.038283070147041624
0.038283068339613646
0.03828306793589002
0.03828306856932995
0.038283069851408856
0.03828307139779472
0.03828307285354448
0.03828307391468045
0.03828307434431046
0.038283073982273284
0.03828307274807321
0.038283070637534874
0.03828306771413153
0.03828306409629557
0.038283059942203115
0.038283055433541595
0.0382830507596609
0.038283046103284916
0.03828304162867152
0.038283037472787766
0.03828303373974183
0.038283030498416346
0.03828302778300355
0.03828302559595192
0.038283023912724014
0.03828302268770776
0.03828302186064485
0.03828302136299675
0.03828302112377222
0.03828302107446411
0.0382830211528742
0.038283021305734875
0.03828302149014946
0.038283021673966716
0.03828302183527042
0.03828302196120519
0.03828302204637449
0.03828302209103296
0.03828302209927512
0.038283022077373906
0.038283022032386795
0.03828302197108998
0.03828302189926383
0.03828302182131207
0.03828302174016891
0.03828302165743195
0.038283021573645555
0.038283021488664366
0.03828302140203146
0.03828302131331626
0.038283021222379074
0.03828302112953657
0.03828302103562697
0.038283020941980085
0.03828302085031066
0.03828302076255903
0.03828302068070504
0.038283020606581133
0.03828302054170613
0.03828302048715703
0.03828302044348935
0.03828302041070913
0.03828302038829597
0.03828302037526839
0.03828302037028292
0.03828302037175326
0.038283020377976935
0.0382830203872579
