1.2737204668145292
1.1225201770505169
1.112816949770873
1.1020692884196828
1.0907508088101319
1.0790383785020758
1.0670186842669358
1.0547417445461786
1.0422398998513138
1.0295359278836373
1.0166469665544202
1.0035865810621134
0.9903659205402443
0.9769943893665596
0.9634800371056943
0.9498297639492524
0.9360493763765447
0.9221434819437166
0.9081151729603208
0.8939654292664648
0.8796922376299399
0.8652897548755036
0.8507486200484825
0.8360591418327792
0.821217259839281
0.8062289231902151
0.7911089797384206
0.7758768047384311
0.7605527822747097
0.745156786887362
0.7297078998240285
0.7142245682628292
0.6987248295701474
0.6832264813850837
0.667747180565304
0.6523044833322656
0.6369158428537135
0.6215985776526636
0.6063698206199961
0.591246455527374
0.576245045918729
0.5613817599088031
0.5466722935245046
0.5321317946271206
0.5177747890405469
0.5036151102111054
0.48966583349306675
0.4759392159628422
0.462446642497009
0.44919857869530094
0.436204531084384
0.4234730148999891
0.41101152961459475
0.39882654225802217
0.38692347847335234
0.375306721165562
0.3639796165398938
0.35294448729361044
0.3422026527161247
0.3317544554597984
0.32159929475173077
0.31173566580690343
0.3021612051590572
0.2928727415410648
0.2838663518286633
0.27513742143002956
0.26668070838441016
0.25849041034771786
0.2505602336029781
0.24288346323753915
0.23545303366637363
0.22826159873711405
0.22130160071418792
0.21456533749717696
0.20804502747758302
0.2017328714778171
0.19562111124834675
0.18970208402698696
0.18396827269238922
0.17841235107607034
0.1730272240378966
0.16780606196227854
0.1627423293991787
0.15782980765689314
0.1530626112523522
0.14843519823752296
0.14394237454352476
0.13957929261174762
0.13534144470675746
0.13122465142172746
0.1272250459864475
0.12333905506470574
0.11956337677776394
0.11589495671177769
0.11233096265956363
0.1088687588133766
0.1055058800692498
0.10224000702992768
0.09906894220791862
0.09599058783807242
0.09300292561524254
0.09010399858113353
0.08729189529861626
0.0845647363739191
0.08192066331865662
0.07935782968537014
0.0768743943622876
0.07446851687506814
0.07213835451479322
0.06988206109160476
0.06769778710128221
0.06558368108676763
0.06353789197726172
0.06155857219314991
0.05964388131483732
0.05779199012680192
0.05600108486410815
0.0542693715065809
0.05259507998522398
0.050976468185690016
0.049411825654147846
0.047899476931248096
0.046437784459609915
0.0450251510289285
0.04366002174008635
0.04234088548523638
0.04106627595448892
0.03983477219141022
0.03864499872894958
0.03749562534463248
0.03638536647895641
0.035312980364013064
0.03427726791062039
0.03327707140188268
0.032311273039361245
0.031378793385182346
0.03047858973970165
0.029609654490032652
0.02877101346007446
0.027961724287848908
0.02718087485116528
0.026427581758025676
0.025700988913883296
0.02500026617396257
0.02432460808540106
0.023673232721012363
0.023045380604010814
0.022440313721067008
0.02185731461956181
0.021295685583831384
0.02075474788450693
0.020233841094693145
0.01973232246665421
0.019249566362815003
0.01878496373520248
0.018337921647881925
0.017907862837449127
0.01749422530717587
0.01709646195094395
0.016714040203608203
0.016346441714889387
0.01599316204429049
0.01565371037485752
0.015327609243855903
0.015014394288619788
0.014713614005950079
0.01442482952350844
0.014147614381682253
0.013881554324395097
0.013626247097326516
0.01338130225198509
0.01314634095407485
0.012920995794601578
0.012704910602204056
0.012497740255258629
0.012299150492402527
0.012108817720252706
0.011926428817256597
0.011751680932799624
0.01158428128090407
0.01142394692807931
0.011270404575117144
0.011123390332862077
0.010982649492214232
0.010847936288837661
0.010719013663243127
0.010595653017082355
0.010477633966629941
0.010364744094536249
0.01025677870100158
0.01015354055555737
0.010054839650637143
0.009960492958084268
0.009870324189674743
0.009784163562642882
0.00970184757107672
0.00962321876392045
0.00954812553017223
0.009476421891717136
0.009407967304078602
