0.8749013326878154
0.16442524283915866
0.15590262797414114
0.1480555352705525
0.14065841856207775
0.1336395872729297
0.1269723707395747
0.12064444296083059
0.11464863273246018
0.10897959125434635
0.10363240030578792
0.09860193402185564
0.09388255206309588
0.08946795372897971
0.08535111680752511
0.08152428409602458
0.07797897827210842
0.07470603448703171
0.07169564462871397
0.06893740977621471
0.06642039889776745
0.06413321278226593
0.06206405275732366
0.06020079404409131
0.05853106368782632
0.0570423229215069
0.05572195360099932
0.05455734803136043
0.053536001127538195
0.052645603466232836
0.05187413343677021
0.05120994643087743
0.05064185885831423
0.05015922475866078
0.04975200290590167
0.04941081256432203
0.04912697643209341
0.04889254977436323
0.04870033526710394
0.048543883611355386
0.04841748050131308
0.0483161210094701
0.048235472863849445
0.04817183041885795
0.04812206135178044
0.048083548247154405
0.048054127262655004
0.04803202600888995
0.04801580263152735
0.04800428786995594
0.04799653159637468
0.04799175502788283
0.04798930946717361
0.04798864208007917
0.04798926887530482
0.04799075472731501
0.04799269999047882
0.04799473300274001
0.04799650757968934
0.04799770446190455
0.047998035603648896
0.04799725017997358
0.047995141238924184
0.047991552029481695
0.04798638118467918
0.04797958612134273
0.04797118421995298
0.047961251556649674
0.04794991916129993
0.04793736695917023
0.047923815709524746
0.047909517375477995
0.047894744441596554
0.047879778737827415
0.0478649003317634
0.047850377019694725
0.04783645488576405
0.04782335031445368
0.04781124374186158
0.04780027532313071
0.047790542584050626
0.0477821000205817
0.047774960516255564
0.04776909836827681
0.04776445365166839
0.04776093760865439
0.04775843872812937
0.047756829176870165
0.04775597125849585
0.047755723605655685
0.0477559468525422
0.04775650858523626
0.047757287423070775
0.04775817614171971
0.0477590838048384
0.047759936922998764
0.0477606797040414
0.04776127349610081
0.047761695552332305
0.04776193726432715
0.04776200201945083
0.0477619028365297
0.04776165992551884
0.047761298301408094
0.04776084556228221
0.04776032991785136
0.047759778529616354
0.0477592161987026
0.04775866441370905
0.04775814074979681
0.04775765859256917
0.047757227146610785
0.04775685167910979
0.047756533943754155
0.04775627272879022
0.047756064475278304
0.04775590391655756
0.04775578469702544
0.04775569993680883
0.04775564271802129
0.0477556064774138
0.04775558529876204
0.0477555741058427
0.04775556876303343
0.04775556609522877
0.04775556384185444
0.04775556056133717
0.047755555502596886
0.047755548459184165
0.04775553961985477
0.04775552942692247
0.04775551845094735
0.04775550728743836
0.04775549647850876
0.04775548645997618
0.047755477532384925
0.04775546985290008
0.04775546344401951
0.047755458214542384
0.04775545398817362
0.0477554505354579
0.04775544760532943
0.047755444953343364
0.04775544236452245
0.04775543966962883
0.04775543675448012
0.047755433562623247
0.04775543009221597
0.04775542638834004
0.04775542253216473
0.047755418628423085
0.04775541479257376
0.047755411138824706
0.047755407769930903
0.04775540476938364
0.04775540219630242
0.04775540008306209
0.047755398435449826
0.047755397234963894
0.047755396442744645
0.04775539600457368
0.04775539585636996
0.047755395929665906
0.0477553961566236
0.04775539647426147
0.04775539682767855
0.047755397172179824
0.04775539747431029
0.04775539771189741
0.04775539787326185
0.04775539795580125
0.047755397964167494
0.047755397908254234
0.04775539780118784
0.047755397657484135
0.04775539749148736
0.047755397316165425
0.04775539714229008
0.04775539697799453
0.04775539682866847
0.047755396697129526
0.047755396583997654
0.04775539648819419
0.04775539640749305
0.04775539633905867
0.047755396279922584
0.0477553962273627
0.047755396179167096
0.047755396133780666
0.047755396090341275
0.04775539604862536
0.047755396008925664
0.0477553959718886
0.047755395938336255
0.047755395909095465
0.047755395884852704
0.047755395866046095
0.04775539585280102
0.047755395844910536
0.04775539584185523
