0.9517936692832799
0.5693538863831613
0.26754699312320535
0.14433635172769277
0.08203232433246746
0.05892272284198305
0.046384795248819055
0.03985434825630576
0.035238073018438947
0.029181755145835
0.026110561989419495
0.021420558077540314
0.018894186459763127
0.01714483241325013
0.015102443252828248
0.013806784042530374
0.012803832182879877
0.0117554908003196
0.010982763266141945
0.01039346140160208
0.009879925454493454
0.009618203116191772
0.009571768337990807
0.009533521481415844
0.009447887061641801
0.009343882586579312
0.009327097305526817
0.009506228555846983
0.0097991977830908
0.009990285867935359
0.009974336418171182
0.009894497813725882
0.010139908206257112
0.010637602183548875
0.010999509868578805
0.01102757217981195
0.010936558400130554
0.01104862920647323
0.011488379585734357
0.011873224528688497
0.011914216415747926
0.011707788330841754
0.011573500989995891
0.011867975017901048
0.01217874130537019
0.012339068664086262
0.012178275768835475
0.01198298057509932
0.012631331009339539
0.013019188171593385
0.014174011297201462
0.013061120209522587
0.012891213752927814
0.01411903426198481
0.015902689044739647
0.01670753293773414
0.016549028043767813
0.014534715495182836
0.01362923649685104
0.01405155742091692
0.01549969510880476
0.016908717971147524
0.016956899558683423
0.015990586830844214
0.015748720323558098
0.01483545017028961
0.01438326315127582
0.014503876209929198
0.015036309322130674
0.015613936420297295
0.01646334368301944
0.01736860166873822
0.016226081978156587
0.017884659974988205
0.018638796890582707
0.01745836191695707
0.016275303736057633
0.015196443319742738
0.01504558639521986
0.015897717416550834
0.015962183187537407
0.014983502765407044
0.014317088741256331
0.014870183866445931
0.015560936219670973
0.015721387522836083
0.01423709278870852
0.013735212260064153
0.01395266463154147
0.014646698668477084
0.015459758159976219
0.015961072024682662
0.01612366118784472
0.0167020270642779
0.01664370355707898
0.01687390114467721
0.015855751145816294
0.016037963147694095
0.01612322753454153
0.015915534676424748
0.016062337241998542
0.016089152689042936
0.01696115048796869
0.0173083820877187
0.017749165177730664
0.018247185649566518
0.01884254102899152
0.01997104334977704
0.019049871813254963
0.021064899695422266
0.022448612509137916
0.021829557810416646
0.021735759110859627
0.020634502490567152
0.02187723450599866
0.02252915329733078
0.022340550797969757
0.021430664126485352
0.022309609284125037
0.023700234102159375
0.023467442026471344
0.023123374647288975
0.023380860415547263
0.025345751365879084
0.03174478453811635
0.024399331063456157
0.02544469327269031
0.03196468126375606
0.02806853622723637
0.032781876339159084
0.03528807726331489
0.039575918927823486
0.04457407322859914
0.048165087873923894
0.04806009432324488
0.04535899246884817
0.04653147029086378
0.05482097682987036
0.05833017331243097
0.05043883082924679
0.05113109552618808
0.05224914843639245
0.04488803091654624
0.046488552750022664
0.04518241012211175
0.04471957186211508
0.0674745668214511
0.059673169301537245
0.07075312130482221
0.0682255369297913
0.06565369772601976
0.05331231860951863
0.06380669307115046
0.060150718697335084
0.059625145521068026
0.05070927668681821
0.05481380624804267
0.06787991869838522
0.0616357446616736
0.060063203603100315
0.05488277153481152
0.074082396763736
0.0730678073595434
0.07093720430282974
0.07177293484005252
0.05951147514000725
0.06359808231408733
0.06567422448721993
0.058656647211850425
0.05844235984208674
0.058432898449212345
0.07013872779128144
0.09186494107424657
0.07095076020038
0.05355446061434939
0.05177779791980647
0.052229644269102406
0.05069285791333433
0.04629261356037903
0.041200768853508415
0.03617561982324978
0.03827862670924226
0.04392342354348462
0.0490568613492848
0.043053386501859005
0.05087360101895108
0.047504562629721185
0.05708378757403451
0.04416068537827252
0.04635421003004
0.04403038150239796
0.043778977453828326
0.038552744548288144
0.04161712712915279
0.04201106456873497
0.04344283692698508
0.04027639649678748
0.044617243555452726
0.04435552072831039
0.0388582846766362
