0.8426927355490283
0.5992460693882901
0.35952902708642104
0.22907779311302906
0.15742894666987975
0.1134252379735713
0.08770197119752256
0.06832027849067704
0.05215424703490309
0.0421787480885621
0.03461328549109142
0.028370139086484877
0.024578701127529842
0.02171687714241816
0.01948670969689255
0.01810233631034012
0.01790705226226189
0.018114460730250956
0.01807822596746456
0.017946424704953123
0.017615400840762976
0.017124803111357428
0.016982011596417594
0.01736302034235457
0.0178834090358483
0.018396646426251568
0.018695845330887115
0.018617846911092247
0.01826343039995052
0.017998495083583203
0.018229850084215352
0.018219261657808083
0.018501324337072775
0.01856253145187211
0.018257464728509414
0.017795842896276032
0.017470433145088303
0.01736370183272327
0.017289985375739666
0.016789094273209754
0.01640140152685276
0.015854951249341873
0.01536465806361709
0.015254631846662816
0.016879695554462705
0.01662318085834124
0.01762208102905715
0.017916257448484744
0.015809679703644997
0.01532607411870888
0.015164525809556585
0.015338045126346173
0.016189491940387803
0.016841381299693044
0.016686297530482164
0.016602560369170745
0.016553958682282363
0.016625758703796907
0.016977621165713018
0.017400767524946723
0.017489537420432355
0.017379625504711595
0.01725130694293682
0.017257180269330947
0.01733798904336557
0.017685734713447324
0.017851413992195385
0.017849046488691046
0.017781726104197055
0.017801969206314765
0.0177366518131515
0.017819526882912433
0.01775597877535665
0.017635698068503177
0.01759122922916644
0.01742748121613567
0.01757098092175945
0.017657500273415564
0.017672560641272827
0.017743168357420108
0.01795724745360361
0.01793906074330517
0.018084470589998656
0.018132706852462988
0.0181400425300551
0.01825918167682906
0.01849383099655903
0.01843100279374336
0.018487401548730898
0.01846437788194527
0.018473926604711928
0.018654458355454092
0.018909214335594705
0.01910818688897708
0.018940099144619554
0.018919810879376775
0.018979088068549935
0.01908214141297344
0.019179789184209314
0.019275741562323697
0.019327956178916847
0.01938890601948673
0.01954555214588772
0.019455681702802565
0.019524575715213155
0.01949265826151697
0.019454151998861132
0.019588270912499206
0.019850684008986937
0.020051697692525326
0.02010127111688553
0.020096720545664703
0.019942608744109393
0.020096133989728447
0.02016698904722289
0.020107463038659734
0.02011182435688529
0.020284423770615394
0.020532348165014543
0.02071051818796882
0.02082012998707494
0.020942450151548126
0.0211272713130273
0.021321182847949073
0.021229153378106307
0.021271710187451776
0.021236010331068953
0.021192593642966082
0.021265210513235
0.021411318567468758
0.0215357523529866
0.02164618961774575
0.02181049681462617
0.022030846356092818
0.022223267669024625
0.02234308941059855
0.02243827202725382
0.02255925393731083
0.022672749356711822
0.02270664676387189
0.02267320981217013
0.022664554629590977
0.022744419066542388
0.02287171813368644
0.02297163821962041
0.023049697508290636
0.023171118177666546
0.023356451023328447
0.023537464644353717
0.023644744773964627
0.023689293669737363
0.023730653527326784
0.023796824244165144
0.02385624570510221
0.023885993416204093
0.02392353032843211
0.024028959447077957
0.024208824806098247
0.02440312222897745
0.024565621851573658
0.02470980362197771
0.024863546105326245
0.02500734172124563
0.025090138320083742
0.025104993270211158
0.025104491413997402
0.025145216080054208
0.0252344740061696
0.025349907489618486
0.02549638796661502
0.02570372023846052
0.025971506291632054
0.026244604296830544
0.026466915984428574
0.026629434908928027
0.02674913768175168
0.0268278680561717
0.02685384848621102
0.026847408209370108
0.02686637614832345
0.02696700630970653
0.02716670382295076
0.027444619412127967
0.027766663042564692
0.02809761963370526
0.028416043709502615
0.028693813063936285
0.028883008745222195
0.028950013905099072
0.02891458040968645
0.028851274243224888
0.028841492199392135
0.02892344908827305
0.02909711415884576
0.02937699629474132
0.029813976596290714
0.030323767834224115
0.03077711500162556
0.03113213331786325
0.031399975408651276
