0.7814174581202488
0.7630548105069365
0.7541266105216148
0.744950011075941
0.7355401014031868
0.7259093531087355
0.716066247261375
0.7060171815805971
0.6957675995481387
0.6853226102488916
0.6746873459102085
0.6638671819034931
0.6528678804524326
0.6416956891109684
0.6303574104135397
0.6188604516759004
0.607212860003828
0.5954233454195514
0.5835012938067536
0.5714567706840208
0.5593005164231315
0.547043933312418
0.5346990647585868
0.5222785668830658
0.5097956727766655
0.497264149713723
0.4846982496833988
0.4721126536640856
0.45952241014137496
0.44694286844634534
0.43438960756535594
0.42187836114196064
0.4094249394533408
0.39704514919535294
0.3847547119500526
0.3725691822357412
0.36050386605104345
0.34857374082049175
0.3367933776292851
0.3251768665994552
0.31373774620917994
0.30248893729258797
0.29144268238036564
0.28061049095384183
0.2700030910888439
0.2596303878630716
0.2495014287942544
0.2396243764686915
0.23000648841320614
0.22065410416069975
0.21157263936230652
0.20276658670978343
0.19423952335166794
0.1859941244172626
0.17803218220448536
0.17035463054156008
0.1629615737985156
0.1558523200023484
0.14902541749874043
0.14247869460285223
0.13620930169061152
0.13021375519911793
0.12448798302883057
0.11902737086980719
0.11382680900814701
0.10888073920554608
0.10418320128343694
0.0997278790824292
0.09550814550673714
0.0915171064013468
0.08774764304594973
0.08419245308406698
0.08084408973755686
0.07769499918605927
0.07473755601744936
0.0719640966793823
0.06936695088327471
0.06693847093108884
0.06467105895186875
0.062557192049713
0.06058944537761546
0.05876051316284858
0.057063227719334364
0.055490576491061705
0.05403571717802602
0.052691991002807304
0.05145293418162267
0.05031228766868834
0.04926400524709962
0.04830226004319771
0.04742144954451033
0.04661619920400428
0.04588136471545701
0.045212033046237665
0.04460352231488518
0.044051380601278556
0.04355138377722545
0.04309953244475384
0.04269204806836502
0.042325368386052276
0.04199614218197534
0.041701223501287576
0.04143766538499871
0.0412027131995818
0.04099379763279609
0.04080852742348151
0.040644681889308365
0.0405002033124543
0.040373189239044205
0.04026188474398318
0.04016467470859508
0.04008007615417852
0.04000673067043703
0.03994339697355764
0.039888943624701856
0.039842341935741765
0.039802659085308
0.03976905146464149
0.039740758269332876
0.03971709534980983
0.03969744933042707
0.03968127200429128
0.03966807500828484
0.039657424780515704
0.03964893780018919
0.039642276108071806
0.03963714310393973
0.039633279615962747
0.03963046023560368
0.03962848991054546
0.03962720078719151
0.03962644929346826
0.03962611345210132
0.039626090413976356
0.03962629420090147
0.03962665364681761
0.03962711052638668
0.03962761785988811
0.03962813838335977
0.03962864317313153
0.03962911041403183
0.03962952430086897
0.039629874063068726
0.0396301531027361
0.039630358236746877
0.039630489033965155
0.03963054723903492
0.03963053627470492
0.03963046081509747
0.03963032642273434
0.039630139242682993
0.03962990574758474
0.03962963252777418
0.03962932612117809
0.03962899287806898
0.0396286388561794
0.03962826974206679
0.03962789079501261
0.039627506810066104
0.03962712209721797
0.03962674047398007
0.03962636526895347
0.03962599933424471
0.03962564506485167
0.03962530442337009
0.039624978968593294
0.03962466988678248
0.03962437802455254
0.03962410392251048
0.03962384784888029
0.039623609832565077
0.03962338969510537
0.03962318708119816
0.0396230014874811
0.039622832289359255
0.03962267876575465
0.03962254012169064
0.0396224155086905
0.039622304042993495
0.03962220482163836
0.03962211693649487
0.03962203948633458
0.039621971587049276
0.039621912380153446
0.03962186103968712
0.03962181677767107
0.039621778848246136
0.03962174655062223
0.03962171923099678
0.039621696283544394
0.03962167715062359
0.039621661322295165
0.03962164833528525
0.03962163777147454
0.039621629256008206
0.03962162245512968
0.03962161707377543
0.039621612853045995
0.03962160956756311
0.039621607022806704
0.03962160505243861
0.03962160351568722
0.03962160229478595
0.03962160129252179
0.03962160042989493
0.03962159964391565
0.039621598885530074
0.03962159811771715
0.03962159731372139
0.03962159645544183
0.0396215955319823
0.03962159453834102
0.039621593474250205
0.039621592343147216
0.03962159115127706
0.03962158990692177
0.03962158861973153
0.03962158730016885
0.039621585959042416
0.03962158460712384
0.039621583254851434
0.039621581912086756
0.039621580587939964
0.039621579290648246
0.03962157802749189
0.03962157680475453
0.039621575627706296
0.039621574500626644
0.03962157342683181
0.0396215724087311
0.03962157144788636
0.0396215705450883
0.03962156970042763
0.039621568913376204
0.03962156818287632
0.039621567507405864
0.03962156688506768
0.03962156631365332
0.039621565790717406
0.03962156531363581
0.03962156487966784
0.03962156448600351
0.03962156412980855
0.039621563808268534
0.03962156351861956
0.039621563258171455
0.03962156302434128
0.03962156281466045
0.039621562626797946
0.039621562458563964
0.03962156230791669
0.03962156217296897
0.03962156205198264
0.03962156194337407
0.03962156184570287
0.03962156175767273
0.03962156167811892
0.03962156160600794
0.0396215615404194
0.039621561480547185
0.03962156142568596
0.03962156137521988
0.0396215613286196
0.03962156128542682
0.039621561245251846
0.039621561207763834
0.03962156117268256
0.03962156113977133
0.039621561108833414
0.039621561079702494
0.03962156105224146
0.03962156102633296
0.039621561001880856
0.03962156097880343
0.039621560957030955
0.03962156093650149
0.039621560917161625
0.03962156089896418
0.03962156088186297
0.03962156086581714
0.039621560850784276
0.03962156083672719
0.03962156082360513
0.039621560811379464
0.03962156080001111
0.039621560789460664
0.03962156077968937
0.039621560770655595
0.03962156076232104
0.03962156075464607
0.03962156074759127
0.03962156074111889
0.0396215607351893
0.039621560729768635
0.039621560724817706
0.039621560720303095
0.03962156071619205
0.039621560712451154
0.03962156070905232
0.03962156070596501
0.039621560703163694
0.03962156070062228
0.039621560698317904
0.039621560696227465
0.0396215606943322
0.03962156069261302
0.03962156069105249
0.03962156068963474
0.039621560688346213
0.03962156068717426
0.03962156068610623
0.039621560685133894
0.03962156068424483
0.0396215606834337
0.039621560682690515
0.03962156068201084
0.03962156068138645
0.039621560680813794
0.03962156068028844
0.0396215606798046
0.03962156067935896
0.039621560678948065
0.039621560678571144
0.0396215606782242
0.03962156067790368
0.039621560677609136
0.03962156067733813
0.039621560677088774
0.039621560676859846
0.039621560676649126
0.03962156067645617
0.03962156067628042
0.039621560676119105
0.03962156067597078
0.039621560675836776
0.03962156067571321
0.03962156067560274
0.0396215606755016
0.039621560675410006
0.039621560675327294
0.039621560675253575
0.03962156067518563
0.03962156067512579
0.039621560675072165
0.03962156067502365
0.03962156067498057
0.03962156067494149
0.03962156067490785
0.03962156067487754
0.03962156067485101
0.03962156067482725
0.03962156067480571
0.03962156067478728
0.039621560674770184
0.03962156067475642
0.03962156067474376
0.03962156067473277
0.03962156067472267
0.03962156067471401
0.03962156067470657
0.039621560674699796
0.0396215606746938
0.03962156067468803
0.03962156067468425
0.03962156067467992
0.039621560674676815
0.03962156067467404
0.0396215606746706
0.03962156067466849
0.03962156067466649
0.039621560674664824
0.03962156067466227
0.03962156067466083
0.03962156067465916
0.03962156067465905
0.039621560674657164
0.039621560674657164
0.0396215606746555
0.039621560674654166
0.03962156067465361
0.039621560674654055
0.039621560674652945
0.039621560674652834
0.0396215606746525
0.0396215606746525
0.0396215606746515
0.03962156067465139
0.0396215606746515
0.039621560674650946
0.039621560674650946
0.039621560674650724
0.03962156067465117
0.03962156067465117
0.03962156067465061
0.0396215606746505
0.0396215606746505
0.03962156067465006
0.0396215606746505
0.039621560674649725
0.039621560674649836
0.03962156067465006
0.039621560674649725
0.03962156067465017
0.039621560674649836
0.03962156067465017
0.03962156067464939
0.03962156067465017
0.039621560674649725
0.039621560674649836
0.039621560674649614
0.039621560674649725
0.039621560674649836
0.03962156067465006
0.03962156067465028
0.03962156067465028
0.03962156067465006
0.039621560674649614
0.03962156067465028
0.03962156067465061
0.039621560674649725
0.03962156067465006
0.03962156067465017
0.03962156067465028
0.039621560674649725
0.03962156067465006
0.039621560674650724
0.03962156067465017
0.03962156067465017
0.039621560674649725
0.03962156067465006
0.03962156067465006
0.039621560674649725
0.039621560674649836
0.039621560674649614
0.0396215606746505
0.0396215606746505
0.039621560674649836
0.03962156067465017
0.039621560674649725
0.039621560674649836
0.0396215606746505
0.0396215606746505
0.03962156067465006
0.03962156067465006
0.03962156067465017
0.03962156067465017
0.039621560674649614
0.03962156067465028
0.039621560674649836
0.039621560674649614
0.03962156067465006
0.039621560674649836
0.03962156067465028
0.039621560674649614
0.03962156067465028
0.0396215606746505
0.0396215606746505
0.039621560674649725
0.03962156067465028
0.039621560674649836
0.03962156067465006
0.03962156067465028
0.039621560674649836
0.03962156067465028
0.03962156067465017
0.039621560674650946
0.039621560674649725
0.03962156067465017
0.03962156067465028
0.03962156067465061
0.03962156067465028
0.03962156067465017
0.039621560674649836
0.03962156067465017
0.039621560674649836
0.03962156067465017
0.03962156067465117
0.0396215606746505
0.03962156067465017
0.039621560674649836
0.0396215606746505
0.0396215606746505
0.039621560674649614
0.039621560674649836
0.039621560674649836
0.03962156067465017
0.03962156067465006
0.03962156067465028
0.039621560674649614
0.03962156067465028
0.03962156067465028
0.039621560674649614
0.039621560674650724
0.03962156067465017
0.039621560674649725
0.03962156067465017
0.03962156067465006
0.03962156067465017
0.039621560674649614
0.03962156067464928
0.03962156067465017
0.03962156067465028
0.039621560674650724
0.03962156067465017
0.03962156067465028
0.03962156067464939
0.03962156067465006
0.039621560674649836
0.03962156067465028
0.0396215606746505
0.039621560674650724
0.03962156067465061
0.039621560674649836
0.03962156067465006
0.039621560674649614
0.039621560674650724
0.039621560674649725
0.039621560674649836
0.03962156067465028
0.03962156067465017
0.03962156067465017
0.03962156067465028
0.03962156067465028
0.039621560674649836
0.03962156067465017
0.03962156067465061
0.03962156067464939
0.039621560674650724
0.039621560674649836
0.039621560674649725
0.039621560674649836
0.039621560674649725
0.039621560674649836
0.03962156067464917
0.039621560674649836
0.03962156067464939
0.039621560674649836
0.039621560674649836
0.039621560674649725
0.03962156067465028
0.039621560674649836
0.039621560674649614
0.03962156067464939
0.03962156067464939
0.03962156067465017
0.039621560674649836
0.03962156067465017
0.03962156067465028
0.039621560674649614
0.03962156067465006
0.03962156067465017
0.03962156067465028
0.03962156067464939
0.039621560674649836
0.039621560674649725
0.03962156067465028
0.039621560674649614
0.039621560674649614
0.03962156067465028
0.03962156067465028
0.039621560674649836
0.039621560674649836
0.039621560674649836
0.039621560674649836
0.039621560674649836
0.039621560674649836
0.039621560674649614
0.03962156067464939
0.03962156067465028
0.03962156067465006
0.039621560674649836
0.039621560674649614
0.03962156067465028
0.039621560674649725
0.03962156067465017
0.039621560674649725
0.03962156067465017
0.03962156067465006
0.039621560674649725
0.03962156067464939
0.039621560674649836
0.039621560674649614
0.039621560674649614
0.03962156067465006
0.03962156067464939
0.039621560674649836
0.039621560674649614
0.039621560674649836
0.039621560674649614
0.03962156067465006
0.039621560674649614
0.03962156067464928
0.039621560674649836
0.03962156067465006
0.03962156067465017
0.039621560674649725
0.03962156067465017
0.039621560674649725
0.03962156067465017
0.039621560674649836
0.039621560674649836
0.039621560674649836
0.039621560674649725
0.039621560674649836
0.039621560674649614
0.039621560674649725
0.039621560674649614
0.039621560674649725
0.03962156067465028
0.039621560674649836
0.039621560674649836
0.03962156067464939
0.03962156067465017
0.03962156067464939
0.039621560674649725
0.039621560674649725
0.03962156067465017
0.03962156067465017
0.03962156067465017
0.03962156067465006
0.03962156067465006
0.03962156067465006
0.03962156067465061
0.039621560674649836
0.03962156067465006
0.039621560674650724
0.0396215606746505
0.03962156067465106
0.039621560674649725
0.039621560674649614
0.039621560674649725
0.039621560674649725
0.03962156067465006
0.039621560674649836
