0.8187653555837706
0.976180133580276
0.9748125814867169
0.9731937653016789
0.9714301386942342
0.9695012287481771
0.9673928543835194
0.9650914099371296
0.9625824288339406
0.9598502896817378
0.9568781700590326
0.9536480589309984
0.9501407868017999
0.9463360667914331
0.9422125480739079
0.9377478849735186
0.9329188252364355
0.9277013208040787
0.9220706641223358
0.9160016526858804
0.9094687841319871
0.9024464837408792
0.894909365647536
0.8868325284051042
0.8781918847502876
0.8689645245002662
0.8591291084597257
0.848666290044081
0.8375591600480884
0.8257937086342149
0.8133592972185941
0.8002491315403415
0.7864607258682562
0.7719963470919735
0.7568634264338491
0.7410749257790121
0.7246496452308286
0.7076124585307988
0.6899944635007315
0.671833035722001
0.6531717752933375
0.6340603387111998
0.614554150671438
0.5947139938399217
0.5746054782894789
0.5542983962218724
0.5338659716254506
0.5133840184744691
0.4929300247513543
0.4725821827606672
0.45241838870581885
0.43251523614526377
0.4129470286039095
0.39378483621294835
0.3750956197775407
0.3569414431876158
0.3393787917226492
0.32245800974873795
0.30622286680517263
0.29071025639602244
0.2759500272135087
0.26196494227978906
0.24877075781836921
0.23637641071534288
0.22478430129657345
0.21399065685207042
0.20398596084014609
0.19475543290352215
0.18627954559105808
0.17853456484517938
0.1714931027266816
0.16512467235954997
0.15939623656770374
0.15427274305524186
0.14971764019864542
0.1456933685531595
0.14216182403351152
0.13908478943802083
0.13642433158325618
0.13414316184514752
0.1322049583996443
0.13057464895113247
0.1292186532482934
0.12810508522123565
0.12720391512670126
0.1264870926468954
0.12592863243414298
0.12550466410736527
0.12519344916717756
0.12497536768691653
0.12483287794410536
0.12475045237278859
0.12471449333959173
0.12471323227754938
0.12473661565844141
0.12477618115645195
0.12482492716517146
0.12487717858937286
0.12492845155563215
0.12497531938431161
0.1250152818510739
0.12504663944908367
0.12506837405173776
0.12508003707697368
0.12508164597332083
0.12507358958856996
0.1250565427469651
0.12503139015153597
0.12499915954542551
0.1249609639094631
0.12491795234237879
0.1248712691636723
0.12482202069598747
0.12477124912207016
0.1247199127693911
0.12466887215125988
0.12461888108482144
0.12457058221176853
0.12452450626493616
0.12448107445127554
0.12444060335717111
0.12440331182396536
0.1243693292881719
0.1243387051307111
0.12431141863118533
0.12428738917542026
0.12426648641622562
0.12424854013747788
0.12423334961951082
0.12422069234870359
0.1242103319555351
0.1242020253029853
0.12419552868056771
0.12419060308856267
0.1241870186219648
0.12418455798455696
0.1241830191802834
0.12418221744218683
0.12418198646868028
0.12418217904325923
0.12418266711725356
0.1241833414361756
0.12418411078906655
0.12418490095730561
0.12418565343493138
0.1241863239870944
0.12418688110685061
0.12418730442383552
0.12418758311107558
0.12418771432921005
0.12418770174019833
0.1241875541159595
0.1241872840609769
0.12418690686206146
0.12418643947323227
0.12418589963898263
0.12418530515520798
0.12418467326367677
0.12418402017323615
0.12418336069872182
0.12418270800706732
0.1241820734589405
0.12418146653376405
0.12418089482566774
0.12418036409820654
0.12417987838602762
0.12417944013245608
0.12417905035277543
0.12417870881402349
0.12417841422318354
0.12417816441679042
0.1241779565461143
0.12417778725316542
0.12417765283384019
0.12417754938552605
0.12417747293732384
0.12417741956193196
0.12417738546886525
0.12417736707930871
0.12417736108338084
0.12417736448097572
0.12417737460763112
0.12417738914708198
0.12417740613226058
0.1241774239365876
0.1241774412573392
0.12417745709284678
0.12417747071518992
0.12417748163987119
0.12417748959383568
0.12417749448302973
0.12417749636048259
0.12417749539575695
0.12417749184641169
0.12417748603196743
0.12417747831071291
0.12417746905953553
0.12417745865687735
0.12417744746876203
0.1241774358377894
