0.7864827913686961
0.18832881196055043
0.17986005089479604
0.17213592809766412
0.16488673947774576
0.15802408972190352
0.15151389491202216
0.14533988868778408
0.13949252312070418
0.13396488554011335
0.12875096646035974
0.12384485032557196
0.11924031608061551
0.11493063854635499
0.1109084963225303
0.10716593996699826
0.10369439610555159
0.1004846938938609
0.09752710591682073
0.09481139878129867
0.09232689053209282
0.09006251317090913
0.08800687926868338
0.08614835207840611
0.08447511875790807
0.08297526634851266
0.08163686006304587
0.08044802325019507
0.07939701815799843
0.07847232635542147
0.07766272742530755
0.07695737434865732
0.0763458638865614
0.07581830025023886
0.0753653504390238
0.07497828981787043
0.07464903678804512
0.07437017575816125
0.07413496802415766
0.07393735059071263
0.07377192338758154
0.07363392572899123
0.07351920321234943
0.07342416653815502
0.07334574394489553
0.0732813290846047
0.07322872621513878
0.07318609455695914
0.07315189356181141
0.07312483067751178
0.07310381297835822
0.07308790377684897
0.07307628505214135
0.07306822623659626
0.07306305960587926
0.07306016223175577
0.07305894419036738
0.07305884248187693
0.07305931991819624
0.07305986808092575
0.07306001334676057
0.0730593249254781
0.07305742385686015
0.07305399196554804
0.0730487798722908
0.0730416132992616
0.0730323970769514
0.07302111644995274
0.07300783547729182
0.07299269251837535
0.07297589297740187
0.07295769963793483
0.0729384210479399
0.07291839850894057
0.0728979922785131
0.07287756761303106
0.07285748125948045
0.07283806895530626
0.07281963441902839
0.07280244021815156
0.07278670079155618
0.07277257778794234
0.07276017776655812
0.07274955219719652
0.07274069959826664
0.0727335695685285
0.07272806840262774
0.07272406593451632
0.0727214032267865
0.07271990071742798
0.07271936644722672
0.07271960401889893
0.07272041998044794
0.07272163037709323
0.07272306627515245
0.07272457812411813
0.07272603888658373
0.07272734592663922
0.07272842170322481
0.07272921336350972
0.07272969137102207
0.07272984733290937
0.07272969120986113
0.07272924810093934
0.07272855479440084
0.0727276562655551
0.07272660228513349
0.07272544427814273
0.07272423254547805
0.07272301393047409
0.07272182998179244
0.0727207156342042
0.07271969840129665
0.07271879805006733
0.07271802670759413
0.07271738933502349
0.07271688449423055
0.07271650532759406
0.07271624067109438
0.07271607622483478
0.07271599571242064
0.0727159819705987
0.07271601792231207
0.07271608739901454
0.07271617579090513
0.07271627051598444
0.07271636130989938
0.07271644034797735
0.07271650221835262
0.0727165437704901
0.07271656386670165
0.07271656306552526
0.07271654326530456
0.07271650733425104
0.07271645875001086
0.07271640126766972
0.0727163386305519
0.07271627433344495
0.07271621144330903
0.07271615247835443
0.07271609934277978
0.07271605331158788
0.07271601505779653
0.07271598471305392
0.07271596195210926
0.07271594609170016
0.07271593619509288
0.07271593117461764
0.07271592988595421
0.07271593120949202
0.07271593411570927
0.07271593771306144
0.07271594127826535
0.07271594427003987
0.07271594632827445
0.07271594726123573
0.072715947023775
0.07271594568960653
0.07271594342059995
0.07271594043573601
0.07271593698194073
0.07271593330850624
0.07271592964626004
0.0727159261921147
0.0727159230991375
0.07271592047186455
0.07271591836625547
0.07271591679345339
0.07271591572638197
0.07271591510817389
0.07271591486145991
0.07271591489765523
0.07271591512552569
0.07271591545849732
0.07271591582035727
0.0727159161491789
0.07271591639946813
0.07271591654266425
0.07271591656623654
0.07271591647168198
0.07271591627176904
0.0727159159873682
0.07271591564419129
0.07271591526971201
0.07271591489048003
0.07271591452997901
0.07271591420710616
0.07271591393529296
0.07271591372222823
0.07271591357010736
0.07271591347629874
0.07271591343430223
0.07271591343487561
0.0727159134672052
0.07271591352001981
0.07271591358256323
0.07271591364536872
0.0727159137008027
0.07271591374337066
0.07271591376979693
