1.85556733908442
1.8395393280481367
1.8332572338503628
1.8260518630079707
1.8179275738750795
1.8089400339171464
1.7992207699492657
1.788643461312876
1.7770146259013164
1.7650317807445388
1.752089053428568
1.7379466524762985
1.7228653519218993
1.706953180629479
1.6897047783753147
1.67170263728572
1.653015803242424
1.6336197983291953
1.6135334578786638
1.5928591787320452
1.5715697149234498
1.5497310308779189
1.5273215217955227
1.5037459228668284
1.4785736952595474
1.4528007914240733
1.4261131543236458
1.3983535407602985
1.3700076689937828
1.341066183424265
1.3114285360821383
1.2812205741826133
1.250499730736207
1.2193223569451441
1.1876904454645227
1.155730331494635
1.1234918809557288
1.091039445705576
1.0584713820882248
1.0256004095684643
0.9926284796728674
0.9601177689269575
0.9276675331244733
0.8953095747486951
0.8627153532353268
0.8307006226010081
0.7988061821519655
0.7672520975581815
0.7345430545928113
0.7002115451582841
0.6662858998575374
0.6328557443705117
0.6002896156320243
0.5674744038465543
0.5352770505582102
0.5036360700205988
0.47251045398736774
0.4423184070824979
0.4126225733810481
0.38411105115155314
0.3564664026005592
0.3301128032509957
0.3051691344620254
0.2817840417692234
0.2581362979413895
0.2359622123511106
0.2158481015304686
0.19786935714850545
0.18104967734735186
0.16601341437121425
0.15327648134141825
0.14253442887033482
0.13239687748824336
0.11980023889651059
0.109328289763207
0.10064073286418539
0.09311651363474882
0.0862110545575872
0.08089641583851258
0.07672924763022676
0.0731823650403628
0.06896687640595459
0.06608194469395393
0.06418901327137992
0.0620978567768424
0.059001752918399264
0.05543285937811164
0.05169083029821826
0.04920504157146177
0.04656981546959783
0.044367964803317464
0.043272630857322934
0.04249316328861723
0.04263140072104523
0.042634369938974945
0.04259627851638487
0.04293986215064677
0.041706067482918475
0.03981304967475778
0.0389488564696435
0.03806507968221576
0.0378924961928597
0.038590434854551214
0.039108805098017244
0.039375298896539526
0.038556880519476595
0.03853406892956142
0.03923054735574947
0.04042362235364186
0.040643370377305914
0.04089178774434843
0.04031186788996881
0.039866574654595775
0.039442075021262166
0.03863908160946889
0.03818462404290702
0.038321264155926224
0.03900548115601448
0.03976698758747788
0.04072433821008339
0.04206539336441373
0.04271741595249913
0.0426131201964405
0.041656551467544045
0.04138881243741106
0.040847417990414865
0.04073844859685066
0.04179596672865928
0.041049606394763107
0.04185206198452793
0.043583844440939074
0.045245567336264676
0.04596062689975758
0.044878145260922805
0.04436531974855398
0.04464400201292323
0.04450715544354732
0.045038600256539774
0.04584611651432926
0.04585654975766521
0.04589911479782608
0.04561224207651751
0.04614385124817377
0.046559617303083486
0.046503133610349676
0.046529231887848625
0.045815862407725984
0.0455453757802278
0.04610734933457812
0.04716734860606208
0.047726857256604076
0.04791348493185019
0.04846245677115237
0.04847975311884833
0.04809664253806357
0.04766942825539147
0.04772360217424662
0.048546545028934775
0.049189138857613536
0.049591180702395404
0.04904892101379644
0.04918251238291605
0.049683097453568185
0.0505752431963815
0.05134191747326566
0.05188632212366707
0.05283028775089602
0.052299513695127066
0.0515371200356206
0.050502723615907345
0.049997797665520156
0.05030055196024769
0.05101832427437274
0.05220220672887298
0.05260754415611999
0.05334073248379281
0.05468106453595206
0.05549285926412041
0.05497835369923426
0.05575220895671166
0.05404234437933811
0.05208785089051206
0.051107417440435406
0.05117433473496629
0.052175108643892285
0.05320478544497252
0.054796577977579836
0.057248356052709
0.05665344777096301
0.05558107660310337
0.05510894371685006
0.05505658169552339
0.05521778342968735
0.05593687230900049
0.05702207190487508
0.056621027032665444
0.05693658591661671
0.05752648702667843
0.057885406011158755
0.057674958870341006
