0.9994836202755435
0.9994103373929799
0.9993188815069945
0.9992060356593986
0.9990681615654373
0.9989015558574611
0.9987019272094685
0.998464740453223
0.9981851832478666
0.9978574584412264
0.9974757240231725
0.9970321651404398
0.9965195427005255
0.9959289225087506
0.9952522922621914
0.9944782033221904
0.9935968194587952
0.9925955302661699
0.9914640549315115
0.9901859849080399
0.9887457684258159
0.987128220900748
0.9853140861099069
0.9832885318105947
0.9810340008614576
0.9785255992232429
0.9757510127642116
0.9726769787773513
0.9692852581981584
0.9655566888668883
0.9614615871883585
0.956978302636996
0.9520606399157624
0.9467135268138409
0.940894698638722
0.9345920154079546
0.927798817924218
0.9204794494848179
0.9125906811382509
0.9041601038787866
0.895172584829847
0.885582474318256
0.875401039954238
0.864630075770233
0.8532586461855592
0.8412330827609871
0.8286375701219989
0.8154605403021704
0.801633676020637
0.7872216685186662
0.772302242182078
0.7568845529267015
0.7409869956358309
0.7246094699115827
0.7078042282553845
0.6905784968411816
0.6730094598671496
0.6551374354229005
0.6369271588330696
0.6184920717197757
0.5998641489421128
0.5810401559216016
0.5619875168943197
0.5428380847359406
0.523588544352847
0.5042787444852491
0.48485470002038944
0.46545404400595014
0.44605697204020245
0.4266970054184033
0.40736384544813153
0.38814077296390825
0.36906740400102533
0.35017357789511794
0.331502557068865
0.3131065192335182
0.29491902463672903
0.27705822803162916
0.25945528900054005
0.24207307837575498
0.22510783341981133
0.20864592294139161
0.1927221674891304
0.17740021736424172
0.16258488841231122
0.14834000535311298
0.13475126419991534
0.12191631898417654
0.10978115328445748
0.09839831626761564
0.0878060186441817
0.0780107521279827
0.0690383893731702
0.060856494759976565
0.053494184867525885
0.04694861983126286
0.04106739024815953
0.0358311608021995
0.03121565296873907
0.027214491592149948
0.023777554711401305
0.020849642370310062
0.01842247820174403
0.016356560366611705
0.014682527015661528
0.013325405919869637
0.012235788556334004
0.011367536294053515
0.010682671911222852
0.010112417181681321
0.009679233311541413
0.009419440048667016
0.009207540251668922
0.009071250987685575
0.008933654014557924
0.008831452855495803
0.00872418731793978
0.008630660981933103
0.008623596966476743
0.008592328900475343
0.008513750107617568
0.008449693126398317
0.008403000258466853
0.008334483117644065
0.008217710442252835
0.008135922756887015
0.008059122306796285
0.007928807676804484
0.00783424236576713
0.007843076427979323
0.007864615082392667
0.007878284028960847
0.00788277699521367
0.007911107226762804
0.00800933495495415
0.0080544634973303
0.008154441441501792
0.008201329736626017
0.008211849030143936
0.008173470428529228
0.008150771036110838
0.008102320966866361
0.008098267070089427
0.008168309235081717
0.008316070998523162
0.008459911188407276
0.008585546079060702
0.008682275979096321
0.008663433224920247
0.008698135443321875
0.00875440733586652
0.008742119137526205
0.00871479137356912
0.008731651795393813
0.00880403124507756
0.009004941463622185
0.00912857599263106
0.009167277373688387
0.009147425356724748
0.009128272959809114
0.009207528362230821
0.009264296788515147
0.009228435309412308
0.009049431123131613
0.0090386621972538
0.009023701084363123
0.009066379857399554
0.009178080292552848
0.00929374762057733
0.009421743288770212
0.00952523541332806
0.009566071673171028
0.009563046981639123
0.009533391135838398
0.00950022193545863
0.009484014223815618
0.009528981742099596
0.009663303403860124
0.009708386375180789
0.00982445914186414
0.009919981926405863
0.010001940723423641
0.010038133255054982
0.010015222393312206
0.010040012691381994
0.009869515053209876
0.009756036170555982
0.009703625771100954
0.009717036472987495
0.009753710569254337
0.009788306491826382
0.009873850427047248
0.009984603919819257
0.009988984740400997
0.010094393409765812
0.010041171470778432
0.010036663048111905
0.010013498340095572
0.009908603508593572
0.009839491315332793
