1.3322942522954193
1.1557925460869691
1.1466340159157946
1.135220359132854
1.122685742221159
1.1094474349156467
1.0957119789802816
1.0816002206196802
1.067191243077576
1.0525412152765456
1.0376926050905773
1.022679113387165
1.0075285002204846
0.9922642882752916
0.9769068278154671
0.9614739744621181
0.9459815144429208
0.9304434114463298
0.9148719219938728
0.8992776272380656
0.883669459171022
0.8680548453823956
0.8524401034979632
0.8368311011797973
0.821233977757437
0.805655613241287
0.7901036931871654
0.7745864786005365
0.7591124871477146
0.74369022179342
0.7283279864478199
0.7130337780197171
0.6978152335943238
0.6826796164479849
0.6676338315960116
0.6526844662106916
0.6378378521288721
0.623100147278689
0.6084774305430748
0.5939758003301757
0.5796014607470119
0.5653607718089332
0.5512602404859552
0.537306479036043
0.523506387261877
0.5098683927788191
0.4964057536052517
0.4831399342299902
0.4700985940165976
0.4573089675959182
0.444793285138517
0.4325678824204657
0.4206439038345471
0.40902819456002015
0.397724020231085
0.3867316136315991
0.3760485961700364
0.36567029895832204
0.3555899840283199
0.34579895937202876
0.33628662038644325
0.32704060437627325
0.31804755813751207
0.3092950803111876
0.30077412338529225
0.292479473043179
0.28440767884456086
0.2765547226696656
0.26891494778194064
0.26148098888226756
0.2542441095107575
0.24719463608259476
0.24032237167753598
0.23361693797309144
0.22706802794897607
0.22066565814824707
0.214400815111386
0.20826724235731353
0.20226418580248814
0.19639714205408718
0.19067451743553906
0.1851033111702943
0.17968693383146403
0.1744249303416786
0.16931350099607792
0.16434624329858866
0.159514927513446
0.15481026511044316
0.1502227163364341
0.14574349880719312
0.1413660113069862
0.13708748668191784
0.13290971891033868
0.1288376723338574
0.12487669074147373
0.12103016584541848
0.11729848821681046
0.11367900712964725
0.11016653878595434
0.10675413884169675
0.10343402016797536
0.1001986050552141
0.0970417250196351
0.09395979824616849
0.09095243574688765
0.08802188720307462
0.08517146969675463
0.08240383993366404
0.07971983210515196
0.07711803644017039
0.07459497797521401
0.07214570621378792
0.06976464743041716
0.0674466001386167
0.0651877232370407
0.06298626570862415
0.06084271631395905
0.05875920517184685
0.05673836802416817
0.05478215786603938
0.052891021772270466
0.051063605548246106
0.049296945036449644
0.04758701473783577
0.04592948089679303
0.04432049259929624
0.0427573224223589
0.04123866761966458
0.039764502289768716
0.03833553865746827
0.03695251629901677
0.035615581051228376
0.0343239352522555
0.03307581788121221
0.0318687735503402
0.030700108573771978
0.02956739972544021
0.028468910049907956
0.027403785313174264
0.026371968380540452
0.02537386800563181
0.024409908875766467
0.023480122664018464
0.02258390522020397
0.021719992982143905
0.020886639268830474
0.02008191871645836
0.019304060771062156
0.01855171149388353
0.01782404827269439
0.017120721589243465
0.01644165743707643
0.01578679951093885
0.015155882900870091
0.01454830921733167
0.013963151054725401
0.013399269630347679
0.012855496444505862
0.012330814587913269
0.011824480164757822
0.011336047608594113
0.010865297441329727
0.010412098916304614
0.009976259966563365
0.009557416138812511
0.009154991398451093
0.008768236173628199
0.008396322233905445
0.008038457680138406
0.007693982226299015
0.007362412965084158
0.007043430054101104
0.006736813281801575
0.006442356423630292
0.006159791217765666
0.005888745955939755
0.0056287489396377
0.005379270518494159
0.005139784874396566
0.004909827825814506
0.004689030597940197
0.004477119831141299
0.004273887008725278
0.0040791411328215
0.0038926631319729944
0.003714177992674771
0.003543352638228439
0.0033798176126840366
0.003223202405743675
0.003073170453793219
0.0029294413597234204
0.0027917936804137946
0.0026600492900902117
0.0025340468917438765
0.002413615396358907
0.0022985567873496557
0.002188643583293532
0.0020836301242533983
0.0019832719294776676
0.0018873450177869554
