1.0856595643230096
1.0808326157377868
1.0789795719395774
1.0768556939213227
1.074539765706958
1.0719717961080253
1.069051460323449
1.06590081776006
1.0623931334808696
1.058514691923194
1.0541049994582044
1.049417831462029
1.0444070870388993
1.039058018588907
1.0334103863974904
1.0274889842695887
1.021304833779563
1.0149014331964017
1.0082469024994896
1.0012683534837066
0.9936864045779321
0.9858231441175641
0.9776443234507491
0.9692755053825904
0.960725679391762
0.9520060439231105
0.9430237534904212
0.9338982814207119
0.9246229886081875
0.9152335392070594
0.9056898279686003
0.8960557006879967
0.8861455381880524
0.8760982406787181
0.8659535431865465
0.8557617825270704
0.8450987759519133
0.834628285051939
0.8241469691884956
0.8136737958356943
0.8029906478831768
0.7923333229757247
0.7814846010219083
0.7707032075007949
0.7600578170363848
0.7494768921209379
0.7389321721140745
0.728403533277128
0.717901706769363
0.7074427251863328
0.6970504131935303
0.686752290387057
0.6765752297722221
0.6664429385369812
0.6565152544096691
0.6467870993809268
0.6372589286551725
0.6279592068190133
0.618905124950998
0.6100962994237589
0.6015680385480796
0.5933443228434558
0.5854325064836086
0.5777203547873652
0.570348228114196
0.5633211939910608
0.5565994195212325
0.5502197384007896
0.544178540361583
0.5384806833280801
0.5330511158177474
0.5279771931494943
0.5232597508496025
0.5189206236097699
0.5149474489188952
0.5112193731396962
0.5078278209215664
0.5047539363496999
0.5019826438062527
0.4994998773111866
0.49720043766325384
0.49516954921803796
0.49339334925750106
0.49184713848348016
0.49044070325239475
0.4892258605216038
0.4881850410508462
0.48731422992742557
0.48654489095315523
0.48602048919105145
0.4852963514122324
0.48479010275235634
0.48442535706192846
0.4839574524060826
0.4837441721487193
0.4837432301724582
0.48371521875936313
0.48331552184670845
0.4830131796999675
0.48283616767123294
0.4827163931453404
0.4823758801494018
0.4822012058594411
0.48218520271384485
0.48232487730647583
0.4821201371057005
0.4821146552229993
0.4823209889181437
0.4827819382693265
0.4823738185207268
0.4822843131100921
0.4824231023406257
0.482726551146668
0.4832591215263303
0.483673544181286
0.48361103460420485
0.4824564047403913
0.48184566225034875
0.4813949492085168
0.48132853142248827
0.4814389549315521
0.4817866382856516
0.4821810076377762
0.48270858617218315
0.48241403659774457
0.4822856262654035
0.48206949914794583
0.48207330814698074
0.4822073234703944
0.48262827969446553
0.4823499723906827
0.4822411004181789
0.4823044258145625
0.482041496434467
0.4818709800322818
0.4818109744812968
0.4820050943662148
0.48242521867758686
0.4830454516636661
0.48283191402239684
0.4828112646243249
0.48280808578031287
0.4830048435515439
0.4826910038417124
0.4825994978676643
0.48272015865612694
0.4830422644488538
0.4833844901720109
0.4831149870511984
0.4830690481683317
0.483232321798873
0.48340654342587774
0.48378408645117027
0.4839525026590381
0.4843597376181936
0.4848537293129063
0.485505647602238
0.4884223861209419
0.4885078963028143
0.48836561570131953
0.48827506556541533
0.48827870560410047
0.4880880128686972
0.4878968372320189
0.4878865400254086
0.4874492006632105
0.4872219790843526
0.48699614598677443
0.4869666975133301
0.48686953848133124
0.4869656600679504
0.4872395148243484
0.4871895528681957
0.4873562388637949
0.48772300061983315
0.4879920497454588
0.4882110972747708
0.48860346440820085
0.488849402381052
0.48887013425502873
0.4891140093920009
0.48960275312543305
0.4903505808626353
0.4913941898015427
0.49230874739631625
0.49363225211718625
0.49727630736639217
0.49615575593208905
0.4955591640796339
0.49533313921447847
0.49499695438809677
0.49465755380562476
0.49431181400631374
0.4939108748391496
0.49347272397986663
0.49326636322612577
0.4929922746875376
0.49259440914091585
0.492249941920133
0.49209013972021076
