1.3280611233247321
0.07981375330483743
0.07476988899416248
0.06879332555997407
0.06267669886957333
0.05669234780183139
0.050967827345735704
0.045571392611561644
0.040541244024798466
0.0358979675380019
0.0316506558904863
0.027800272166368867
0.024341674995018884
0.021264940019231127
0.018556287916759073
0.016198782730084346
0.014172893338197911
0.012456974340176669
0.011027702224067732
0.009860489942730704
0.008929893860295437
0.008210019669458711
0.007674927684526695
0.0072990328367626145
0.00705749090553411
0.0069265601925030005
0.006883927074646741
0.006908984604703229
0.006983055365661392
0.00708955279423287
0.00721407872893656
0.007344458524922127
0.007470718245889952
0.0075850108276891955
0.007681499502948324
0.007756207166857595
0.007806839916384581
0.007832592004141159
0.007833938263720136
0.007812419009283897
0.007770421719205163
0.007710963579512105
0.007637479144764825
0.007553617809215884
0.007463056231537854
0.007369331065287953
0.0072756970986309405
0.007185015075693912
0.007099672055395033
0.0070215352855644295
0.006951938458193961
0.0068916971508794994
0.006841148534749361
0.006800209268252312
0.006768445027741939
0.0067451453595035295
0.006729398369807275
0.006720161009515969
0.006716322123013194
0.006716756785456502
0.006720371560181103
0.006726141056967126
0.006733136536674567
0.006740547344178103
0.006747695773584104
0.006754045716781394
0.006759205248349492
0.006762923248031093
0.006765080291932139
0.006765674332758994
0.006764802068484784
0.006762637273322242
0.006759407640467784
0.006755371791906151
0.006750798014946183
0.006745946000850804
0.006741052439468337
0.0067363208413345164
0.006731915497429862
0.006727959116521076
0.006724533444749585
0.0067216820836414086
0.006719414762404809
0.0067177124477482
0.006716532839508997
0.0067158159566330705
0.006715489632653297
0.006715474799127781
0.006715690444804742
0.006716058116955866
0.006716505804891546
0.006716971037504467
0.0067174030513412275
0.0067177639456017955
0.006718028826394503
0.006718185037255439
0.00671823065657953
0.006718172498470415
0.006718023872148608
0.006717802336116953
0.006717527634755232
0.00671721994031597
0.006716898457328427
0.006716580391730494
0.0067162802511185025
0.0067160094267702
0.006715776008698572
0.006715584794848473
0.006715437466951894
0.006715332912520122
0.006715267672170024
0.006715236484617806
0.006715232891564271
0.006715249855841591
0.0067152803426293135
0.006715317817533877
0.006715356626758675
0.006715392241216897
0.006715421364654432
0.0067154419218861785
0.006715452954192465
0.006715454453442891
0.006715447164986589
0.0067154323835246785
0.006715411758469919
0.0067153871180209756
0.006715360315912741
0.006715333102117142
0.006715307018246267
0.00671528331902626
0.006715262921784467
0.0067152463855322435
0.006715233919617204
0.006715225419324423
0.0067152205229348075
0.006715218682435836
0.006715219238989177
0.006715221494682314
0.006715224773864935
0.006715228469991351
0.006715232076676729
0.006715235204008096
0.006715237582635934
0.006715239058710953
0.006715239582508094
0.0067152391929402285
0.006715237999473136
0.006715236162490122
0.006715233873009588
0.00671523133277192
0.006715228735914823
0.006715226253544035
0.006715224022359664
0.006715222138075572
0.006715220653760801
0.006715219582583375
0.0067152189039095325
0.006715218571426401
0.006715218521949577
0.00671521868380694
0.006715218984061744
0.006715219354222
0.006715219734395247
0.006715220076028052
0.006715220343425507
0.006715220514220323
0.006715220578911635
0.006715220539567693
0.006715220407808103
0.006715220202246189
0.006715219945642448
0.0067152196620703765
0.006715219374394058
0.006715219102297741
0.00671521886100374
0.00671521866069773
0.006715218506572677
0.006715218399338803
0.0067152183360213655
0.006715218310888944
0.006715218316395274
0.00671521834406379
0.006715218385277538
0.006715218431957377
0.00671521847711206
0.006715218515241939
0.006715218542575024
0.006715218557124955
0.006715218558573621
0.006715218548005878
0.0067152185275422245
0.006715218499927782
0.006715218468134591
0.0067152184350228634
0.0067152184030892055
0.006715218374308278
0.00671521835006058
0.00671521833112764
0.006715218317736869
0.0067152183096384
