0.80638506400328
0.7290373987071563
0.728053994021822
0.7270677648083057
0.7260791011044896
0.7250881490908891
0.7240949715310224
0.7230995947962424
0.7221020269910794
0.7211022662076014
0.7201003047484351
0.7190961314850222
0.7180897332688605
0.7170810958250364
0.7160702043450762
0.715057043895929
0.7140415997113234
0.7130238574047468
0.7120038031282243
0.7109814236923029
0.7099567066573838
0.7089296404032608
0.7079002141816655
0.7068684181552476
0.7058342434255263
0.7047976820517428
0.7037587270621062
0.7027173724586344
0.7016736132165757
0.7006274452792282
0.6995788655488611
0.6985278718743455
0.697474463036015
0.6964186387282351
0.6953603995400881
0.6942997469345411
0.6932366832264336
0.6921712115595653
0.6911033358831544
0.6900330609278884
0.6889603921817764
0.6878853358659738
0.6868078989107382
0.68572808893165
0.6846459142062056
0.683561383650886
0.6824745067987779
0.6813852937778035
0.6802937552896293
0.6791999025892705
0.6781037474654401
0.6770053022216458
0.6759045796580574
0.6748015930541427
0.6736963561520686
0.672588883140863
0.6714791886413229
0.6703672876916515
0.6692531957338064
0.6681369286005364
0.667018502503081
0.6658979340195113
0.6647752400836784
0.6636504379747512
0.6625235453073055
0.6613945800219445
0.6602635603764184
0.659130504937218
0.6579954325716124
0.6568583624401063
0.6557193139892903
0.654578306945061
0.6534353613061814
0.6522904973381696
0.651143735567475
0.6499950967759451
0.6488446019955403
0.647692272503289
0.6465381298164692
0.6453821956879806
0.644224492101918
0.6430650412693022
0.6419038656239799
0.6407409878186596
0.6395764307210812
0.6384102174103035
0.637242371173103
0.636072915500465
0.6349018740841699
0.6337292708134492
0.6325551297717256
0.6313794752334019
0.6302023316607162
0.6290237237006424
0.6278436761818362
0.6266622141116138
0.6254793626729713
0.6242951472216245
0.6231095932830739
0.6219227265496934
0.6207345728778284
0.6195451582849072
0.6183545089465663
0.6171626511937778
0.6159696115099798
0.614775416528212
0.6135800930282465
0.6123836679337185
0.6111861683092541
0.6099876213575881
0.608788054416677
0.6075874949568056
0.6063859705776806
0.6051835090055169
0.6039801380901102
0.6027758858018988
0.601570780229016
0.6003648495743232
0.5991581221524376
0.5979506263867376
0.5967423908063649
0.5955334440432016
0.5943238148288428
0.5931135319915495
0.5919026244531871
0.5906911212261581
0.5894790514103099
0.5882664441898353
0.5870533288301618
0.5858397346748223
0.5846256911423162
0.5834112277229582
0.5821963739757168
0.5809811595250371
0.5797656140576541
0.5785497673193998
0.5773336491119925
0.5761172892898248
0.5749007177567327
0.5736839644627694
0.5724670594009571
0.5712500326040424
0.5700329141412372
0.5688157341149607
0.5675985226575693
0.5663813099280877
0.5651641261089291
0.5639470014026171
0.5627299660285063
0.5615130502194934
0.5602962842187318
0.5590796982763473
0.5578633226461494
0.5566471875823473
0.5554313233362598
0.5542157601530369
0.5530005282683816
0.5517856579052653
0.5505711792706667
0.5493571225522915
0.5481435179153227
0.5469303954991571
0.5457177854141593
0.5445057177384232
0.5432942225145359
0.5420833297463588
0.5408730693958126
0.5396634713796746
0.5384545655663902
0.5372463817728923
0.5360389497614355
0.5348322992364436
0.5336264598413736
0.5324214611555875
0.531217332691249
0.5300141038902302
0.5288118041210348
0.5276104626757441
0.5264101087669766
0.5252107715248668
0.5240124799940669
0.5228152631307645
0.5216191497997229
0.5204241687713453
0.5192303487187546
0.5180377182149027
0.5168463057296999
0.5156561396271686
0.51446724816262
0.5132796594798561
0.5120934016084016
0.5109085024607549
0.509724989829673
0.5085428913854741
0.5073622346733793
0.5061830471108753
0.5050053559851042
0.5038291884502903
0.5026545715251867
0.501481532090563
0.5003100968867122
0.49914029251099834
0.4979721454154291
0.49680568190426555
0.4956409281316555
0.4944779100993133
0.49331665365421784
0.49215718448635537
0.49099952812649084
0.4898437099439712
0.48868975514457225
0.4875376887683679
0.48638753568764737
0.4852393206048564
0.48409306805058294
0.4829488023815719
0.4818065477787846
0.4806663282454823
0.479528167605362
0.4783920895007151
0.4772581173906334
0.4761262745492435
0.4749965840639888
0.47386906883394
0.47274375156815196
0.47162065478404946
0.47049980080585796
0.4693812117630727
0.46826490958896094
0.4671509160191084
0.4660392525900007
0.4649299406376449
0.46382300129623055
0.4627184554968279
0.4616163239661223
0.46051662722519904
0.45941938558835305
0.4583246191619402
0.45723234784327993
0.45614259131957957
0.4550553690669076
0.4539707003492037
0.4528886042173291
0.4518090995081483
0.4507322048436615
0.4496579386301641
0.44858631905745017
0.4475173640980544
0.4464510915065294
0.4453875188187658
0.4443266633513431
0.4432685422009274
0.4422131722436953
0.4411605701348059
0.44011075230790564
0.439063734974669
0.43801953412437833
0.43697816552353574
0.4359396447155204
0.43490398702027566
0.43387120753402464
0.4328413211290435
0.4318143424534463
0.4307902859310192
0.4297691657610875
0.4287509959184087
0.42773579015311813
0.42672356199068695
0.42571432473193027
0.42470809145304134
0.42370487500566145
0.42270468801698147
0.4217075428898751
0.4207134518030683
0.4197224267113362
0.41873447934573427
0.41774962121385817
0.4167678636001404
0.41578921756616694
0.4148136939510382
0.4138413033717432
0.4128720562235807
0.4119059626805933
0.4109430326960447
0.4099832760029104
0.4090267021144117
0.408073320324565
0.4071231397087637
0.4061761691243896
0.4052324172114402
0.40429189239319785
0.40335460287690816
0.40242055665449594
0.4014897615032964
0.4005622249868218
0.39963795445553707
0.39871695704767807
0.39779923969007147
0.3968848090989946
0.3959736717810519
0.3950658340340679
0.3941613019480106
0.39326008140592683
0.39236217808491103
0.3914675974570766
0.39057634479056413
0.38968842515055446
0.3888038434003174
0.387922604202258
0.38704471201900015
0.38617017111447793
0.3852989855550434
0.3844311592105971
0.383566695755731
0.38270559867088616
0.3818478712435335
0.3809935165693571
0.3801425375534645
0.3792949369116071
0.3784507171714083
0.3776098806736181
0.376772429573366
0.37593836584144025
0.3751076912655692
0.37428040745172064
0.3734565158254104
0.37263601763302157
0.3718189139431368
0.37100520564787653
0.37019489346425616
0.36938797793553824
0.36858445943261076
0.36778433815535994
0.3669876141340611
0.3661942872307732
0.36540435714074226
0.36461782339381055
0.36383468535583274
0.36305494223010715
0.36227859305879884
0.3615056367243792
0.3607360719510674
0.3599698973062787
0.3592071112020754
0.3584477118966244
0.35769169749565743
0.356939065953939
0.356189815076732
0.35544394252127
0.35470144579823293
0.35396232227322644
0.3532265691682587
0.3524941835632237
0.35176516239738376
0.35103950247085935
0.35031720044611003
0.34959825284942436
0.3488826560724064
0.34817040637346686
0.3474614998793075
0.34675593258641135
0.3460537003625318
0.345354798948175
0.34465922395808934
0.3439669708827472
0.3432780350898331
0.3425924118257174
0.341910096216942
0.34123108327169394
0.3405553678812834
0.33988294482160997
0.339213808754637
0.3385479542298562
0.3378853756857476
0.3372260674512436
0.3365700237471788
0.3359172386877446
0.3352677062819359
0.3346214204349952
0.3339783749498466
0.3333385635285361
0.33270197977365346
0.3320686171897612
0.33143846918481035
0.3308115290715553
0.3301877900689588
0.32956724530359505
0.3289498878110507
0.3283357105373027
0.3277247063401144
0.32711686799040596
0.3265121881736288
0.3259106594911264
0.3253122744614946
0.3247170255219336
0.32412490502958724
0.3235359052628852
0.3229500184228681
0.32236723663451317
0.32178755194804376
0.321210956340246
0.3206374417157569
0.3200669999083653
0.3194996226822918
0.3189353017334642
0.31837402869079134
0.31781579511741176
0.3172605925119608
0.3167084123097995
0.31615924588425914
0.3156130845478655
0.3150699195535558
0.31452974209589
0.313992543312254
0.31345831428404514
0.3129270460378678
0.3123987295466947
0.3118733557310446
0.3113509154601344
0.3108313995530264
0.3103147987797735
0.3098011038625428
0.30929030547674274
0.3087823942521307
0.3082773607739221
0.30777519558388067
0.3072758891814008
0.30677943202459124
0.3062858145313374
0.305795027080355
0.3053070600122446
0.3048219036305301
0.30433954820268194
0.30385998396114766
0.30338320110435324
0.30290918979770964
0.30243794017460746
0.30196944233739564
0.3015036863583589
0.30104066228068016
0.3005803601193966
0.3001227698623459
0.299667881471105
0.2992156848819133
0.2987661700065969
0.2983193267334697
0.29787514492824263
0.2974336144349059
0.29699472507661395
0.29655846665656205
0.2961248289588386
0.2956938017492895
0.2952653747763584
0.2948395377719226
0.29441628045211987
0.29399559251816576
0.29357746365716386
0.29316188354290296
0.29274884183664984
0.2923383281879318
0.29193033223530396
0.29152484360712283
0.29112185192228957
0.2907213467910078
0.2903233178155168
0.2899277545908162
0.28953464670539253
0.28914398374192984
0.28875575527801145
0.2883699508868117
0.28798656013779045
0.28760557259736075
0.2872269778295663
0.2868507653967388
0.2864769248601474
0.28610544578065034
0.2857363177193264
0.2853695302381004
0.2850050729003709
0.2846429352716151
0.2842831069199927
0.2839255774169477
0.28357033633778916
0.2832173732622759
0.28286667777518426
0.2825182394668796
0.28217204793386463
0.2818280927793335
0.2814863636137117
0.28114685005519124
0.28080954173025363
0.280474428274193
0.28014149933162535
0.27981074455699106
0.27948215361505524
0.2791557161813949
0.27883142194288213
0.27850926059815884
0.2781892218581068
0.27787129544630707
0.2775554710994935
0.2772417385680065
0.2769300876162212
0.2766205080229952
0.27631298958208406
0.27600752210257207
0.2757040954092761
0.2754026993431591
0.2751033237617305
0.27480595853943734
0.27451059356805496
0.2742172187570676
0.273925824034042
0.2736363993450013
0.2733489346547827
0.2730634199473959
0.2727798452263763
0.27249820051512696
0.27221847585725645
0.2719406613169181
0.271664746979126
0.2713907229500906
0.27111857935752104
0.27084830635094403
0.2705798941020029
0.27031333280476055
0.27004861267598834
0.2697857239554602
0.26952465690622696
0.2692654018149002
0.2690079489919234
0.26875228877183444
0.2684984115135314
0.2682463076005259
0.267995967441197
0.2677473814690371
0.26750054014288915
0.2672554339471914
0.26701205339219847
0.2667703890142178
0.266530431375826
0.2662921710660896
0.2660555987007712
0.2658207049225484
0.2655874804012047
0.26535591583383955
0.2651260019450583
0.26489772948715906
0.264671089240323
0.264446072012797
0.26422266864106503
0.26400086999002825
0.26378066695316704
0.26356205045271164
0.26334501143979694
0.2631295408946285
0.2629156298266221
0.2627032692745638
0.26249245030675183
0.26228316402113216
0.26207540154544473
0.26186915403734823
0.2616644126845573
0.2614611687049657
0.26125941334676517
0.26105913788857027
0.26086033363953043
0.2606629919394453
0.2604671041588692
0.26027266169921415
0.26007965599286365
0.259888078503256
0.2596979207249891
0.25950917418390806
0.2593218304371968
0.25913588107346175
0.25895131771281577
0.25876813200695414
0.2585863156392362
0.25840586032475243
0.2582267578104026
0.25804899987495433
0.25787257832911414
0.257697485015587
0.25752371180913414
0.2573512506166332
0.2571800933771252
0.2570102320618709
0.25684165867439457
0.2566743652505328
0.25650834385847743
0.25634358659880885
0.25618008560454386
0.256017833041163
0.25585682110664754
0.2556970420315082
0.2555384880788102
0.25538115154420515
0.2552250247559482
0.2550701000749219
0.2549163698946554
0.25476382664133623
0.25461246277383065
0.25446227078369077
0.25431324319516857
0.25416537256521565
0.254018651483502
0.25387307257240543
0.25372862848702116
0.25358531191516054
0.25344311557734756
0.2533020322268116
0.25316205464948727
0.25302317566400034
0.2528853881216603
0.25274868490645064
0.25261305893500674
0.2524785031566128
0.2523450105531718
0.2522125741391975
0.2520811869617834
0.2519508421005917
0.25182153266781526
0.2516932518081667
0.25156599269884017
0.2514397485494869
0.25131451260218396
0.2511902781314026
0.2510670384439745
0.2509447868790552
0.25082351680809234
0.25070322163478076
0.2505838947950286
0.25046552975691594
0.25034812002064977
0.25023165911852063
0.250116140614865
0.25000155810600655
0.24988790522022242
0.24977517561768237
0.2496633629904078
0.24955246106221562
0.24944246358866884
0.24933336435701714
0.249225157186153
0.24911783592654324
0.24901139446018294
0.2489058267005274
0.24880112659244225
0.24869728811213587
0.24859430526710236
0.24849217209605534
0.24839088266887055
0.2482904310865135
0.24819081148098254
0.24809201801523273
0.24799404488311783
0.24789688630931883
0.24780053654926792
0.2477049898890914
0.24761024064552606
0.24751628316585916
0.24742311182784105
0.2473307210396266
0.24723910523969106
0.2471482588967593
0.24705817650972905
0.2469688526075906
0.24688028174935495
0.2467924585239718
0.2467053775502528
0.24661903347678782
0.24653342098186926
0.246448534773409
0.24636436958885577
0.24628092019511316
0.24619818138845906
0.24611614799445547
0.24603481486787393
0.24595417689259813
0.24587422898155076
0.24579496607659956
0.24571638314847177
0.24563847519666915
0.24556123724937784
0.24548466436338312
0.24540875162397457
0.24533349414486327
0.24525888706808774
0.2451849255639259
0.24511160483080208
0.24503892009519845
0.24496686661155787
0.2448954396622005
0.24482463455722148
0.24475444663440638
0.24468487125912863
0.24461590382426557
0.24454753975009824
0.24447977448421554
0.24441260350142402
0.24434602230365055
0.2442800264198416
0.2442146114058773
0.24414977284446593
0.24408550634505344
0.24402180754372094
0.24395867210309186
0.2438960957122328
0.24383407408655466
0.24377260296771774
0.24371167812352834
0.24365129534784424
0.2435914504604746
0.24353213930708062
0.24347335775907475
0.24341510171352476
0.24335736709305034
0.243300149845727
0.24324344594498093
0.24318725138948993
0.24313156220308907
0.24307637443465946
0.2430216841580387
0.24296748747190933
0.24291378049970502
0.242860559389507
0.24280782031394033
0.24275555947007665
0.24270377307932867
0.24265245738735175
0.24260160866393876
0.24255122320292022
0.24250129732206072
0.24245182736296111
0.2424028096909473
0.2423542406949778
0.24230611678753666
0.2422584344045301
0.24221119000518598
0.2421643800719523
0.24211800111039183
0.24207204964908013
0.24202652223950627
0.24198141545596574
0.24193672589545978
0.24189245017759553
0.24184858494447747
0.2418051268606103
0.24176207261279348
0.24171941891002013
0.2416771624833719
0.2416353000859206
0.24159382849262168
0.24155274450021436
0.24151204492711853
0.24147172661333094
0.2414317864203266
0.24139222123095283
0.241353027949328
0.24131420350074084
0.24127574483154746
0.24123764890906907
0.24119991272149133
0.24116253327776038
0.2411255076074844
0.2410888327608296
0.24105250580841808
0.24101652384122996
0.2409808839704991
0.24094558332761296
0.2409106190640098
0.24087598835108182
0.24084168838007292
0.2408077163619745
0.24077406952742963
0.24074074512662946
0.24070774042921572
0.2406750527241801
0.24064267931976058
0.24061061754334823
0.24057886474138357
0.24054741827925563
0.24051627554120547
0.24048543393023136
0.24045489086797744
0.24042464379464723
0.2403946901689018
0.24036502746775534
0.24033565318648797
0.24030656483853396
0.24027775995540035
0.24024923608655502
0.2402209907993358
0.24019302167885448
0.24016532632789567
0.2401379023668242
0.24011074743348626
0.24008385918311248
0.2400572352882241
0.24003087343853535
0.24000477134086118
0.239978926719012
0.23995333731371404
0.23992800088250055
0.23990291519962303
0.23987807805595984
0.2398534872589132
0.2398291406323244
0.23980503601637437
0.2397811712674921
0.23975754425826068
0.2397341528773267
0.23971099502930204
0.2396880686346773
0.23966537162972645
0.23964290196641957
0.23962065761232
0.23959863655050506
0.23957683677946917
0.23955525631303365
0.23953389318025753
0.23951274542534218
0.23949181110754791
0.23947108830110253
0.23945057509510725
0.23943026959345326
0.23941016991472897
0.23939027419213288
0.2393705805733859
0.23935108722064158
0.23933179231039892
0.23931269403341637
0.23929379059462308
0.2392750802130289
0.23925656112164606
0.239238231567394
0.23922008981102216
0.23920213412701152
0.23918436280350452
0.23916677414220722
0.23914936645831286
0.23913213808041223
0.2391150873504132
0.239098212623451
0.23908151226781504
0.23906498466485238
0.23904862820889505
0.23903244130717427
0.2390164223797372
0.23900056985936302
0.23898488219148817
0.238969357834117
0.23895399525774408
0.23893879294527365
0.23892374939194172
0.2389088631052284
0.23889413260478642
0.23887955642235636
0.2388651331016911
0.23885086119847043
0.2388367392802332
0.23882276592628726
0.23880893972764128
0.2387952592869228
0.23878172321829794
0.23876833014740295
0.23875507871125878
0.23874196755820087
0.23872899534779946
0.23871616075078617
0.23870346244897866
0.23869089913520514
0.2386784695132288
0.23866617229767562
0.23865400621395627
0.23864196999820153
0.238630062397176
0.238618282168217
0.23860662807915523
0.2385950989082426
0.23858369344408548
0.23857241048556788
0.2385612488417791
0.2385502073319491
0.23853928478537212
0.23852848004133875
0.23851779194906764
0.23850721936762953
0.23849676116588447
0.2384864162224103
0.23847618342543564
0.23846606167276896
0.23845604987172908
0.23844614693908472
0.238436351800981
0.238426663392871
0.23841708065945688
0.23840760255461635
0.23839822804133892
0.2383889560916609
0.2383797856866
0.2383707158160906
0.23836174547891442
0.23835287368264535
0.23834409944357648
0.23833542178666267
0.238326839745452
0.23831835236202714
0.23830995868694094
0.23830165777915335
0.2382934487059697
0.2382853305429785
0.23827730237399514
0.23826936329098947
0.2382615123940378
0.2382537487912555
0.23824607159873612
0.23823847994049663
0.23823097294841078
0.23822354976215954
0.2382162095291629
0.23820895140452647
0.23820177455098435
0.23819467813883521
0.23818766134589398
0.23818072335742457
0.2381738633660907
0.23816708057189706
0.2381603741821312
0.23815374341130857
0.23814718748112051
0.23814070562037237
0.23813429706493405
0.23812796105768153
0.2381216968484483
0.23811550369396173
0.23810938085780153
0.23810332761033415
0.2380973432286685
0.23809142699660013
0.23808557820455756
0.2380797961495532
0.23807408013512676
0.23806842947129925
0.23806284347451923
0.23805732146760983
0.2380518627797219
0.2380464667462806
0.238041132708939
0.23803586001552401
0.23803064801998886
0.2380254960823659
0.23802040356871768
0.2380153698510824
0.23801039430743343
0.23800547632162672
0.23800061528335792
0.2379958105881088
0.23799106163710315
0.237986367837265
0.23798172860116018
0.23797714334696496
0.2379726114984072
0.23796813248472937
0.2379637057406394
0.23795933070626651
0.2379550068271188
0.23795073355403373
0.23794651034313796
0.23794233665580578
0.23793821195860876
0.23793413572327626
0.23793010742665455
0.23792612655066103
0.23792219258224245
0.23791830501333322
0.2379144633408159
0.23791066706647268
0.23790691569695188
0.2379032087437234
0.23789954572303673
0.23789592615588484
0.23789234956795724
0.23788881548960683
0.23788532345580649
0.23788187300611197
0.23787846368461807
0.23787509503992654
0.23787176662510345
0.23786847799763866
0.2378652287194135
0.23786201835665943
0.2378588464799204
0.23785571266401673
0.23785261648800715
0.23784955753515413
0.2378465353928837
0.23784354965275067
