0.7887949478931394
0.7613195448621689
0.7552998290959292
0.7491589386392896
0.7429061748962684
0.7365483882884836
0.7300897593885471
0.723533009553216
0.7168800851509609
0.7101325249296202
0.703291667289162
0.6963587746834086
0.6893351128675187
0.6822220041832443
0.6750208651182243
0.6677332338431914
0.6603607910298046
0.6529053759254304
0.6453689989009421
0.6377538512376804
0.6300623126462312
0.6222969568397212
0.6144605553770419
0.6065560799230107
0.5985867030288121
0.5905557975085027
0.5824669344704534
0.5743238800529136
0.5661305909080623
0.5578912084775631
0.5496100521035778
0.5412916110218347
0.5329405352870193
0.5245616256852437
0.5161598226931876
0.5077401945486122
0.4993079245020208
0.4908682973242259
0.48242668514928655
0.4739885327365837
0.46555934223970097
0.45714465757304634
0.4487500484698569
0.44038109432719896
0.4320433679348429
0.42374241918537503
0.4154837588625728
0.40727284260395014
0.3991150551314091
0.39101569484119525
0.3829799588407785
0.3750129285160101
0.36711955570689614
0.35930464956466746
0.3515728641565933
0.3439286868782656
0.3363764277258521
0.3289202094733671
0.32156395879217436
0.314311398342083
0.3071660398553345
0.3001311782268895
0.29320988661654124
0.28640501256077455
0.27971917508495825
0.2731547627994506
0.26671393295670054
0.26039861144034415
0.2542104936517747
0.24815104625477336
0.24222150973437007
0.23642290172249736
0.23075602103984982
0.22522145240094327
0.21981957172757438
0.21455055201462614
0.20941436969155702
0.204410811422839
0.19953948129099264
0.19479980830680643
0.19019105419262183
0.1857123213862607
0.18136256121521777
0.17714058219298634
0.17304505839198614
0.16907453785022053
0.16522745097163904
0.16150211888315535
0.15789676171421707
0.15440950676786436
0.15103839655517337
0.14778139666794188
0.1446364034673251
0.14160125156891679
0.13867372110740217
0.135851544766456
0.13313241456195213
0.1305139883687797
0.127993896183637
0.12556974611816385
0.12323913011846932
0.1209996294088066
0.11884881965859417
0.11678427587330631
0.11480357701095356
0.11290431032694903
0.11108407545105525
0.10934048820096287
0.10767118413774213
0.10607382186901348
0.10454608610620486
0.10308569048273286
0.10169038014022425
0.10035793409027327
0.09908616735939502
0.09787293292502863
0.0967161234505759
0.09561367282751787
0.09456355753272527
0.09356379780903634
0.09261245867720247
0.09170765078721976
0.09084753111700106
0.0900303035262372
0.08925421917321463
0.08851757680218686
0.08781872290878756
0.08715605179080799
0.08652800549150663
0.08593307364242964
0.08536979321254312
0.0848367481703387
0.08433256906528719
0.08385593253490475
0.08340556074347683
0.08298022075820943
0.08257872386849263
0.08219992485362149
0.08184272120422353
0.08150605230233321
0.08118889856491796
0.08089028055538083
0.08060925806741726
0.08034492918533864
0.08009642932480221
0.07986293025764857
0.07964363912438321
0.07943779743760115
0.07924468007945473
0.07906359429612664
0.07889387869197773
0.0787349022259658
0.07858606321265882
0.07844678833004759
0.07831653163616004
0.07819477359633031
0.07808102012280571
0.0779748016282249
0.07787567209435642
0.07778320815732076
0.07769700821043657
0.07761669152562678
0.07754189739426087
0.07747228428816066
0.07740752904139458
0.07734732605336392
0.077291386513623
0.07723943764873076
0.07719122199139206
0.07714649667203177
0.07710503273288405
0.0770666144646065
0.07703103876536588
0.07699811452226302
0.07696766201494898
0.07693951234119556
0.07691350686415
0.07688949668096934
0.0768673421125049
0.07684691221361561
0.07682808430375732
0.07681074351735706
0.07679478237357185
0.0767801003649099
0.07676660356425413
0.07675420424976898
0.07674282054719272
0.07673237608896377
0.07672279968969187
0.07671402503741209
0.07670599040010806
0.076698638346961
0.07669191548381005
0.07668577220227346
0.07668016244204345
0.07667504346580312
0.07667037564628787
0.07666612226498104
0.07666224932194243
0.07665872535631524
0.07665552127701425
0.07665261020316272
0.07664996731381535
0.07664756970653697
0.07664539626441647
0.0766434275311133
0.07664164559352704
0.07664003397172026
0.07663857751571612
0.07663726230882106
0.07663607557712615
0.07663500560484648
0.07663404165520904
0.07663317389654833
0.07663239333334415
0.07663169174191742
0.07663106161049782
0.07663049608344297
0.07662998890931882
0.07662953439265685
0.07662912734913008
0.07662876306395994
0.0766284372533299
0.07662814602864787
0.07662788586344449
0.07662765356275891
0.07662744623483764
0.07662726126499653
0.07662709629150843
0.0766269491833631
0.07662681801978899
0.07662670107140235
0.07662659678287387
0.07662650375700897
0.07662642074012915
0.07662634660867396
0.07662628035692565
0.07662622108577011
0.0766261679924285
0.07662612036107264
0.07662607755426265
0.0766260390051462
0.07662600421034893
0.07662597272351412
0.07662594414943091
0.07662591813870134
0.07662589438291512
0.07662587261027076
0.07662585258162291
0.07662583408691093
0.07662581694193271
0.07662580098544469
0.0766257860765499
0.07662577209234911
0.07662575892584134
0.07662574648403175
0.07662573468624989
0.07662572346264407
0.07662571275283492
0.07662570250472533
0.07662569267343722
0.07662568322036922
0.07662567411236487
0.0766256653209787
0.0766256568218261
0.07662564859401211
0.0766256406196345
0.07662563288334245
0.07662562537196038
0.07662561807415047
0.07662561098012466
0.0766256040813994
0.07662559737057728
0.07662559084116383
0.07662558448740786
0.07662557830417172
0.07662557228681488
0.07662556643109697
0.0766255607330999
0.07662555518916159
0.07662554979581726
0.07662554454976156
0.07662553944780492
0.07662553448684906
0.0766255296638646
0.07662552497586983
0.07662552041992399
0.0766255159931103
0.07662551169253617
0.07662550751532482
0.07662550345861663
0.07662549951956599
0.07662549569534338
0.07662549198313906
0.07662548838015937
0.07662548488363807
0.0766254814908306
0.07662547819902221
0.07662547500553485
0.07662547190771962
0.07662546890296962
0.07662546598871744
0.07662546316244168
0.07662546042166485
0.07662545776395835
0.07662545518694353
0.07662545268829213
0.07662545026572942
0.07662544791703374
0.07662544564003815
0.07662544343262712
0.07662544129274507
0.07662543921838516
0.07662543720759862
0.07662543525849008
0.07662543336921701
0.07662543153799095
0.07662542976307207
0.07662542804277406
0.07662542637546077
0.07662542475954348
0.07662542319348431
0.07662542167578568
0.07662542020500318
0.07662541877972873
0.07662541739860451
0.07662541606030893
0.07662541476356421
0.0766254135071267
0.07662541228979725
0.07662541111040777
0.07662540996782952
0.07662540886096536
0.07662540778875215
0.07662540675015872
0.0766254057441853
0.0766254047698599
0.07662540382624161
0.07662540291241726
0.07662540202750068
0.07662540117062999
0.07662540034096954
0.07662539953770953
0.07662539876006058
0.07662539800725787
0.0766253972785601
0.07662539657324363
0.07662539589061035
0.07662539522997713
0.07662539459068285
0.0766253939720859
0.07662539337356156
0.07662539279450165
0.07662539223431775
0.07662539169243765
0.07662539116830425
0.07662539066137486
0.0766253901711278
0.07662538969704846
0.07662538923864293
0.07662538879542691
0.07662538836693467
0.0766253879527069
0.0766253875523053
0.07662538716529754
0.07662538679126696
0.0766253864298081
0.07662538608052705
0.07662538574304101
0.07662538541697783
0.07662538510197858
0.0766253847976901
0.07662538450377454
0.07662538421989928
0.07662538394574503
0.07662538368100058
0.07662538342536374
0.07662538317854084
0.07662538294024757
0.07662538271020713
0.07662538248815354
0.0766253822738242
0.07662538206696967
0.07662538186734269
0.076625381674709
0.07662538148883657
0.0766253813095038
0.07662538113649209
0.07662538096959459
0.07662538080860648
0.07662538065333202
0.0766253805035797
0.07662538035916455
0.07662538021990806
0.0766253800856358
0.0766253799561798
0.0766253798313773
0.07662537971107064
0.07662537959510785
0.07662537948333858
0.07662537937562164
0.076625379271818
0.0766253791717929
0.07662537907541711
0.07662537898256438
0.07662537889311283
0.07662537880694487
0.07662537872394592
0.07662537864400643
0.07662537856702034
0.07662537849288276
0.07662537842149453
0.07662537835275973
0.07662537828658433
0.07662537822287796
0.07662537816155301
0.07662537810252557
0.07662537804571468
0.07662537799104052
0.07662537793842816
0.07662537788780188
0.07662537783909229
0.07662537779222911
0.07662537774714684
0.07662537770378064
0.07662537766206912
0.07662537762195176
0.07662537758337074
0.07662537754627075
0.07662537751059662
0.07662537747629783
0.07662537744332287
0.07662537741162279
0.07662537738115172
0.07662537735186448
0.07662537732371577
0.07662537729666485
0.07662537727067142
0.07662537724569507
0.07662537722169682
0.07662537719864326
0.07662537717649576
0.07662537715522288
0.07662537713479045
0.07662537711516659
0.07662537709632211
0.0766253770782267
0.07662537706085149
0.07662537704417016
0.07662537702815564
0.07662537701278227
0.07662537699802596
0.07662537698386374
0.07662537697027183
0.07662537695722771
0.07662537694471216
0.07662537693270377
0.07662537692118188
0.07662537691012938
0.07662537689952786
0.07662537688935878
0.07662537687960569
0.07662537687025306
0.07662537686128357
0.07662537685268245
0.07662537684443738
0.07662537683653226
0.07662537682895376
0.07662537682169013
0.07662537681472781
0.07662537680805503
0.0766253768016606
0.0766253767955335
0.07662537678966252
0.07662537678403769
0.076625376778649
0.07662537677348791
0.07662537676854286
0.07662537676380765
0.07662537675927272
0.07662537675493075
0.0766253767507713
0.07662537674679104
0.07662537674297909
0.07662537673933001
0.07662537673583747
0.07662537673249481
0.07662537672929526
0.07662537672623337
0.07662537672330372
0.0766253767205004
0.076625376717819
0.07662537671525227
0.07662537671279834
0.07662537671045089
0.07662537670820602
0.07662537670605918
0.07662537670400515
0.07662537670204239
0.07662537670016578
0.07662537669837033
0.07662537669665481
0.07662537669501557
0.07662537669344827
0.07662537669195035
0.0766253766905195
0.07662537668915104
0.0766253766878443
0.07662537668659652
0.0766253766854037
0.07662537668426361
0.07662537668317648
0.07662537668213731
0.07662537668114444
0.07662537668019687
0.07662537667929259
0.07662537667842806
0.07662537667760327
0.07662537667681635
0.07662537667606573
0.07662537667534774
0.07662537667466329
0.07662537667401093
0.07662537667338665
0.07662537667279301
0.07662537667222546
0.07662537667168456
0.07662537667116809
0.07662537667067693
0.07662537667020686
0.07662537666975966
0.07662537666933245
0.07662537666892566
0.07662537666853775
0.07662537666816827
0.07662537666781544
0.07662537666747948
0.07662537666715963
0.07662537666685443
0.0766253766665631
0.07662537666628666
0.0766253766660232
0.07662537666577152
0.07662537666553249
0.07662537666530422
0.07662537666508695
0.07662537666488056
0.0766253766646835
0.07662537666449609
0.07662537666431712
0.07662537666414693
0.07662537666398606
0.07662537666383162
0.07662537666368541
0.07662537666354552
0.07662537666341362
0.07662537666328728
0.07662537666316738
0.07662537666305314
0.07662537666294433
0.07662537666284097
0.07662537666274283
0.07662537666264935
0.0766253766625602
0.07662537666247637
0.07662537666239622
0.0766253766623195
0.07662537666224756
0.07662537666217795
0.07662537666211222
0.07662537666205049
0.0766253766619912
0.07662537666193547
0.07662537666188196
0.07662537666183089
0.07662537666178293
0.07662537666173741
0.07662537666169378
0.07662537666165259
0.07662537666161351
0.0766253766615762
0.07662537666154068
0.07662537666150682
0.07662537666147562
0.07662537666144553
0.07662537666141656
0.07662537666138958
0.07662537666136415
0.0766253766613394
0.07662537666131541
0.07662537666129421
0.07662537666127323
0.0766253766612538
0.07662537666123459
0.07662537666121727
0.07662537666120006
0.0766253766611843
0.07662537666116875
0.0766253766611551
0.076625376661141
0.07662537666112845
0.07662537666111602
0.07662537666110392
0.07662537666109304
0.07662537666108271
0.07662537666107261
0.07662537666106328
0.07662537666105484
0.0766253766610463
0.07662537666103864
0.07662537666103109
0.07662537666102409
0.07662537666101732
0.0766253766610111
0.076625376661005
0.07662537666099922
0.07662537666099423
0.07662537666098901
0.07662537666098379
0.07662537666097924
0.07662537666097446
0.07662537666097091
0.07662537666096725
0.07662537666096403
0.07662537666095981
0.07662537666095715
0.07662537666095359
0.0766253766609507
0.07662537666094826
0.07662537666094549
0.07662537666094316
0.07662537666094094
0.07662537666093872
0.07662537666093627
0.07662537666093439
0.07662537666093261
0.07662537666093117
0.07662537666092917
0.07662537666092761
0.07662537666092673
0.07662537666092539
0.07662537666092373
0.07662537666092228
0.07662537666092073
0.07662537666091973
0.07662537666091873
0.07662537666091795
0.07662537666091696
0.07662537666091584
0.07662537666091518
0.07662537666091429
0.07662537666091362
0.07662537666091296
0.07662537666091251
0.07662537666091207
0.07662537666091096
0.07662537666091074
0.0766253766609104
0.07662537666090985
0.0766253766609094
0.07662537666090896
0.0766253766609083
0.07662537666090818
0.07662537666090763
0.0766253766609073
0.07662537666090741
0.07662537666090641
0.07662537666090674
0.07662537666090552
0.07662537666090607
0.07662537666090563
0.07662537666090541
0.07662537666090519
0.07662537666090519
0.07662537666090496
0.07662537666090496
0.07662537666090508
0.07662537666090463
0.07662537666090419
0.07662537666090463
0.07662537666090452
0.07662537666090408
0.07662537666090363
0.07662537666090419
0.07662537666090374
0.07662537666090363
0.07662537666090363
0.07662537666090297
0.07662537666090341
0.07662537666090363
0.07662537666090341
0.07662537666090319
0.07662537666090297
0.07662537666090319
0.07662537666090297
0.07662537666090297
0.07662537666090297
0.07662537666090297
0.0766253766609023
0.07662537666090286
0.07662537666090241
0.07662537666090252
0.07662537666090319
0.07662537666090252
0.07662537666090274
0.07662537666090274
0.07662537666090274
0.07662537666090274
0.0766253766609023
0.07662537666090208
0.07662537666090241
0.07662537666090319
0.07662537666090252
0.07662537666090241
0.07662537666090297
0.07662537666090252
0.07662537666090274
0.07662537666090241
0.07662537666090241
0.07662537666090208
0.07662537666090252
0.07662537666090252
0.0766253766609023
0.07662537666090241
0.07662537666090241
0.07662537666090208
0.07662537666090186
0.07662537666090252
0.07662537666090208
0.0766253766609023
0.07662537666090241
0.07662537666090208
0.07662537666090241
0.07662537666090274
0.0766253766609023
0.07662537666090241
0.0766253766609023
0.07662537666090252
0.07662537666090241
0.07662537666090274
0.07662537666090252
0.07662537666090186
0.0766253766609023
0.07662537666090208
