1.138948702800962
0.12801010157548665
0.11918592096822545
0.11093731368565705
0.10310417647075731
0.09564269500741614
0.08853919779552495
0.0817884340454812
0.07538752910234701
0.06933394055100324
0.0636246677890814
0.058255923278113554
0.05322299663071905
0.04852020776157468
0.044140904694958294
0.04007748537583405
0.03632143327279953
0.03286336158662206
0.029693063531817308
0.02679956769122147
0.02417119838830983
0.021795641607144325
0.019660017307689747
0.0177509590682214
0.01605470184941394
0.014557178329955638
0.013244123737605348
0.012101188437536494
0.011114056805080789
0.010268570179283705
0.009550851047838437
0.008947425127093256
0.008445337730106443
0.008032260793956499
0.0076965871698086545
0.0074275092441005415
0.007215079613378375
0.007050252320968089
0.00692490401642134
0.006831835255095261
0.006764752958781235
0.006718235763388377
0.006687684553615246
0.006669260907737474
0.00665981644050156
0.006656816141079297
0.006658258766245736
0.006662597182009076
0.006668661269059611
0.006675585640026811
0.006682743982384751
0.0066896913634216
0.006696115336906947
0.006701796198807546
0.006706576274806689
0.006710337707034248
0.006712987860089265
0.006714451201845463
0.00671466634216366
0.006713586835900984
0.006711184372525898
0.006707453074074496
0.006702413791720471
0.006696117510571014
0.00668864722196923
0.006680117881756673
0.006670674322199008
0.006660487208032543
0.0066497473106532584
0.006638658510623857
0.006627430023732325
0.0066162683803658
0.006605369676150969
0.006594912560635471
0.00658505234910589
0.0065759165403072575
0.006567601909825638
0.006560173234647362
0.0065536635972140884
0.006548076123909737
0.006543386938331318
0.006539549056992277
0.006536496925509807
0.006534151286328266
0.006532424082622193
0.006531223134014034
0.006530456364096291
0.006530035412961798
0.006529878525422161
0.006529912662962277
0.006530074840888428
0.006530312738464828
0.006530584666849834
0.0065308590060256565
0.006531113237261562
0.006531332702391337
0.00653150921645538
0.006531639647714243
0.006531724560687536
0.006531766995868732
0.006531771436234651
0.0065317429875575575
0.006531686778474701
0.006531607568530332
0.006531509538791829
0.006531396230540669
0.006531270592918071
0.006531135099890547
0.006530991899837603
0.006530842966627567
0.006530690228313123
0.006530535657630892
0.00653038131648648
0.006530229353841244
0.006530081962364515
0.006529941303539315
0.006529809413478353
0.006529688102561319
0.006529578861337561
0.006529482783250877
0.006529400512006309
0.006529332218200764
0.006529277606560348
0.00652923595209309
0.006529206160940282
0.006529186849858738
0.006529176437187672
0.006529173237839805
0.006529175555245643
0.006529181764143796
0.0065291903794904155
0.006529200108378479
0.0065292098835404945
0.006529218878593546
0.006529226506557841
0.006529232404231755
0.006529236405708982
0.006529238508648228
0.006529238836891277
0.006529237602713923
0.006529235071463388
0.006529231530661207
0.006529227264917257
0.006529222537278425
0.0065292175769898425
0.006529212573121234
0.006529207673130429
0.0065292029852134165
0.006529198583213765
0.006529194512918997
0.006529190798722474
0.006529187449849917
0.006529184465600885
0.0065291818393082915
0.006529179560945707
0.006529177618499501
0.006529175998349432
0.006529174684975925
0.006529173660330218
0.00652917290317441
0.006529172388637201
0.006529172088150156
0.006529171969838324
0.006529171999356664
0.0065291721410925575
0.006529172359606762
0.006529172621157423
0.0065291728951496035
0.006529173155368648
0.00652917338088855
0.0065291735565871116
0.006529173673245244
0.006529173727250338
0.006529173719960166
0.006529173656810178
0.0065291735462621224
0.006529173398695378
0.0065291732253356305
0.006529173037300224
0.006529172844818114
0.006529172656659289
0.00652917247978431
0.006529172319203386
0.006529172178018562
0.006529172057609088
0.006529171957915718
0.006529171877778105
0.006529171815284045
0.006529171768095635
0.006529171733728366
0.006529171709767061
0.0065291716940146715
0.006529171684575858
0.006529171679884746
0.006529171678690267
0.006529171680013267
0.006529171683089509
0.00652917168731103
0.006529171692175155
0.006529171697246126
