0.9933442745214869
0.9933321559925119
0.9930319329266936
0.992695529325606
0.9923341374037157
0.9919549712542575
0.9915601295524498
0.9911472653775919
0.9907136210300754
0.9902603247216012
0.9897922837336728
0.9893029795748227
0.9887768089250064
0.9882321575354589
0.9876622839653669
0.9870660900905055
0.9864254154698878
0.9857647346418668
0.9850925552766333
0.9844051025719524
0.9836864127667456
0.9829282587974122
0.9821599919435401
0.9813419206059621
0.9804923885626784
0.9796213646339552
0.9787256823103235
0.9778118420093163
0.9768775018271102
0.9758986641762827
0.9748731627764265
0.973820887201568
0.9727433743906614
0.9716136031969248
0.9704562322036533
0.9692518876948428
0.9680315035097078
0.9667799135054551
0.9655106367736858
0.9642221459881546
0.9628288334051909
0.9613932079296895
0.9599040615562842
0.958369181175752
0.9568097678876976
0.9551925958018488
0.9535529229980839
0.9518846165504807
0.9501868780459146
0.9484854964584224
0.9467453276227757
0.9449908624654202
0.9431986186869057
0.9413984687568597
0.9396441792703077
0.9377979100379152
0.9359252385121534
0.9340919250901477
0.9321669629036753
0.9302594796655012
0.9283916282970573
0.9265359048019571
0.9247270043102379
0.9229008074989276
0.9211228700779817
0.9193135141740008
0.917140675100367
0.9151315572203482
0.9130295434584671
0.9109464767645321
0.9088395830349734
0.906802752297557
0.9047196949329701
0.9025839504213673
0.9005232818024674
0.8984889483327606
0.8964915225959154
0.8944928933349372
0.8925796680725772
0.890715758728007
0.8888574397030682
0.8869354137656156
0.8851180539542053
0.8832874873917124
0.8815619277631142
0.8799402998677344
0.8786244293245428
0.8772702425388315
0.875882046396744
0.8744171739956026
0.8730036721365797
0.8717813369212425
0.8705320649996399
0.8692668660061067
0.8680991849233841
0.867080853249887
0.865890831379096
0.8649073472574851
0.8640136414521788
0.8630455444288574
0.8620708480357726
0.8610819259066467
0.8600204939946402
0.8591183971825589
0.8583078001533783
0.8576382021660978
0.8570751905305249
0.8566628407650614
0.8561793037269619
0.8555761055013162
0.8551517917453446
0.8547579763192441
0.8542412112146677
0.8537976521215649
0.8531303181863396
0.8524767156307851
0.8520608565580226
0.8518085014815542
0.8514501277261007
0.851084951038417
0.8506799162334847
0.850379323730299
0.8501991086773706
0.8499939534348904
0.8497495076869854
0.8495825039591658
0.8494955176296004
0.8493858254255656
0.8492334930966486
0.8491127378469121
0.849056059554573
0.8489202382116503
0.8487032146466834
0.8483877582019055
0.8481513287138918
0.8479523318968061
0.8479339637249164
0.8479207028569754
0.8478332901808708
0.8477303680564648
0.8477171770207194
0.8476782627998182
0.8476679197603656
0.8477817113875091
0.8477343433984182
0.8477193750664167
0.8477757066101119
0.847969836606645
0.8481535962753556
0.8481583255553657
0.8479525313441815
0.8478047200207963
0.847610580332294
0.8473671261437565
0.8472384326446559
0.8472581465344755
0.8473509816630008
0.84732179451663
0.8473397777726768
0.8475235957285684
0.8476379126097912
0.84761926131755
0.8476299097555972
0.8476911261299892
0.8477663282901016
0.8475247573737679
0.8473375615592473
0.8472347552055062
0.8471246421516516
0.8471256681086204
0.8471782866842505
0.8472188743140617
0.8472983792817053
0.8473626218387904
0.8474501215707813
0.8475441003468397
0.8477542053018383
0.8478143599178678
0.847837602890778
0.8477720693154189
0.8476729631982107
0.8477169683906307
0.8477200821224926
0.847699464753944
0.8476648586645059
0.8476394013024084
0.8476683720461073
0.8478301037245441
0.8478647431380775
0.8478835954072979
0.8479934192414292
0.8479733048741911
0.848001246557456
0.8479837257931067
0.8479561564541728
0.8480240808538745
0.8480793066344374
0.8482013920626965
0.8480264657596897
0.8478874722045948
