1.1105659838561328
0.9778044373147566
0.9699639015193436
0.9604797729902409
0.9501646906544141
0.9393199082226824
0.9280956147102124
0.9165803906196843
0.9048327281422601
0.8928945828934993
0.880798018368935
0.8685687726113619
0.8562282940456197
0.8437949531445198
0.8312847865490418
0.818711966025596
0.8060891003110491
0.7934274334732008
0.7807369812701231
0.7680266380566385
0.7553042851653534
0.7425769310629458
0.7298509056864774
0.7171321095710024
0.7044262863907628
0.6917392634768145
0.6790771084052102
0.6664461807378572
0.6538530944763299
0.6413046269638543
0.6288076097228188
0.6163688255006204
0.6039949238428389
0.5916923595170474
0.5794673542318428
0.5673258808122396
0.5552736688353436
0.5433162307795525
0.5314589075695081
0.5197069319255003
0.5080655073454365
0.49653990039206547
0.48513554528363617
0.4738581643440475
0.46271391746474855
0.4517096062245265
0.4408529567166844
0.43015294873102194
0.41962002485243727
0.4092659127439193
0.399102941293567
0.389143073511936
0.3793970351998088
0.36987375650803567
0.36058011959378394
0.35152091007204384
0.34269887858126374
0.33411485535906515
0.32576788939268675
0.31765540020813443
0.30977333963434145
0.3021163677996077
0.29467805538460345
0.28745113345372975
0.2804278173684852
0.273600214896957
0.26696076970873034
0.2605026089472307
0.2542196490055095
0.24810643249547454
0.24215782297367794
0.23636872139498774
0.23073389327582333
0.22524791248176282
0.2199051895566146
0.21470004880001153
0.20962682718059306
0.2046799803513163
0.1998541971741211
0.19514454664141487
0.19054670043267033
0.18605724996562556
0.18167401704424677
0.17739610929492167
0.1732235361082672
0.16915652145160495
0.1651948555259387
0.16133751070201025
0.1575825358920031
0.15392714288334433
0.15036789720307323
0.14690095607189446
0.14352232539911658
0.1402281334267601
0.1370149406386052
0.13388010709381548
0.13082217614494474
0.1278410921298824
0.12493799388049245
0.12211453600665442
0.11937204354832526
0.11671087982144678
0.1141301786664892
0.1116278777861427
0.10920092776698383
0.1068455781718198
0.10455768887757244
0.10233306147953286
0.10016782536836694
0.09805890850059445
0.09600450416863265
0.09400425266975866
0.09205888008490702
0.09016941523804053
0.08833640809833579
0.08655946083205283
0.08483711228000468
0.08316697574759285
0.08154602184398538
0.07997093742122742
0.07843853552300728
0.07694622156363978
0.07549249964646976
0.0740773781377731
0.07270237675674977
0.07136993282071581
0.07008242411875462
0.06884129400409308
0.06764658848573091
0.06649691040797677
0.06538965572264223
0.06432140354404964
0.06328838636072734
0.06228701805939142
0.06131446913371568
0.06036919880899186
0.05945120016166442
0.05856170406865002
0.05770239906031152
0.05687456061007069
0.05607846040652426
0.05531316987510875
0.05457668782421797
0.05386627936536236
0.05317894082556701
0.05251194105730479
0.05186338965529537
0.05123270823297045
0.050620769157828295
0.050029505409318525
0.049461095347050406
0.048917107821098434
0.048397949699687366
0.04790271692137957
0.04742937762488009
0.046975173555434
0.046537148062111254
0.0461127312982693
0.04570029191728446
0.045299491157178684
0.04491123812830999
0.04453718594856157
0.04417897603899861
0.04383756610222261
0.043512865201973824
0.04320371467195227
0.04290814540853785
0.042623817121033754
0.0423485511153713
0.042080858530129654
0.04182032233855575
0.04156766014741633
0.041324378410790695
0.041092136643602305
0.04087209806017686
0.04066450921601758
0.040468600511686846
0.04028277442562521
0.04010499557797985
0.03993328567609447
0.03976621604439368
0.03960326468584444
0.03944489611835091
0.039292296339598694
0.03914685395776047
0.03900960489980938
0.03888084865771016
0.03876003511829511
0.03864591268439202
0.03853686795156315
0.03843136228328482
0.03832835405279489
0.038227579573732406
0.03812957906311391
0.03803543535685536
0.03794632296215944
0.03786305196366899
0.03778577266656816
0.03771391733815352
0.0376463665197712
