0.6784509626288358
0.8919753322695045
0.8866527518462275
0.8811465613845068
0.8753839278587073
0.8694289432747019
0.8633295637787858
0.8571010911313446
0.8507506552374677
0.8442982529290785
0.8378820539490396
0.8310219405986154
0.8240355236672697
0.8170737730586966
0.8101189052087638
0.8031646514158763
0.7962112144932274
0.7892614271298503
0.7822858115867387
0.775295843024814
0.7671109651358521
0.7586901327742936
0.7500253124036056
0.741108011153173
0.7319291496386265
0.7224789673418861
0.7127468571976088
0.7027208827535372
0.6923863286098162
0.6817215103975192
0.6706862099386182
0.6591935719464084
0.6470670239307782
0.6340633890409952
0.6200421235974072
0.6050326215471067
0.5891298251686797
0.5724322756871032
0.5550365302711
0.5370433713097946
0.5185623638883029
0.49971358726159676
0.48062718144902405
0.46144129596777494
0.44229887400092294
0.4233436231139267
0.40471547779350425
0.38654582245605484
0.3689527142438769
0.3520363372876272
0.3358749382818075
0.32052148868710106
0.3060011816257745
0.29230952760180395
0.27941054290562917
0.2672359085863687
0.2556922745830218
0.24468807171243534
0.23416443380001573
0.22409524500672173
0.2144695192816557
0.20528172296776814
0.19652975052170019
0.18821566262749279
0.18034673147553137
0.17293530532463675
0.16600122224482827
0.15958521076126375
0.15375774124702657
0.14861929491504255
0.14430940755144406
0.14102377413046063
0.13416843411056434
0.12798277036155237
0.12237369707313028
0.11754226489363484
0.11344517349742589
0.11006481565717685
0.10738803048959278
0.1054021649136655
0.1041054108197943
0.09795334169520331
0.09282172527064425
0.08875591783673498
0.08575554117999695
0.08378977880263483
0.0828120553198618
0.08277153599775433
0.07894063010127761
0.07617726127589863
0.07437650569126475
0.07341649354116342
0.07317289848359776
0.07353450828781738
0.07441530056342749
0.07171625494500178
0.0698402704947717
0.06872174289137412
0.06829143748731603
0.06848104332911775
0.06922742227043521
0.06713128276050717
0.06581113107466541
0.0652028005911226
0.06523755454260494
0.06584276595359717
0.06694394159008021
0.06538868773386197
0.06450726338652424
0.06420588730111121
0.06439538343350604
0.06499572022397992
0.06593924664979633
0.06717248968938194
0.06532996755231069
0.06407569712992256
0.06336286019818638
0.06314385764379482
0.06337035041444261
0.06399409646012666
0.06496824831938908
0.06624892586980247
0.06446834027501458
0.06328544689439519
0.06263830325921615
0.062461846173564206
0.06269097473774843
0.06326382006363418
0.06412461584093743
0.06522584409246734
0.06356309823798356
0.062428105997368144
0.06177690987830986
0.06156681099259531
0.06175560680530978
0.06230121194781135
0.06316171520916392
0.06190237606120186
0.06112254662400851
0.0607658906292472
0.060777546097527724
0.06110566799554917
0.061702990644144085
0.06252815666687439
0.061312239192968354
0.06053977745960437
0.060165849338397526
0.060146802458315496
0.06044053097001778
0.06100705511253479
0.06180924799687104
0.06067701415252513
0.059965601715239236
0.05963519153197594
0.05964449088162871
0.05995160770271546
0.06051545864850261
0.059708956091093834
0.059268863349818734
0.059153005122918434
0.05932244358046368
0.05974194197056926
0.05902745692874456
0.05865721504182575
0.058594151439191666
0.058802587060544975
0.05924849890550887
0.05989993381798009
0.05897500396963551
0.0584101947364436
0.058167380948664804
0.058208352020072684
0.058495481632039215
0.05899276657559582
0.05966700235172184
0.058756815725645506
0.05817762242715774
0.057898319104740414
0.057888868484743394
0.05812001239470532
0.05856332055351898
0.05789930972219404
0.05753997544345779
0.0574534607032966
0.057608298955154846
0.0579739679824427
0.05742391127594004
0.05716007132090384
0.057148737429361995
0.05735786603498083
0.057757728601553926
0.057152998945720124
0.05682932950396513
0.05675864628340277
0.05691389857416296
0.05726893069837424
0.05672336306561221
0.056449328660325704
0.05641664677087199
0.05659587102869579
