0.9654837808080101
0.9326393199099878
0.9289581621160935
0.924980370994456
0.9205970675772898
0.9158183327927906
0.9108276965708593
0.9056528378789227
0.9003190848934147
0.8947740903300272
0.8890493098178001
0.8831499978984683
0.8770837516043168
0.8708578937414042
0.864171105176126
0.8572719450229269
0.850492096264765
0.8434319938433759
0.8361014381247603
0.8285579387896809
0.8208687966024639
0.8122996131018713
0.8033937324852783
0.7934912567876976
0.783142086516336
0.772393156856653
0.7617985292180101
0.75089747569073
0.7397237483456429
0.728324874114631
0.7167590204789089
0.7050949609046919
0.6934137588059279
0.6818319486275108
0.6706180116598581
0.6599832440157882
0.6494284021386566
0.6389705690059204
0.6286444654079528
0.6184723913946147
0.6084670617061054
0.598631821557366
0.5881703032328605
0.577865418938931
0.5674647975028317
0.5569108399110324
0.5464574810073825
0.5362436700076514
0.5263815546700937
0.5163936034794875
0.506356024415306
0.4967062473338626
0.48775364228290774
0.47954055439493914
0.47208058461269486
0.4653718949171123
0.4585988148493013
0.4525828104428853
0.44727516773196585
0.4426276441096634
0.4386018972652631
0.43433350619873534
0.43032262848918057
0.42631259265818067
0.42289380314509073
0.42002115689797126
0.4176448734048047
0.41535674316169025
0.413506188457894
0.4114012323743058
0.40982802308278976
0.4087478141298825
0.4076086692079164
0.4065509998085918
0.405828986316338
0.40470466872707067
0.4038735415560938
0.4033053390129384
0.4029722720671708
0.40286321032227346
0.4028955229770864
0.4030406571633366
0.4025807871378767
0.40174110322013856
0.401116727934654
0.4004575751815779
0.4000514430137476
0.39987802721077603
0.3999190389273204
0.40015793304759617
0.3999438420064091
0.3999657109861223
0.40020688608359667
0.40004503222636667
0.39996221368715856
0.40006224204214247
0.40036494419221313
0.40025109828345984
0.4003447853234646
0.40036332220088855
0.4005796607097247
0.40040568888772665
0.40041641516213344
0.4001492662512819
0.40014482234443904
0.4004760403700637
0.401434887581236
0.39963563901711097
0.39903539458429704
0.39944726010029263
0.4005090878243345
0.4011255064151501
0.4017958750663353
0.4023106286556698
0.40266598497744255
0.40104405515792885
0.40003952933044484
0.39984939200429104
0.40014957569781173
0.4011476221365122
0.4024238970265225
0.40099318739381173
0.4000546226082272
0.39987411851708543
0.4003641118905459
0.40143887388177135
0.40207435393481694
0.4010922879940294
0.4006544200461728
0.4007518591928696
0.40110558382067785
0.40189582231874943
0.4021393653704394
0.401239738094057
0.40083240382008123
0.4009824117725317
0.40161528445118844
0.402144220846382
0.40306455925550155
0.4028262668691719
0.4031414245726167
0.4040049459002394
0.4044407931041264
0.4047808368718714
0.40506135945701083
0.4043171995292266
0.4040205271364422
0.4041504255297954
0.40390197583688714
0.40406496002366865
0.4045819997192597
0.40456274261082603
0.4043945423197518
0.4046553825276584
0.40510806449244907
0.40558628144769415
0.4056138087596567
0.406504700171629
0.40516207347495836
0.40451216255904465
0.4040473738466217
0.4043677145467258
0.4046428906416941
0.40504137925139594
0.40574670672586133
0.4068798545166039
0.4058211956829785
0.4053777628999806
0.40449784871321226
0.40407818652647487
0.40381208677384905
0.40417166437535856
0.4050546363353228
0.40467124412923805
0.4043975928525222
0.4035103193720273
0.4032764939328657
0.403615702123691
0.40379115734352333
0.4033540098887698
0.4035556291992589
0.4039994329870493
0.4039353910367608
0.40430353226565097
0.40364366998976753
0.40315362328088244
0.40320423749012013
0.4033449002713867
0.403904724993855
0.40334107186454615
0.40280356885714275
0.40281943861462866
0.4033220300056156
0.40388695210052517
0.4040115531785029
0.4035629228263238
0.40315709769152963
0.4032506910924686
0.40378634370659183
0.4036238220137788
