1.1648799487571158
1.1601878536971055
1.1548958374911193
1.1488720476975172
1.1422193639654223
1.1349631182324227
1.127041413993753
1.118539451016949
1.1095051950693182
1.0999892264977498
1.0900051368706043
1.079579288102777
1.0687988042466134
1.0574739080264055
1.0457082477720931
1.0335498724835055
1.0210343865750269
1.0082224461154912
0.9951186899490866
0.9817359452798321
0.9681333210051738
0.9543817289932915
0.9404642495566082
0.926423110735576
0.9122564424569892
0.8980419497273546
0.8836959881317862
0.869223121640564
0.854767574911088
0.8403251903538601
0.8258559760099673
0.8114647310170293
0.7971935750098638
0.7829486461504753
0.76885989658038
0.7549535450262106
0.741157489441963
0.7276383384605718
0.7140548387750584
0.7007729273099608
0.6878833473297011
0.675404517376481
0.6633766713308346
0.6513061962202126
0.6397012336469347
0.6285781508104192
0.6179010876863988
0.6077859785097283
0.5976975726836944
0.5879028797586646
0.5785866151478334
0.5697208831343511
0.5610159411641753
0.5527303745448447
0.5446739135075118
0.5362219818009644
0.5281160171968311
0.5205193245501263
0.5131703903934209
0.5061039600039718
0.49921460302047616
0.49235622708912824
0.48546653467926165
0.4787091897404289
0.47223265215596993
0.4656074455319629
0.45899436483240236
0.4525124705853825
0.44615174550469705
0.44010364741989383
0.43437061199802707
0.42891952981362874
0.42383490950013675
0.4192105396850895
0.41417878468838254
0.4093553318430056
0.4047397696123139
0.4008489851716879
0.39763821843462605
0.39473661303586255
0.39212788613328003
0.3902268928473812
0.3876630047318408
0.3852185728728434
0.3833987133117731
0.3819854579646556
0.3808564491187426
0.3800880468550025
0.379393298390078
0.3782235998401152
0.3778000638752201
0.37761751215714606
0.37728335045991757
0.3766283297770904
0.37635117821409475
0.3755578944148952
0.37479365314683216
0.3746927218880384
0.3741445413076482
0.3736932388402851
0.373361371233163
0.37355217612369396
0.37339726575700927
0.3735074540219661
0.3725225536247914
0.372164560550896
0.372452732434663
0.3730656495027116
0.3740641839626662
0.37457022223387104
0.37472470439184286
0.3750142199924468
0.37494704414783486
0.37462667405754874
0.37383400801910033
0.37319340252292343
0.3727769108362921
0.37299094224935153
0.37388561862809444
0.37500569589893595
0.3761642900307372
0.3764578665118613
0.37645072386181416
0.37636749671887604
0.3764019701481979
0.37687149461798997
0.37638468539073944
0.3763799140900685
0.37641287720098066
0.37725823841217127
0.3777214477842505
0.3774028013388432
0.37690013624778623
0.3763943783053413
0.37598941299206945
0.376255478485838
0.3766521407790521
0.37702611672645203
0.3780029763188686
0.37894146319706545
0.3792019770802334
0.37923546239672606
0.37988895996512606
0.37980946632703966
0.3795362420419406
0.379211847496687
0.3796919266424649
0.3795697300589848
0.3795266113074401
0.3800257675629947
0.38106775513885494
0.3817748967291987
0.3809682647787622
0.381010944869402
0.3815688172248137
0.3821563113706139
0.38154385325806855
0.3820059560377568
0.3823064936419522
0.38225252762290907
0.3818019874740733
0.38183990306679116
0.3840473007917987
0.3843259726703376
0.38529431593874486
0.386069632234739
0.3863726798932081
0.3875328250702963
0.38786571306440687
0.38835394962509595
0.38813530302443305
0.3881961320781729
0.38870902870016844
0.38840677267906604
0.38819346362205026
0.3883619887980245
0.3886988913134387
0.38934888706802095
0.39089261161220196
0.3908242410240535
0.3908000469539536
0.3908023239400494
0.3909738366719006
0.3917836111996037
0.39327685606969487
0.39365763519845
0.3938834313596162
0.3939210968757722
0.3939295777458134
0.3943288398172899
0.3952894783235616
0.3957426104579246
0.39625772920416047
0.39634432866243663
0.3965227049842477
0.39550619302511114
0.3942555013380667
0.39376057570414885
0.3940040519105774
0.3949922398889528
