1.0033172599941416
0.9277457232806791
0.9205910523518391
0.9129623782827692
0.9050376414162548
0.8968904639758386
0.8885586387023653
0.8800647231098909
0.8714237848951075
0.8626468211624946
0.8537424490141368
0.8447178136311045
0.8355791072112362
0.8263318797483354
0.8169812316672441
0.8075319354933514
0.7979885114017201
0.7883552680175971
0.7786363095677863
0.7688354998517792
0.7589563591801232
0.7490018481893377
0.7389739572674593
0.728872972347841
0.7186962630713594
0.7084366192336139
0.6980810876428686
0.6876134132472987
0.6770233519228531
0.6663168844374808
0.6555147121715253
0.6446420800462964
0.6337219306444069
0.6227735251614478
0.6118132879573126
0.6008558606966135
0.5899148452560706
0.5790032434958717
0.5681336926880902
0.5573185767934019
0.546570064761105
0.5359001063739823
0.5253204036320354
0.5148423684288516
0.5044770731247845
0.4942351982177285
0.48412697988864095
0.47416215932756334
0.46434993518866957
0.4546989201463525
0.4452171022531783
0.4359118115918617
0.42678969254308063
0.41785668184587904
0.4091179925015649
0.400578103464144
0.39224075497282035
0.3841089493195742
0.37618495681232345
0.36847032669397856
0.360983897610774
0.3537076069193694
0.3466406793637498
0.33978173610725615
0.33312883372718927
0.32667950515662103
0.32043080188163503
0.3143793368752104
0.30852132791991244
0.3028526410983855
0.2973688342945825
0.29206520055509305
0.2869368111288809
0.28197855795825905
0.2771851953520309
0.27255138054356376
0.2680717128254046
0.2637407709567294
0.25955314855717715
0.2555034872267137
0.2515865071627211
0.24779703507984718
0.24413002927334113
0.24058060170143727
0.23714403699623862
0.23381580834542692
0.2305915902193816
0.2274672679505399
0.22443894420486935
0.221502942419762
0.21865580731886075
0.21589430265213883
0.21321540634827787
0.21061630330472514
0.20809437607701928
0.20564719376102328
0.20327249938753048
0.20096819616652892
0.19873233292685938
0.1965630890954132
0.19445875954838115
0.1924177396460967
0.19043851073399404
0.1885196263568116
0.18665969939337093
0.18485739027700998
0.18311139642395233
0.18142044295019602
0.17978327471827343
0.17819864971950428
0.17666533376584043
0.1751820964384927
0.17374770821838156
0.1723609387060121
0.17102055582541095
0.16972532589796063
0.16847401446691623
0.16726538775166
0.16609821461188698
0.1649712689054839
0.1638833321294307
0.1628331962402447
0.16181966655891492
0.1608415646746331
0.15989773127161022
0.1589870288136136
0.15810834403133966
0.15726059016813732
0.15644270894973988
0.15565367225339613
0.15489248346095547
0.1541581784889723
0.1534498264966254
0.1527665302791449
0.15210742636043578
0.15147168480365766
0.1508585087626503
0.15026713380028414
0.1496968270021137
0.14914688591513328
0.1486166373420709
0.14810543602155976
0.14761266322378747
0.14713772528993577
0.14668005214197102
0.14623909578723387
0.1458143288398841
0.14540524307867791
0.14501134805787538
0.14463216978534646
0.14426724947925493
0.1439161424120875
0.1435784168483062
0.14325365307958157
0.1429414425594269
0.14264138713713054
0.142353098389174
0.1420761970448507
0.14181031250154386
0.14155508242409817
0.14131015242190836
0.141075175796738
0.14084981335387187
0.140633733268963
0.1404266110028609
0.14022812925677142
0.14003797796029185
0.1398558542851624
0.13968146267797002
0.13951451490549813
0.13935473010694704
0.13920183484780593
0.13905556317075707
0.13891565663959815
0.1387818643727819
0.1386539430637752
0.13853165698603054
0.13841477798092314
0.13830308542754263
0.1381963661937181
0.138094414568114
0.137997032173638
0.1379040278627675
0.13781521759570936
0.13773042430257426
0.13764947773096345
0.137572214280528
0.13749847682619018
0.13742811453178913
0.13736098265595753
0.13729694235203385
0.13723586046378608
0.13717760931866307
0.13712206652019968
0.13706911474110084
0.13701864151839882
0.13697053905194684
0.136924704007358
0.1368810373243539
0.13683944403132225
