0.8720523537378683
0.8951002304007789
0.8925902958193367
0.8900350639508869
0.8873976873379575
0.8845995338573265
0.8817408618040855
0.8788666617979168
0.8759592794427303
0.8730100332857177
0.8700147418859916
0.8669712178909387
0.8638782847777288
0.860735349501167
0.8575421954697833
0.8542988725437656
0.8510056336486381
0.8476628953591636
0.8442712114277546
0.8408312534576168
0.8373437953618866
0.8338096993556702
0.8302299016120107
0.8266053956328234
0.8229372109278295
0.8192263837482188
0.8154739153167658
0.8116807111450579
0.8078474926444827
0.8039746697810437
0.8000621628419188
0.7964534571492327
0.7928014043433915
0.7891026016714217
0.7853526854770272
0.7815470801780356
0.7776825913460332
0.7737593936724938
0.769782123655335
0.7657591447911479
0.7617006266164368
0.7576168108498679
0.7535171184223692
0.7494099395970835
0.7453027443933786
0.7412022726120903
0.7371147023646704
0.7330457718512791
0.729000858083595
0.7249850234327477
0.7210030403576901
0.7170594022626805
0.7131583260962147
0.7093037505033981
0.7054993320671754
0.7017484412978616
0.6980541594351314
0.6944192767212374
0.6908462925262162
0.687337417513707
0.6838945779027651
0.6805194217891074
0.6772133274268646
0.6739774133311792
0.6708125500369426
0.6677193733349359
0.6646982987994646
0.6617495374173203
0.6588731121227354
0.6560688750333399
0.653336525164997
0.6506756263770971
0.6480856252647409
0.6455658686734556
0.6431156204721846
0.6407340771909686
0.6384203821226307
0.6361736375140882
0.6339929145402841
0.6318772608630467
0.6298257057207898
0.6278372626566983
0.6259109301513773
0.6240456905584431
0.6222405078303584
0.6204943245573111
0.6188060588243842
0.6171746013304098
0.615598813119945
0.6140775241736199
0.6126095329959945
0.6111936072447169
0.6098284853666569
0.6085128791483635
0.6072454770492242
0.6060249481638589
0.6048499466523789
0.6037191164798594
0.6026310963166637
0.6015845244664448
0.6005780437067497
0.5996103059464466
0.5986799766236035
0.5977857387860246
0.5969262968138346
0.5961003797588431
0.5953067442887023
0.5945441772349095
0.5938114977525165
0.5931075591060289
0.5924312501005643
0.5917814961801039
0.5911572602158811
0.5905575430079012
0.5899813835216488
0.5894278588804893
0.5888960841325046
0.5883852118087677
0.5878944312886295
0.5874229679866436
0.5869700823754032
0.5865350688588328
0.5861172545113429
0.585715997699543
0.5853306866048298
0.5849607376667955
0.5846055939689411
0.5842647235893064
0.5839376179392471
0.583623790113547
0.5833227732742808
0.58303411908938
0.5827573962447172
0.5824921890458703
0.5822380961226659
0.5819947292463031
0.5817617122655088
0.5815386801648585
0.5813252782453396
0.5811211614244267
0.5809259936505498
0.5807394474248335
0.5805612034214375
0.5803909501966877
0.5802283839764617
0.580073208510925
0.5799251349856696
0.5797838819785381
0.579649175451868
0.5795207487705278
0.5793983427368822
0.5792817056346881
0.5791705932748477
0.5790647690368911
0.5789640039010373
0.578868076466598
0.5787767729534221
0.5786898871839269
0.578607220544058
0.5785285819222784
0.5784537876263246
0.5783826612780743
0.5783150336873768
0.5782507427061242
0.578189633064198
0.5781315561892106
0.5780763700121593
0.5780239387612475
0.5779741327462129
0.5779268281354999
0.5778819067285939
0.5778392557257337
0.577798767497118
0.57776033935354
0.5777238733202303
0.5776892759154699
0.5776564579353312
0.5776253342456885
0.5775958235824178
0.5775678483604892
0.5775413344924559
0.577516211216645
0.5774924109351753
0.5774698690617724
0.5774485238792031
0.5774283164060284
0.5774091902722829
0.5773910916035858
0.5773739689131532
0.5773577730011128
0.5773424568605122
0.5773279755893971
0.5773142863083375
0.5773013480827959
0.5772891218497658
0.5772775703481321
0.5772666580522551
0.5772563511083274
0.5772466172730955
0.5772374258545968
