0.8058034790222025
0.7350481220761933
0.7340401340230522
0.7330284583883699
0.7320136868962142
0.7309961181089215
0.7299759075007529
0.728953139202972
0.7279278587455396
0.7269000892792641
0.7258698402879133
0.7248371125977271
0.7238019014268026
0.7227641983322808
0.7217239925051442
0.7206812716614032
0.7196360226737215
0.7185882320302439
0.7175378861747461
0.7164849717629072
0.7154294758577242
0.7143713860796901
0.7133106907225919
0.712247378842648
0.7111814403266044
0.7101128659429609
0.7090416473794867
0.707967777269491
0.7068912492087707
0.7058120577648044
0.7047301984794636
0.7036456678663009
0.7025584634033074
0.7014685835219034
0.7003760275928071
0.6992807959093557
0.6981828896687593
0.6970823109517268
0.6959790627008307
0.6948731486979365
0.6937645735409894
0.692653342620396
0.6915394620952251
0.6904229388694039
0.6893037805680755
0.6881819955142441
0.6870575927058282
0.6859305817932083
0.6848009730573505
0.6836687773885624
0.68253400626593
0.681396671737472
0.6802567864010329
0.6791143633859287
0.6779694163353598
0.6768219593895817
0.6756720071698299
0.6745195747629944
0.6733646777070186
0.672207331977013
0.6710475539720542
0.6698853605026535
0.6687207687788637
0.6675537963989984
0.6663844613389409
0.6652127819420097
0.6640387769093539
0.6628624652908519
0.6616838664764855
0.6605030001881602
0.6593198864719452
0.6581345456907115
0.6569469985171366
0.6557572659270559
0.6545653691931339
0.65337132987884
0.6521751698326945
0.6509769111827808
0.6497765763314904
0.6485741879504889
0.6473697689758873
0.6461633426035964
0.6449549322848533
0.643744561721906
0.6425322548638344
0.6413180359025104
0.6401019292686676
0.6388839596280826
0.6376641518778496
0.6364425311427415
0.6352191227716528
0.6339939523341043
0.6327670456168142
0.6315384286203201
0.6303081275556506
0.6290761688410345
0.6278425790986488
0.626607385151394
0.6253706140196944
0.6241322929183188
0.6228924492532208
0.6216511106183875
0.6204083047926996
0.6191640597367949
0.6179184035899405
0.6166713646668984
0.6154229714547979
0.6141732526099919
0.612922236954921
0.6116699534749621
0.6104164313152662
0.6091616997775926
0.6079057883171268
0.6066487265392857
0.6053905441965117
0.6041312711850491
0.6028709375417076
0.6016095734406119
0.6003472091899298
0.5990838752285881
0.5978196021229714
0.5965544205636031
0.5952883613618078
0.594021455446361
0.5927537338601152
0.591485227756618
0.5902159683967045
0.5889459871450766
0.587675315466869
0.5864039849241947
0.5851320271726745
0.5838594739579572
0.5825863571122178
0.5813127085506447
0.5800385602679123
0.5787639443346415
0.5774888928938446
0.5762134381573587
0.5749376124022709
0.5736614479673254
0.5723849772493281
0.571108232699534
0.5698312468200315
0.5685540521601131
0.567276681312642
0.5659991669104121
0.5647215416224973
0.5634438381505995
0.5621660892253906
0.5608883276028489
0.5596105860605951
0.5583328973942241
0.5570552944136331
0.5557778099393564
0.5545004767988881
0.5532233278230183
0.5519463958421607
0.5506697136826879
0.5493933141632703
0.5481172300912152
0.5468414942588151
0.5455661394396973
0.5442911983851837
0.5430167038206573
0.5417426884419332
0.540469184911645
0.539196225855632
0.5379238438593494
0.5366520714642757
0.5353809411643462
0.5341104854023861
0.5328407365665697
0.5315717269868845
0.5303034889316189
0.5290360546038577
0.5277694561380029
0.5265037255963059
0.5252388949654208
0.5239749961529798
0.5227120609841833
0.5214501211984097
0.5201892084458595
0.5189293542842055
0.5176705901752743
0.5164129474817529
0.5151564574639136
0.5139011512763698
0.512647059964856
0.5113942144630317
0.510142645589315
0.5088923840437447
0.5076434604048685
0.5063959051266629
0.5051497485354786
0.5039050208270208
0.5026617520633598
0.5014199721699677
0.5001797109327979
0.49894099799538305
0.4977038628559812
0.4964683348647425
0.4952344432209187
0.4940022169701057
0.49277168500151636
0.49154287604529945
0.4903158186698804
0.48909054127935414
0.4878670721109031
0.48664543923225867
0.4854256705391974
0.4842077937530824
0.4829918364184316
0.4817778259005375
0.48056578938311634
0.4793557538660066
0.4781477461628978
0.47694179289910543
0.47573792050938934
0.4745361552358055
0.47333652312560437
0.47213905002916945
0.4709437615979989
0.4697506832827252
0.4685598403311826
0.467371257786514
0.46618496048531843
0.4650009730558461
0.4638193199162325
0.46264002527277637
0.46146311311826416
0.46028860723033105
0.4591165311698727
0.4579469082794958
0.45677976168201306
0.4556151142789856
0.4544529887492984
0.4532934075477967
0.45213639290394747
0.4509819668205586
0.4498301510725339
0.44868096720567296
0.44753443653552216
0.446390580146255
0.44524941888960967
0.4441109733838621
0.44297526401284404
0.44184231092500614
0.44071213403252274
0.43958475301043987
0.4384601872958652
0.43733845608720234
0.4362195783434243
0.4351035727833963
0.43399045788523305
0.43288025188570345
0.4317729727796702
0.43066863831958246
0.42956726601499595
0.42846887313214677
0.42737347669355785
0.4262810934776863
0.42519174001861904
0.42410543260579714
0.4230221872837888
0.421942019852096
0.4208649458650068
0.41979098063147546
0.4187201392150556
0.4176524364338572
0.41658788686055337
0.4155265048224175
0.4144683044014007
0.4134132994342379
0.4123615035126076
0.41131292998331037
0.4102675919484927
0.4092255022659015
0.4081866735491756
0.40715111816817573
0.4061188482493353
0.40508987567606436
0.4040642120891679
0.4030418688873084
0.4020228572274994
0.4010071880256283
0.3999948719570101
0.39898591945697637
0.39798034072149024
0.3969781457077959
0.39597934413509694
0.39498394548525717
0.39399195900354045
0.3930033936993783
0.39201825834715276
0.39103656148702215
0.3900583114257644
0.3890835162376528
0.38811218376535195
0.38714432162084356
0.38617993718637533
0.3852190376154391
0.3842616298337641
0.383307720540342
0.382357316208474
0.3814104230868346
0.380467047200569
0.37952719435239723
0.37859087012375814
0.3776580798759529
0.37672882875132985
0.3758031216744735
0.3748809633534238
0.37396235828090163
0.37304731073557296
0.37213582478330787
0.37122790427847174
0.3703235528652341
0.36942277397888457
0.3685255708471731
0.36763194649166164
0.3667419037290943
0.3658554451727798
0.36497257323399
0.36409329012337033
0.36321759785236385
0.36234549823465134
0.36147699288760193
0.3606120832337345
0.35975077050219095
0.3588930557302238
0.35803893976469203
0.35718842326356604
0.35634150669744724
0.3554981903510912
0.35465847432494446
0.353822358536687
0.35298984272278866
0.35216092644006314
0.35133560906723726
0.3505138898065333
0.34969576768523414
0.3488812415572877
0.34807031010489
0.34726297184008736
0.34645922510637883
0.34565906808032887
0.34486249877317643
0.34406951503245287
0.3432801145436051
0.3424942948316184
0.341712053262643
0.3409333870456245
0.34015829323393454
0.33938676872701035
0.3386188102719815
0.33785441446531406
0.3370935777544436
0.33633629643941887
0.3355825666745357
0.3348323844699782
0.33408574569345506
0.33334264607184105
0.33260308119281223
0.33186704650648313
0.3311345373270359
0.3304055488343608
0.3296800760756814
0.3289581139671863
0.3282396572956522
0.3275247007200699
0.32681323877326107
0.3261052658635002
0.3254007762761226
0.3246997641751369
0.32400222360482955
0.323308148491364
0.32261753264438564
0.3219303697586028
0.3212466534153825
0.320566377084328
0.319889534124858
0.31921611778777825
0.3185461212168431
0.3178795374503215
0.3172163594225469
0.3165565799654647
0.31590019181017537
0.31524718758846504
0.31459755983433746
0.3139513009855328
0.31330840338504096
0.31266885928260557
0.3120326608362314
0.31139980011366486
0.31077026909388505
0.3101440596685757
0.3095211636435967
0.3089015727404427
0.30828527859769084
0.30767227277245024
0.30706254674179334
0.3064560919041829
0.30585289958088746
0.30525296101739696
0.304656267384814
0.3040628097812528
0.3034725792332136
0.30288556669696154
0.302301763059889
0.3017211591418665
0.3011437456965934
0.30056951341292726
0.29999845291621374
0.299430554769601
0.2988658094753487
0.2983042074761214
0.29774573915627744
0.2971903948431489
0.2966381648083022
0.29608903926880326
0.2955430083884595
0.29500006227905695
0.2944601910015946
0.293923384567493
0.2933896329398049
0.29285892603441477
0.29233125372121915
0.29180660582531026
0.29128497212813775
0.2907663423686664
0.2902507062445191
0.28973805341311676
0.28922837349280106
0.2887216560639484
0.28821789067007497
0.2877170668189314
0.2872191739835861
0.2867242016035009
0.2862321390855894
0.28574297580527386
0.2852567011075261
0.2847733043079006
0.2842927746935562
0.28381510152426526
0.2833402740334169
0.2828682814290131
0.28239911289463915
0.28193275759044123
0.2814692046540861
0.2810084432017108
0.28055046232886116
0.28009525111142264
0.2796427986065436
0.2791930938535384
0.2787461258747933
0.2783018836766534
0.27786035625030214
0.2774215325726308
0.27698540160710283
0.2765519523045966
0.2761211736042525
0.2756930544342978
0.2752675837128735
0.27484475034883893
0.27442454324257826
0.27400695128678876
0.27359196336726443
0.27317956836366986
0.27276975515030244
0.27236251259684485
0.2719578295691115
0.2715556949297827
0.2711560975391296
0.2707590262557339
0.27036446993719065
0.2699724174408127
0.2695828576243139
0.2691957793464915
0.26881117146790023
0.2684290228515124
0.2680493223633681
0.2676720588732282
0.26729722125520305
0.266924798388382
0.26655477915745607
0.2661871524533227
0.26582190717368936
0.2654590322236713
0.2650985165163685
0.2647403489734498
0.26438451852571676
0.2640310141136659
0.26367982468804074
0.2633309392103754
0.262984346653532
0.26264003600222663
0.2622979962535519
0.26195821641748773
0.2616206855174079
0.2612853925905744
0.2609523266886318
0.2606214768780827
0.2602928322407677
0.2599663818743273
0.25964211489266964
0.2593200204264122
0.25900008762333504
0.25868230564881534
0.2583666636862588
0.25805315093752457
0.2577417566233371
0.2574324699837067
0.25712528027831605
0.2568201767869346
0.2565171488097958
0.2562161856679821
0.2559172767038058
0.25562041128116963
0.25532557878594353
0.2550327686263071
0.2547419702331096
0.25445317306020965
0.2541663665848134
0.2538815403078094
0.25359868375409
0.2533177864728732
0.2530388380380161
0.25276182804831926
0.2524867461278374
0.25221358192616383
0.25194232511872794
0.2516729654070774
0.25140549251915745
0.2511398962095851
0.25087616625991416
0.2506142924789021
0.25035426470276023
0.2500960727954157
0.249839706648744
0.2495851561828254
0.24933241134616713
0.24908146211594195
0.2488322984982142
0.24858491052815757
0.24833928827027185
0.2480954218185939
0.24785330129690353
0.24761291685892883
0.24737425868853524
0.24713731699992347
0.24690208203781605
0.24666854407763905
0.2464366934256984
0.24620652041935986
0.2459780154272112
0.24575116884923265
0.2455259711169564
0.24530241269361996
0.2450804840743227
0.24486017578617414
0.2446414783884342
0.24442438247265696
0.24420887866282348
0.2439949576154804
0.24378261001985546
0.24357182659799814
0.24336259810488992
0.24315491532855793
0.24294876909019925
0.24274415024428364
0.2425410496786572
0.24233945831464976
0.24213936710717043
0.24194076704480327
0.24174364914990065
0.24154800447866798
0.2413538241212535
0.24116109920182527
0.24096982087865293
0.24077998034418213
0.24059156882510546
0.24040457758243017
0.2402189979115481
0.24003482114229502
0.23985203863901072
0.2396706418005944
0.23949062206056482
0.23931197088710132
0.23913467978309988
0.2389587402862109
0.2387841439688908
0.23861088243843442
0.23843894733701188
0.23826833034170658
0.23809902316454556
0.23793101755252588
0.23776430528764425
0.23759887818691805
0.23743472810241018
0.23727184692124226
0.2371102265656182
0.2369498589928326
0.236790736195284
0.2366328502004843
0.23647619307106715
0.23632075690479193
0.23616653383454322
0.23601351602833442
0.23586169568930948
0.23571106505572936
0.23556161640097428
0.23541334203352893
0.23526623429698124
0.2351202855700012
0.23497548826633008
0.23483183483476644
0.23468931775914215
0.2345479295583116
0.23440766278612057
0.2342685100313875
0.2341304639178744
0.23399351710426697
0.23385766228413785
0.23372289218591613
0.2335891995728595
0.23345657724302005
0.2333250180291998
0.23319451479892583
0.23306506045440034
0.23293664793246693
0.23280927020456454
0.23268292027668547
0.23255759118933084
0.23243327601746067
0.2323099678704481
0.23218765989203094
0.23206634526025738
0.23194601718743568
0.2318266689200793
0.23170829373885315
0.23159088495851687
0.23147443592786476
0.2313589400296694
0.23124439068061975
0.2311307813312622
0.2310181054659335
0.2309063566027012
0.23079552829329453
0.230685614123042
0.2305766077107999
0.23046850270888897
0.2303612928030203
0.2302549717122252
0.2301495331887874
0.230044971018163
0.2299412790189138
0.22983845104263123
0.22973648097385524
0.22963536273000462
0.22953509026129248
0.22943565755065587
0.22933705861366926
0.22923928749846523
0.22914233828565544
0.22904620508824935
0.22895088205156677
0.2288563633531585
0.2287626432027191
0.22866971584200113
0.22857757554473057
0.22848621661652302
0.2283956333947854
0.22830582024864066
0.22821677157882725
0.22812848181762024
0.22804094542872966
0.22795415690721665
0.22786811077940072
0.227782801602761
0.22769822396585504
0.2276143724882127
0.22753124182024997
0.22744882664316812
0.22736712166886697
0.2272861216398353
0.22720582132906675
0.22712621553995993
0.2270472991062119
0.22696906689173024
0.22689151379053163
0.22681463472664254
0.22673842465399507
0.22666287855633238
0.22658799144710773
0.22651375836937715
0.22644017439570974
0.22636723462807307
0.22629493419773816
0.2262232682651769
0.2261522320199555
0.22608182068063376
0.2260120294946596
0.2259428537382675
0.22587428871637283
0.22580632976246273
0.22573897223849837
0.22567221153480477
0.22560604306996668
0.2255404622907231
0.22547546467185564
0.22541104571609372
0.22534720095399408
0.22528392594384405
0.22522121627154823
0.2251590675505234
0.22509747542159209
0.22503643555286912
0.224975943639662
0.2249159954043548
0.22485658659630336
0.22479771299172668
0.22473937039359504
0.22468155463152606
0.22462426156166992
0.224567487066603
0.22451122705522109
0.2244554774626235
0.2244002342500071
0.22434549340455645
0.224291250939332
0.22423750289316524
0.22418424533054082
0.22413147434149117
0.22407918604148647
0.22402737657132132
0.2239760420970086
0.22392517880966445
0.2238747829254003
0.22382485068521163
0.2237753783548686
0.22372636222480458
0.2236777986100047
0.2236296838498948
0.22358201430823488
0.22353478637300128
0.2234879964562837
0.22344164099417096
0.22339571644663925
0.2233502192974427
0.22330514605400387
0.22326049324730246
0.22321625743176454
0.22317243518515062
0.22312902310845084
0.22308601782576654
0.22304341598420896
0.2230012142537795
0.22295940932726765
0.2229179979201371
0.2228769767704165
0.22283634263859042
0.22279609230748865
0.2227562225821771
0.22271673028984618
0.22267761227970595
0.2226388654228737
0.22260048661226206
0.22256247276247876
0.22252482080970715
0.22248752771160463
0.22245059044719218
0.22241400601674455
0.22237777144168247
0.2223418837644654
0.22230634004848415
0.2222711373779488
0.2222362728577888
0.22220174361353584
0.22216754679122241
0.22213367955727792
0.2221001390984102
0.22206692262151229
0.22203402735354627
0.2220014505414406
0.22196918945198307
0.22193724137171567
0.22190560360682632
0.22187427348304745
0.22184324834554803
0.22181252555882713
0.22178210250660968
0.22175197659174628
0.22172214523610256
0.2216926058804557
0.22166335598439568
0.2216343930262149
0.2216057145028073
0.22157731792956792
0.22154920084028473
0.22152136078703866
0.22149379534010116
0.22146650208783247
0.22143947863657376
0.22141272261055533
0.22138623165178428
0.22136000341995443
0.22133403559233678
0.22130832586367866
0.22128287194610952
0.22125767156903542
0.22123272247904235
0.22120802243979332
0.2211835692319336
0.22115936065298525
0.22113539451725261
0.2211116686557265
0.22108818091597904
0.2210649291620702
0.22104191127444883
0.2210191251498571
0.2209965687012293
0.22097423985760223
0.22095213656401003
0.22093025678139588
0.22090859848650835
0.22088715967181594
0.22086593834540214
0.22084493253087656
0.22082414026727626
0.22080355960897613
0.22078318862559076
0.22076302540188408
0.22074306803767296
0.22072331464773465
0.22070376336171893
0.22068441232404767
0.22066525969383177
0.22064630364477178
0.2206275423650702
0.22060897405734037
0.22059059693851513
0.22057240923975696
0.22055440920636604
0.22053659509769508
0.2205189651870545
0.22050151776162785
0.22048425112237924
0.22046716358396823
0.22045025347466185
0.22043351913624176
0.2204169589239252
0.2204005712062721
0.22038435436509884
0.2203683067953951
0.2203524269052336
0.22033671311569003
0.2203211638607504
0.22030577758723735
0.22029055275470943
0.22027548783539308
0.22026058131409065
0.22024583168809497
0.22023123746711304
0.22021679717317688
0.2202025093405653
0.22018837251572076
0.2201743852571646
0.22016054613542002
0.22014685373292942
0.22013330664397268
0.22011990347458843
0.22010664284249115
0.2200935233769964
0.2200805437189386
0.22006770252059182
0.2200549984455923
0.22004243016885738
0.22002999637651532
0.22001769576581898
0.22000552704507204
0.21999348893355597
0.21998158016144576
0.21996979946974282
0.2199581456101919
0.2199466173452107
0.2199352134478132
0.21992393270153243
0.2199127739003507
0.21990173584862516
0.2198908173610099
0.21988001726238726
0.21986933438779266
0.21985876758234613
0.21984831570117247
0.21983797760933632
0.21982775218176942
0.21981763830319967
0.21980763486807486
0.2197977407805043
0.2197879549541747
0.2197782763122924
0.21976870378750635
0.2197592363218458
0.2197498728666445
0.21974061238247755
0.21973145383909465
0.21972239621534573
0.21971343849912228
0.21970457968728618
0.2196958187856014
0.21968715480867285
0.21967858677987862
0.21967011373130318
0.21966173470367167
0.21965344874629122
0.2196452549169795
0.2196371522820071
0.21962913991602717
0.21962121690201697
0.21961338233121375
0.21960563530305344
0.21959797492510658
0.21959040031301702
0.21958291059043888
0.2195755048889808
0.21956818234813869
0.21956094211523824
0.21955378334537567
0.2195467052013571
0.219539706853635
0.21953278748025884
0.21952594626680744
0.21951918240633173
0.21951249509930426
0.2195058835535475
0.2194993469841936
0.21949288461361027
0.21948649567135947
0.21948017939412845
0.2194739350256808
0.21946776181679883
0.2194616590252284
0.21945562591562584
0.2194496617594971
0.21944376583514913
0.21943793742763262
0.21943217582869545
0.21942648033671608
0.21942085025666147
0.2194152849000307
0.219409783584802
0.21940434563538125
0.2193989703825503
0.21939365716341575
0.21938840532135506
0.2193832142059704
0.21937808317303686
0.2193730115844469
0.2193679988081696
0.21936304421819164
0.21935814719447466
0.21935330712290613
0.21934852339524513
0.219343795409082
0.21933912256778187
0.21933450428044343
0.21932993996184857
0.2193254290324177
0.2193209709181585
0.21931656505062513
0.21931221086686492
0.21930790780938436
0.21930365532608642
0.21929945287024333
0.2192952999004355
0.2192911958805227
0.21928714027958296
0.2192831325718827
0.21927917223682503
0.21927525875890963
0.21927139162768583
0.2192675703377157
0.21926379438852717
0.2192600632845686
0.2192563765351755
0.21925273365452214
0.2192491341615822
0.21924557758008545
0.21924206343848274
0.21923859126989598
0.21923516061208825
0.21923177100741498
