0.7754860780451974
0.7632346060477757
0.7518549084315885
0.7400889599240524
0.7279576014092175
0.7154797187548168
0.7026694788634471
0.6895388204708861
0.6760989794132606
0.6623613397163046
0.6483379308947432
0.6340417357604846
0.6194868892834628
0.6046888089472742
0.5896642775567664
0.5744314896475133
0.5590100675517746
0.5434210504832773
0.5276868585966958
0.5118312332922013
0.4958791547719379
0.4798567378476678
0.46379110714933114
0.4477102531313186
0.4316428705750631
0.41561818161210695
0.39966574561661206
0.3838152586198966
0.3680963451644831
0.35253834572654574
0.3371701029812142
0.3220197502556932
0.30711450550422104
0.29248047404374955
0.2781424631106181
0.2641238110406037
0.25044623354552764
0.23712968916967203
0.22419226557231386
0.21165008781400851
0.1995172493404015
0.1878057658751361
0.17652555196926467
0.16568441952305812
0.1552880972101599
0.1453402694036393
0.13584263293544463
0.12679496981901284
0.11819523392956433
0.1100396495656869
0.10232281980401225
0.09503784259918169
0.08817643266542385
0.0817290472947142
0.07568501441025
0.07003266131387731
0.06475944275393841
0.05985206710867397
0.055296619644141676
0.05107868196032683
0.04718344688183962
0.04359582817871832
0.040300564617997914
0.037282317948294064
0.03452576450869971
0.032015680231500254
0.029737018877160737
0.02767498340150365
0.025815090410710617
0.02414322771092048
0.022645705007022676
0.021309297850400366
0.02012128497832688
0.019069479228581154
0.01814225225151045
0.017328553278012193
0.016617922235124816
0.016000497530987978
0.01546701885692292
0.015008825376364943
0.0146178496875633
0.014286607959449138
0.014008186647572973
0.01377622619948582
0.01358490215680741
0.013428904054264668
0.013303412505085266
0.013204074847170233
0.013126979706404307
0.013068630812390514
0.013025920378737177
0.012996102334940418
0.01297676567076722
0.012965808127059941
0.0129614104397352
0.01296201131667818
0.0129662833007953
0.012973109646802428
0.012981562314874906
0.012990881161091039
0.013000454382992133
0.013009800258623194
0.013018550199189072
0.013026433118990322
0.013033261111753625
0.013038916409549572
0.013043339589488556
0.013046518983992006
0.01304848124265956
0.013049282987572464
0.013049003499062128
0.013047738365525863
0.013045594028581409
0.01304268315375745
0.013039120756656808
0.013035021015288972
0.013030494700617568
0.013025647159502274
0.01302057678678159
0.013015373926287377
0.01301012014396219
0.013004887819901279
0.01299974000995141
0.0129947305314001
0.012989904231304195
0.01298529739991261
0.012980938295561906
0.012976847751174692
0.012973039836171485
0.012969522551026347
0.012966298535026621
0.012963365770808033
0.012960718272105987
0.01295834674374119
0.01295623920525113
0.012954381571677387
0.012952758186922098
0.012951352306760366
0.012950146530031681
0.012949123177780297
0.0129482646211313
0.012947553559585878
0.012946973252072946
0.012946507703646026
0.012946141811105538
0.012945861471097775
0.012945653654403588
0.012945506450182553
0.012945409083962911
0.012945351913014935
0.012945326402685975
0.012945325087014292
0.012945341516771847
0.012945370197826378
0.012945406522429592
0.012945446695791563
0.012945487660037114
0.01294552701732643
0.012945562953698087
0.012945594164931684
0.012945619785474372
0.012945639321262803
0.01294565258707625
0.012945659648866403
0.012945660771337852
0.0129456563709206
0.012945646974148128
0.01294563318133879
0.01294561563541341
0.012945594995592002
0.01294557191565271
0.01294554702642825
0.01294552092215262
0.012945494150274128
0.012945467204339534
0.012945440519564588
0.01294541447070141
0.012945389371846638
0.012945365477842752
0.012945342986959929
0.01294532204455745
0.01294530274747896
0.012945285148914798
0.01294526926357753
0.012945255072969175
0.012945242530608692
0.01294523156711025
0.012945222095006925
0.012945214013228235
0.01294520721121517
0.012945201572596488
0.012945196978444762
0.012945193310066827
0.012945190451375876
0.012945188290821363
0.012945186722932323
0.012945185649472335
0.012945184980269642
0.012945184633730178
0.012945184537087262
0.01294518462641936
0.012945184846471669
0.012945185150318284
0.01294518549889867
0.012945185860458452
0.0129451862099218
0.012945186528223629
0.01294518680161405
0.012945187020975024
0.012945187181138906
0.012945187280238524
0.012945187319103546
0.012945187300681726
0.01294518722954019
0.012945187111394474
0.012945186952710408
0.012945186760354499
0.012945186541302167
0.012945186302394163
0.012945186050147495
0.012945185790605884
0.012945185529235625
0.0129451852708512
0.01294518501958486
0.012945184778866192
0.012945184551437117
0.012945184339382632
0.0129451841441659
0.012945183966691087
0.012945183807355765
0.012945183666119964
0.012945183542570238
0.012945183435986274
0.012945183345402289
0.012945183269670313
0.012945183207515698
0.012945183157578755
0.012945183118472259
0.012945183088807544
0.012945183067232802
0.012945183052457732
0.01294518304327219
0.01294518303856329
0.01294518303732728
0.012945183038668318
0.012945183041808028
0.012945183046079833
0.012945183050928954
0.012945183055903864
0.01294518306064496
0.012945183064888344
0.012945183068438948
0.012945183071177202
0.012945183073036826
0.012945183074006494
0.012945183074103195
0.012945183073389654
0.012945183071939481
0.012945183069846045
0.012945183067215815
0.012945183064152044
0.012945183060764198
0.012945183057157306
0.012945183053425513
0.012945183049659081
0.012945183045933728
0.012945183042317399
0.012945183038864383
0.012945183035617647
0.012945183032612384
0.012945183029869134
0.012945183027401441
0.01294518302521308
0.012945183023302831
0.012945183021663031
0.01294518302027603
0.012945183019127615
0.012945183018198247
0.012945183017464834
0.01294518301690406
0.01294518301649239
0.012945183016209172
0.012945183016030981
0.012945183015936279
0.012945183015909745
0.012945183015931172
0.012945183015988793
0.012945183016068618
0.012945183016158435
0.012945183016251693
0.012945183016340067
0.012945183016418671
0.012945183016484285
0.012945183016532802
0.012945183016565998
0.012945183016580764
0.012945183016580208
0.012945183016562889
0.012945183016532802
0.012945183016489614
0.012945183016437434
0.01294518301637726
0.012945183016311312
0.012945183016241368
0.01294518301617098
0.012945183016100592
0.01294518301603187
0.012945183015965589
0.012945183015903416
0.012945183015845352
0.012945183015793504
0.012945183015745987
0.012945183015704576
0.012945183015668604
0.012945183015637851
0.012945183015611872
0.012945183015591666
0.012945183015574124
0.012945183015561135
0.012945183015551809
0.01294518301554548
0.012945183015541928
0.012945183015539707
0.012945183015538375
0.012945183015539374
0.012945183015540374
0.01294518301554215
0.01294518301554437
0.012945183015546924
0.012945183015548145
0.01294518301555081
0.012945183015551809
0.012945183015553141
0.012945183015553141
0.01294518301555414
0.01294518301555414
0.012945183015553252
0.01294518301555303
0.01294518301555192
0.012945183015550477
0.012945183015549255
0.012945183015547368
0.012945183015545925
0.01294518301554437
0.012945183015542927
0.012945183015540596
0.012945183015539707
0.012945183015537709
0.012945183015537043
0.012945183015535933
0.012945183015534822
0.012945183015534378
0.012945183015532824
0.012945183015532713
0.012945183015532158
0.01294518301553138
0.012945183015530937
0.01294518301553138
0.012945183015531048
0.012945183015531048
0.012945183015531825
0.01294518301553127
0.012945183015530604
0.012945183015530382
0.012945183015531825
0.012945183015531825
0.012945183015531714
0.012945183015531492
0.012945183015530937
0.01294518301553138
0.012945183015530937
0.01294518301553127
0.012945183015531714
0.012945183015530604
0.012945183015531048
0.01294518301553127
0.012945183015530826
0.012945183015530937
0.012945183015530604
0.01294518301553127
0.012945183015531048
0.012945183015530493
0.012945183015530826
0.012945183015530937
0.012945183015530826
0.012945183015530937
0.012945183015530493
0.01294518301553138
0.012945183015530826
0.012945183015531048
0.012945183015530937
0.012945183015531048
0.012945183015530048
0.012945183015530937
0.012945183015530048
0.012945183015530048
0.012945183015530382
0.012945183015530937
0.012945183015530604
0.012945183015530382
0.012945183015530826
0.01294518301553016
0.012945183015530937
0.012945183015530382
0.012945183015530604
0.012945183015530604
0.012945183015531492
0.012945183015530937
0.01294518301553127
0.012945183015530826
0.01294518301553127
0.012945183015530493
0.01294518301553127
0.012945183015531048
0.01294518301553127
0.01294518301553127
0.012945183015530937
0.012945183015530382
0.012945183015530382
0.01294518301553138
0.012945183015530382
0.012945183015530937
0.012945183015530604
0.01294518301553138
0.01294518301553016
0.012945183015531714
0.012945183015531714
0.012945183015530382
0.01294518301553127
0.012945183015530604
0.012945183015530826
0.01294518301553127
0.012945183015530604
0.01294518301553127
0.012945183015530604
0.012945183015530826
0.012945183015529937
0.012945183015531048
0.012945183015531048
0.012945183015531048
0.012945183015530937
0.012945183015530604
0.01294518301553138
0.01294518301553016
0.012945183015530826
0.012945183015531492
0.012945183015530493
0.012945183015530826
0.01294518301553016
0.012945183015531048
0.012945183015531492
0.012945183015530604
0.01294518301553127
0.012945183015530604
0.012945183015530382
0.012945183015531492
0.012945183015531492
0.01294518301553138
0.01294518301553138
0.012945183015531048
0.012945183015531492
0.012945183015530937
0.01294518301553016
0.012945183015531714
0.012945183015530493
0.012945183015530493
0.012945183015530493
0.012945183015530382
0.012945183015531048
0.012945183015531048
0.012945183015530604
0.012945183015530493
0.01294518301553016
0.012945183015530937
0.012945183015531048
0.01294518301553127
0.012945183015530493
0.012945183015530937
0.012945183015530937
0.012945183015531492
0.012945183015530826
0.012945183015530937
0.012945183015530937
0.012945183015530826
0.012945183015531048
0.01294518301553127
0.012945183015531048
0.012945183015530937
0.012945183015530604
0.012945183015530604
0.01294518301553127
0.01294518301553127
0.012945183015530604
0.01294518301553127
0.012945183015531492
0.012945183015530826
0.012945183015530937
0.012945183015530937
0.012945183015531048
0.012945183015530604
0.012945183015530937
0.01294518301553127
0.012945183015530937
0.01294518301553138
0.012945183015530604
0.012945183015530493
0.012945183015530382
0.012945183015531048
0.012945183015530937
0.012945183015530493
0.012945183015531048
0.012945183015530937
0.012945183015530048
0.01294518301553127
0.012945183015530826
0.012945183015530937
0.012945183015530937
0.012945183015530604
0.012945183015530826
0.012945183015530937
0.012945183015530937
0.012945183015531048
0.012945183015530826
0.012945183015531714
0.012945183015530048
0.012945183015530826
0.012945183015530382
0.01294518301553127
0.012945183015530826
0.01294518301553127
0.012945183015530604
0.01294518301553138
0.01294518301553138
0.012945183015529937
0.012945183015530604
0.01294518301553138
0.01294518301553138
0.012945183015530604
0.012945183015530604
0.012945183015530826
0.012945183015530937
0.012945183015530937
0.012945183015530382
0.012945183015530937
0.012945183015530826
