1.333886475327304
1.2964738238752038
1.2842448415970718
1.269032505483217
1.25195626500428
1.2329051871777552
1.212002490382551
1.1906695772781977
1.1670684068845905
1.1406927666727242
1.1129568496790958
1.08433010448067
1.05512430844552
1.0255328749008823
0.9953160198888203
0.9654851176218755
0.9362253556110305
0.906992475541093
0.8767170556646202
0.8460349248900513
0.8150981761937831
0.7836937170524629
0.751576024251929
0.718672341236732
0.6848717772148929
0.6503260443004442
0.6153315276755454
0.5796620289350408
0.5405740668061578
0.5022891280394642
0.46559822320998934
0.42974524545825693
0.3969559112699922
0.3668566108500087
0.33993073666235346
0.3138543875776082
0.28936321397009906
0.26707762563185905
0.24771687158436378
0.231274054583141
0.2160606635169841
0.2032717382299213
0.193142264129051
0.18430536793933766
0.17885437983030172
0.1714715386497655
0.16756335330758396
0.16075216058001493
0.15693068752652073
0.15575628325504434
0.15622546937781323
0.15841642061257416
0.16261237073101856
0.15797810380163246
0.1494582768654039
0.1431244948175149
0.1390118610807161
0.1374521252846479
0.13776441739669415
0.14045894755670912
0.14495745698644907
0.14624399397539092
0.15038215747266068
0.13852105531591763
0.13282002382793762
0.13219806592030603
0.13380052264802603
0.13709808706352714
0.13513485653553628
0.13524534628884538
0.13741242503961817
0.1408268605554473
0.13566241949422905
0.13316191393766744
0.1322693364969061
0.12807654938602417
0.1269581500542174
0.1286408398761431
0.1319000603370635
0.13735026580092016
0.14396999341983752
0.14151196588567663
0.13560035560219533
0.13212120535557356
0.13100998516873533
0.1320931291923136
0.13555218576010683
0.14039444955270575
0.14293818730911498
0.14719815518259327
0.14413583199011107
0.14414550165750045
0.1478095323315855
0.14080323524197605
0.13834598664341172
0.14238696082676813
0.14645978915118835
0.14950498595512407
0.14740422767415967
0.14127643870616405
0.13945290107602848
0.14063399372220461
0.1387322835531777
0.13746246622015657
0.13997512515484786
0.1460084022048085
0.1533038248435149
0.15372630145859156
0.14640225069963342
0.14290652834057532
0.14297243697698467
0.14498492337713026
0.149802365425062
0.1473322889041434
0.1474638605699042
0.15089027921367057
0.1500847268444928
0.15246172943527242
0.15194044290408987
0.15199216977206967
0.15608797540532973
0.15218357464836296
0.14891277694638316
0.14453044703022588
0.14468990691357617
0.14852553036779323
0.1486061062603475
0.15195463482078858
0.15946230775561063
0.14991889034961903
0.14251603409846816
0.1415272162333208
0.1460041312600299
0.15245800585814073
0.15653937439225327
0.14517088704849523
0.13992590243946174
0.1401624052927435
0.14194985604065705
0.1444340554220093
0.14799498447804357
0.15525407978736303
0.1585801195932906
0.1602744103466895
0.1621945405439692
0.16075195462977845
0.15783804878827873
0.1542601830598601
0.15259634289213556
0.15305104588108484
0.15298568854861097
0.15493409325649143
0.154726441837731
0.15638333796636325
0.1547897724631895
0.15551317465532535
0.15848463725844855
0.1636547434086486
0.16873809287326816
0.17260835850096898
0.17216642591778886
0.16902021358400926
0.16574898421106643
0.16428802375125945
0.16441593775937663
0.1658498953636522
0.1627447949221461
0.16147202312668935
0.15996315734038616
0.16032564914131028
0.16238370858339582
0.1636025957771975
0.1666684039920168
0.17162984244331442
0.17450717438887792
0.17873170831123217
0.18740931477321854
0.16720000896738346
0.1519477362954222
0.14800977044604632
0.15225548671558523
0.16272441896308731
0.1731493539297631
0.156788223621812
0.1459500107657514
0.14192216877206845
0.14311840898321718
0.14866196741349688
0.1580995899376159
0.16723894030462064
0.18431503720455927
0.1882674809240799
0.18847046026177694
0.18839984265072937
0.18832819477217877
0.18512910175167538
0.1819969747230381
0.17827650971383477
0.17636193259026905
0.17630266113501514
