0.8043145027188991
0.7424364524158653
0.7413968454007167
0.7403523774749345
0.7393039363615886
0.7382520297014665
0.7371969374297576
0.7361388203097032
0.7350777731503696
0.7340138519206487
0.7329470885113705
0.7318774992840555
0.7308050902920007
0.7297298606169024
0.7286518045854122
0.7275709132913658
0.7264871756714514
0.7254005792841274
0.7243111108854505
0.7232187568621713
0.7221235035620188
0.721025337548268
0.7199242457973649
0.7188202158529291
0.7177132359457525
0.7166032950868872
0.715490383139158
0.7143744908711633
0.7132556099969477
0.7121337332038458
0.711008854170522
0.7098809675768456
0.708750069106966
0.7076161554467204
0.7064792242763331
0.7053392742592315
0.7041963050276636
0.7030503171657361
0.7019013121903805
0.7007492925307077
0.6995942615061341
0.6984362233036239
0.6972751829543336
0.696111146309913
0.6949441200186801
0.6937741115018465
0.6926011289299572
0.6914251811996694
0.6902462779109773
0.6890644293449764
0.6878796464422307
0.6866919407818033
0.6855013245609894
0.6843078105757798
0.6831114122020776
0.6819121433776743
0.6807100185849935
0.6795050528345898
0.6782972616494032
0.6770866610497475
0.675873267539018
0.674657098090097
0.6734381701324357
0.6722165015397821
0.670992110618535
0.6697650160966926
0.6685352371133644
0.66730279320883
0.6660677043151004
0.6648299907469655
0.6635896731934947
0.6623467727099677
0.6611013107102024
0.6598533089592586
0.6586027895664959
0.6573497749789536
0.6560942879750373
0.6548363516584852
0.6535759894525968
0.6523132250947024
0.6510480826308551
0.649780586410726
0.6485107610826892
0.6472386315890759
0.6459642231615883
0.6446875613168548
0.6434086718521117
0.6421275808410112
0.6408443146295228
0.6395588998319399
0.638271363326967
0.6369817322538824
0.6356900340087679
0.6343962962407976
0.6331005468485797
0.6318028139765379
0.6305031260113374
0.6292015115783351
0.6278979995380631
0.6265926189827298
0.6252853992327385
0.6239763698332197
0.6226655605505695
0.621353001368997
0.6200387224870696
0.6187227543142584
0.6174051274674814
0.6160858727676386
0.6147650212361375
0.6134426040914138
0.6121186527454294
0.6107931988001707
0.609466274044117
0.6081379104487035
0.6068081401647611
0.6054769955189405
0.6041445090101143
0.602810713305761
0.6014756412383291
0.6001393258015792
0.5988018001469049
0.5974630975796313
0.5961232515552946
0.5947822956758972
0.5934402636861424
0.5920971894696487
0.5907531070451371
0.5894080505626047
0.5880620542994726
0.5867151526567158
0.5853673801549661
0.5840187714306064
0.5826693612318354
0.5813191844147176
0.5799682759392164
0.5786166708652047
0.5772644043484638
0.5759115116366622
0.5745580280653173
0.5732039890537477
0.5718494301010042
0.5704943867817918
0.5691388947423774
0.567782989696483
0.5664267074211737
0.5650700837527267
0.5637131545824987
0.56235595585278
0.5609985235526413
0.5596408937137738
0.558283102406324
0.5569251857347228
0.5555671798335102
0.5542091208631545
0.5528510450058748
0.5514929884614539
0.5501349874430603
0.5487770781730616
0.5474192968788443
0.5460616797886355
0.5447042631273253
0.5433470831122986
0.5419901759492658
0.5406335778281053
0.539277324918708
0.5379214533668348
0.5365659992899814
0.5352109987732516
0.5338564878652421
0.5325025025739423
0.5311490788626438
0.5297962526458646
0.5284440597852889
0.5270925360857213
0.5257417172910595
0.5243916390802834
0.5230423370634643
0.5216938467777881
0.5203462036836111
0.5189994431605216
0.5176536005034345
0.5163087109187063
0.5149648095202737
0.5136219313258139
0.5122801112529396
0.5109393841154057
0.509599784619361
0.5082613473596149
0.5069241068159351
0.5055880973493838
0.5042533531986717
0.5029199084765525
0.5015877971662466
0.5002570531178987
0.4989277100450652
0.4975998015212426
0.49627336097642183
0.49494842169368714
0.49362501680584936
0.4923031792921092
0.49098294197476866
0.48966433751597316
0.4883473984144935
0.4870321570025551
0.4857186454426947
0.4844068957246678
0.483096939662394
0.4817888088909428
0.48048253486356396
0.4791781488487602
0.4778756819274008
0.47657516498988406
0.4752766287333384
0.473980103658873
0.4726856200688686
0.47139320806431917
0.4701028975422148
0.4688147181929758
0.46752869949792686
0.46624487072682486
0.46496326093542995
0.46368389896312523
0.462406813430585
0.46113203273749204
0.4598595850602969
0.45858949835003615
0.457321800330193
0.4560565184946057
0.4547936801054314
0.45353331219115267
0.45227544154463706
0.45102009472124827
0.4497672980370012
0.4485170775667745
0.44726945914256444
0.4460244683517992
0.4447821305356925
0.44354247078765374
0.44230551395175155
0.4410712846212156
0.43983980713700055
0.43861110558639715
0.43738520380168666
0.4361621253588529
0.43494189357634483
0.4337245315138806
0.4325100619713115
0.4312985074875261
0.43008989033941203
0.42888423254086516
0.42768155584183853
0.42648188172745793
0.42528523141716923
0.42409162586394566
0.42290108575353813
0.4217136315037733
0.4205292832639044
0.41934806091400534
0.41816998406441364
0.4169950720552188
0.41582334395579956
0.4146548185644098
0.4134895144078051
0.41232744974091895
0.4111686425465845
0.41001311053529865
0.4088608711450359
0.4077119415410996
0.40656633861602953
0.4054240789895328
0.4042851790084826
0.4031496547469441
0.40201752200623986
0.4008887963150727
0.39976349292968083
0.39864162683402704
0.39752321274004554
0.39640826508791827
0.3952967980463865
0.3941888255131186
0.39308436111510037
0.391983418209068
0.3908860098819883
0.389792148951562
0.38870184796677487
0.3876151192084849
0.38653197469003187
0.3854524261579061
0.3843764850924275
0.383304162708477
0.38223546995625435
0.3811704175220707
0.38010901582917067
0.37905127503859226
0.37799720505005785
0.3769468155028928
0.37590011577697446
0.37485711499371777
0.3738178220170868
0.3727822454546307
0.3717503936585569
0.37072227472682506
0.36969789650427354
0.3686772665837694
0.36766039230738645
0.36664728076761033
0.36563793880856277
0.36463237302726104
0.36363058977489116
0.36263259515810986
0.36163839504037143
0.36064799504327183
0.3596614005479164
0.3586786166963154
0.35769964839278867
0.3567245003054009
0.3557531768674148
0.35478568227875285
0.3538220205074989
0.35286219529139395
0.3519062101393676
0.3509540683330803
0.3500057729284771
0.3490613267573698
0.34812073242901964
0.3471839923317491
0.346251108634556
0.34532208328875125
0.34439691802960626
0.3434756143780092
0.34255817364214447
0.34164459691916893
0.34073488509691774
0.339829038855601
0.33892705866953277
0.3380289448088508
0.3371346973412551
0.33624431613375905
0.33535780085443867
0.33447515097419955
0.33359636576854723
0.33272144431936435
0.331850385516697
0.33098318806054616
0.3301198504626627
0.32926037104835437
0.32840474795828956
0.327552979150314
0.32670506240126673
0.32586099530879453
0.32502077529318607
0.3241843995991922
0.3233518652978583
0.3225231692883561
0.3216983082998178
0.3208772788931702
0.32006007746297105
0.3192467002392503
0.31843714328934325
0.31763140251972777
0.31682947367786884
0.3160313523540449
0.31523703398319414
0.31444651384673905
0.3136597870744279
0.3128768486461576
0.3120976933938113
0.3113223160030749
0.310550711015268
0.3097828728291584
0.3090187957027811
0.30825847375525084
0.3075019009685702
0.3067490711894342
0.3059999781310284
0.3052546153748299
0.3045129763723873
0.30377505444711217
0.3030408427960579
0.3023103344916901
0.30158352248365394
0.3008603996005351
0.3001409585516167
0.29942519192862227
0.2987130922074578
0.29800465174994706
0.29729986280555465
0.2965987175131083
0.29590120790250485
0.29520732589641396
0.2945170633119787
0.29383041186249204
0.2931473631590853
0.2924679087123877
0.29179203993419367
0.29111974813911046
0.2904510245462073
0.2897858602806358
0.28912424637526934
0.2884661737723051
0.28781163332487647
0.28716061579864427
0.28651311187338235
0.285869112144557
0.28522860712488274
0.2845915872458882
0.2839580428594517
0.2833279642393415
0.28270134158273363
0.28207816501173044
0.28145842457486003
0.2808421102485683
0.2802292119386979
0.2796197194819592
0.2790136226473927
0.27841091113780847
0.2778115745912303
0.2772156025823177
0.2766229846237763
0.27603371016776956
0.2754477686073016
0.27486514927760275
0.27428584145749324
0.2737098343707429
0.2731371171874216
0.27256767902522094
0.2720015089507898
0.2714385959810349
0.2708789290844269
0.27032249718228607
0.2697692891500537
0.2692192938185647
0.26867249997529286
0.2681288963655942
0.2675884716939354
0.2670512146251137
0.26651711378546084
0.2659861577640372
0.2654583351138108
0.2649336343528339
0.2644120439653991
0.2638935524031859
0.2633781480863956
0.2628658194048791
0.2623565547192461
0.26185034236196403
0.2613471706384535
0.2608470278281598
0.2603499021856225
0.2598557819415257
0.2593646553037484
0.2588765104583902
0.2583913355707944
0.2579091187865532
0.2574298482325136
0.2569535120177521
0.25648009823455864
0.2560095949593998
0.2555419902538648
0.25507727216561793
0.25461542872931486
0.2541564479675372
0.25370031789169156
0.25324702650290876
0.25279656179293053
0.2523489117449881
0.2519040643346674
0.251462007530756
0.2510227292960985
0.2505862175884176
0.25015246036114747
0.24972144556424147
0.24929316114496947
0.24886759504871803
0.24844473521976473
0.2480245696020521
0.2476070861399461
0.24719227277899147
0.2467801174666433
0.24637060815300849
0.24596373279155825
0.24555947933984423
0.24515783576019434
0.24475879002040823
0.24436233009443786
0.24396844396305806
0.24357711961453254
0.24318834504526254
0.24280210826043414
0.24241839727465297
0.24203720011256447
0.24165850480947937
0.2412822994119691
0.24090857197847393
0.24053731057988603
0.24016850330013118
0.2398021382367448
0.23943820350142364
0.23907668722059272
0.23871757753594203
0.23836086260496625
0.23800653060149435
0.23765456971620802
0.2373049681571544
0.2369577141502498
0.23661279593977413
0.2362702017888617
0.23592991997997625
0.2355919388153841
0.2352562466176199
0.23492283172994066
0.23459168251677376
0.23426278736415662
0.23393613468017482
0.23361171289537863
0.23328951046321367
0.23296951586041648
0.23265171758743086
0.23233610416879646
0.23202266415354467
0.23171138611557185
0.23140225865402086
0.2310952703936513
0.2307904099851913
0.2304876661057026
0.23018702745892006
0.22988848277559903
0.2295920208138481
0.22929763035945372
0.2290053002262069
0.22871501925621518
0.22842677632021402
0.22814056031786834
0.22785636017806665
0.22757416485921766
0.22729396334953067
0.22701574466729113
0.22673949786114223
0.2264652120103393
0.2261928762250266
0.22592247964647616
0.22565401144734787
0.22538746083193306
0.22512281703638737
0.22486006932896918
0.2245992070102646
0.2243402194134121
0.22408309590431708
0.22382782588186512
0.22357439877813012
0.22332280405857297
0.22307303122224276
0.22282506980196126
0.2225789093645174
0.22233453951084492
0.22209194987620118
0.22185113013033853
0.2216120699776738
0.22137475915744853
0.22113918744388972
0.22090534464636535
0.22067322060952943
0.22044280521347348
0.22021408837386047
0.21998706004206692
0.21976171020531465
0.21953802888679474
0.21931600614579672
0.21909563207782468
0.218876896814718
0.21865979052475693
0.2184443034127782
0.2182304257202703
0.218018147725482
0.21780745974351579
0.2175983521264212
0.2173908152632822
0.21718483958030366
0.2169804155408932
0.21677753364574714
0.2165761844329097
0.21637635847786052
0.21617804639357097
0.2159812388305794
0.21578592647704176
0.21559210005879947
0.21539975033942882
0.21520886812029427
0.21501944424059882
0.2148314695774275
0.21464493504578896
0.2144598315986611
0.21427615022702096
0.21409388195987822
0.21391301786431594
0.21373354904550812
0.21355546664674563
0.21337876184946636
0.21320342587326813
0.21302944997592788
0.21285682545341567
0.21268554363990777
0.21251559590779634
0.2123469736676924
0.2121796683684346
0.2120136714970885
0.21184897457894591
0.21168556917752424
0.21152344689455915
0.21136259936999513
0.21120301828198063
0.21104469534685066
0.21088762231911462
0.21073179099144124
0.2105771931946374
0.21042382079762711
0.2102716657074314
0.21012071986914105
0.20997097526588682
0.20982242391882044
0.20967505788706975
0.20952886926771708
0.2093838501957591
0.20923999284407013
0.20909728942336603
0.20895573218216468
0.20881531340673887
0.20867602542107433
0.20853786058682944
0.20840081130328014
0.20826487000727578
0.20813002917318746
0.20799628131285663
0.20786361897553773
0.20773203474784763
0.2076015212537059
0.20747207115427546
0.20734367714790813
0.2072163319700725
0.20709002839330426
0.20696475922713287
0.20684051731801878
0.20671729554928564
0.2065950868410531
0.20647388415016676
0.20635368047012737
0.20623446883101815
0.2061162422994287
0.20599899397838917
0.20588271700728145
0.20576740456177067
0.20565304985372912
0.20553964613114883
0.20542718667806292
0.2053156648144704
0.20520507389624865
0.20509540731506404
0.20498665849830022
0.20487882090896026
0.20477188804558866
0.20466585344217192
0.20456071066806558
0.20445645332789197
0.2043530750614525
0.2042505695436393
0.20414893048433747
0.20404815162833856
0.2039482267552416
0.20384914967935452
0.2037509142496079
0.20365351434945078
0.20355694389675705
0.20346119684372133
0.20336626717677075
0.20327214891645073
0.20317883611733956
0.20308632286793626
0.20299460329056096
0.20290367154125877
0.2028135218096886
0.20272414831902041
0.2026355453258376
0.2025477071200239
0.20246062802465936
0.2023743023959188
0.20228872462295933
0.20220388912781706
0.20211979036529437
0.20203642282285772
0.20195378102052208
0.20187185951074615
0.2017906528783211
0.20171015574025708
0.20163036274567858
0.20155126857570804
0.20147286794335184
0.20139515559339716
0.2013181263022893
0.2012417748780252
0.20116609616003622
0.2010910850190749
0.20101673635710426
0.20094304510717853
0.20087000623333007
0.20079761473045343
0.20072586562419525
0.200654753970825
0.20058427485713504
0.200514423400313
0.20044519474782863
0.20037658407731695
0.20030858659646011
0.2002411975428705
0.20017441218397292
0.2001082258168877
0.20004263376830622
0.19997763139438618
0.19991321408061402
0.1998493772417027
0.19978611632146615
0.1997234267926965
0.19966130415705152
0.19959974394493052
0.19953874171535657
0.19947829305585518
0.1994183935823387
0.19935903893898033
0.1993002247980976
0.19924194686003094
0.19918420085302413
0.19912698253310257
0.19907028768395574
0.19901411211681364
0.19895845167032522
0.1989033022104424
0.19884865963029552
0.19879451985007313
0.1987408788169026
0.19868773250472704
0.19863507691418947
0.19858290807250378
0.1985312220333384
0.19848001487670164
0.19842928270880955
0.1983790216619704
0.19832922789446605
0.1982798975904282
0.19823102695971617
0.19818261223780442
0.1981346496856512
0.19808713558958413
0.19804006626117665
0.19799343803713476
0.19794724727916824
0.19790149037387084
0.19785616373260717
0.1978112637913857
0.19776678701074457
0.19772272987562467
0.19767908889525543
0.19763586060303318
0.19759304155640434
0.19755062833674175
0.19750861754922455
0.1974670058227278
0.19742578980969228
0.19738496618601575
0.1973445316509248
0.19730448292686475
0.19726481675937502
0.19722552991697484
0.19718661919104452
0.19714808139570683
0.1971099133677069
0.19707211196630103
0.19703467407313635
0.1969975965921278
0.19696087644935245
0.19692451059292404
0.19688849599287883
0.19685282964106632
0.19681750855101798
0.19678252975784494
0.19674789031811857
0.19671358730975574
0.19667961783189591
0.19664597900480052
0.1966126679697261
0.19657968188881403
0.19654701794497964
0.1965146733417934
0.196482645303369
0.19645093107424916
0.19641952791929673
0.196388433123576
0.19635764399224476
0.1963271578504382
0.19629697204315655
0.19626708393515946
0.19623749091084897
0.1962081903741576
0.1961791797484418
0.19615045647636686
0.19612201801980245
0.19609386185970556
0.19606598549601228
0.19603838644753369
0.19601106225184195
0.19598401046516212
0.19595722866226462
0.19593071443635524
0.19590446539897
0.19587847917986279
0.19585275342690467
0.19582728580597442
0.19580207400084504
0.1957771157130882
0.19575240866196453
0.19572795058431092
0.19570373923444684
0.1956797723840603
0.19565604782210733
0.1956325633547098
0.1956093168050419
0.19558630601323912
0.19556352883628314
0.19554098314791302
0.1955186668385046
0.1954965778149832
0.1954747140007188
0.19545307333541528
0.19543165377501903
0.1954104532916161
0.19538946987332995
0.19536870152422148
0.19534814626418884
0.1953278021288738
0.19530766716954917
0.19528773945303735
0.1952680170615988
0.19524849809283873
0.19522918065961214
0.1952100628899206
0.19519114292682138
0.19517241892832782
0.19515388906731201
0.19513555153141404
0.19511740452294057
0.19509944625877218
0.19508167497027307
0.1950640889031896
0.19504668631756117
0.19502946548762468
0.1950124247017242
0.1949955622622116
0.19497887648536538
0.19496236570128822
0.19494602825381857
0.19492986250044242
0.19491386681220135
0.19489803957359875
0.19488237918251328
0.1948668840501071
0.19485155260074027
0.19483638327187647
0.19482137451399917
0.19480652479052074
0.19479183257769783
0.19477729636453722
0.19476291465271878
0.19474868595650152
0.19473460880263993
0.19472068173029822
0.19470690329096396
0.19469327204836429
0.19467978657838414
0.19466644546897205
0.19465324732006895
0.19464019074351768
0.19462727436298033
0.19461449681385778
0.19460185674320407
0.19458935280964995
0.194576983683315
0.19456474804573298
0.1945526445897653
0.19454067201952474
0.19452882905029523
0.19451711440844888
0.1945055268313719
0.19449406506738265
0.19448272787565302
0.19447151402613316
0.1944604222994708
0.19444945148693726
0.194438600390349
0.19442786782198962
0.19441725260453746
0.19440675357098736
0.1943963695645764
0.19438609943871
0.19437594205688435
0.19436589629261558
0.1943559610293666
0.1943461351604715
0.19433641758906184
0.19432680722799722
0.19431730299979055
0.1943079038365405
0.19429860867985427
0.19428941648078013
0.19428032619973867
0.19427133680644781
0.19426244727985564
0.19425365660807214
0.1942449637882987
0.19423636782675813
0.19422786773863032
0.1942194625479804
0.19421115128769184
0.19420293299940283
0.19419480673343426
0.19418677154872832
0.19417882651277896
0.19417097070156786
0.19416320319949698
0.19415552309933082
0.1941479295021189
0.19414042151714617
0.19413299826185704
0.19412565886180289
0.194118402450567
0.1941112281697156
0.19410413516872038
0.1940971226049112
0.19409018964340496
0.19408333545704692
0.19407655922635147
0.19406986013944005
0.19406323739198017
0.194056690187129
0.1940502177354696
0.1940438192549565
0.19403749397085235
0.1940312411156756
0.194025059929134
0.1940189496580752
0.19401290955642692
0.19400693888513587
0.19400103691211745
0.19399520291219519
0.193989436167049
0.19398373596515317
0.19397810160172957
0.1939725323786844
0.19396702760456253
0.19396158659448293
0.193956208670096
0.19395089315952063
0.19394563939729859
0.19394044672433697
0.19393531448785772
0.19393024204134235
0.19392522874448848
0.19392027396314793
0.1939153770692842
0.19391053744091524
0.19390575446206793
0.19390102752272587
0.19389635601877886
0.19389173935197512
