0.8255315386026266
0.9734550769053796
0.972039658556734
0.9704000144654908
0.9686010457019945
0.966634021670842
0.9644879815418951
0.9621506191860036
0.959608262529973
0.9568459415152499
0.9538474574016482
0.9505954388979658
0.9470713911456649
0.9432557456335817
0.939127917806529
0.9346663777252535
0.929848738117283
0.9246518634571133
0.9190520031982573
0.9130249518441735
0.9065462381169557
0.8995913450119083
0.89213596197845
0.8841562698198235
0.8756292581410812
0.8665330742894753
0.8568474017238912
0.8465538646282289
0.8356364543639774
0.8240819720648223
0.8118804803456476
0.7990257557737798
0.7855157324850438
0.7713529261825542
0.7565448268000651
0.7411042474161447
0.7250496166431888
0.7084052017558284
0.6912012503280731
0.6734740391657414
0.6552658208797673
0.6366246605522816
0.617604157577629
0.5982630508593205
0.5786647090219541
0.5588765110314979
0.5389691264548151
0.5190157083522455
0.4990910152924627
0.47927048200986977
0.4596292606045963
0.4402412557515283
0.421178178014884
0.40250863898768463
0.384297310582149
0.36660416844472354
0.34948383628117385
0.3329850440340446
0.3171502085830179
0.3020151411913474
0.28760888155707864
0.2739536542882224
0.26106494011150705
0.2489516512970088
0.2376163987250277
0.22705583676034935
0.2172610715936969
0.20821811887050556
0.19990839712567832
0.19230924463234922
0.18539444860219156
0.17913477710610026
0.17349850550139445
0.16845193047034035
0.16395986594230105
0.15998611616696756
0.15649392203386503
0.15344637741763212
0.15080681290458975
0.148539144762725
0.14660818749051796
0.1449799287485679
0.14362176596002152
0.14250270436898038
0.1415935168671879
0.14086686642776325
0.14029739250364048
0.1398617632389546
0.1395386957846284
0.13930894738822797
0.13915528023007184
0.13906240319436802
0.13901689389289873
0.13900710430108865
0.1390230533277963
0.13905630952964143
0.13909986700909827
0.13914801731470794
0.13919621990430198
0.13924097344950903
0.13927968996342788
0.13931057343266018
0.13933250433812328
0.1393449311631728
0.1393477697174763
0.13934131085499335
0.1393261369367954
0.13930304718604114
0.13927299190395326
0.13923701536210464
0.13919620705729485
0.1391516609097735
0.13910444190222881
0.1390555595943912
0.1390059479045349
0.13895645052281014
0.13890781131039764
0.13886066904107064
0.1388155558559312
0.13877289882620014
0.13873302405106636
0.1386961627561204
0.138662458901314
0.13863197785404324
0.13860471573169375
0.13858060906746295
0.13855954450245156
0.1385413682550225
0.13852589516430613
0.1385129171480034
0.13850221095476167
0.13849354512780143
0.13848668612924975
0.1384814036032932
0.13847747478097217
0.13847468805022922
0.1384728457317005
0.13847176611408407
0.1384712848128039
0.1384712555225156
0.1384715502380388
0.13847205901986293
0.13847268937985202
0.13847336536047405
0.13847402637708683
0.1384746258879671
0.1384751299509649
0.1384755157194334
0.13847576992337352
0.13847588737500927
0.13847586953130975
0.1384757231395023
0.13847545898548752
0.13847509075940534
0.13847463404745142
0.13847410545441596
0.13847352185748296
0.13847289978840027
0.13847225493835014
0.13847160177766915
0.13847095328085357
0.13847032074616916
0.13846971369844663
0.1384691398633452
0.13846860520143156
0.13846811399073988
0.13846766894706974
0.13846727137203196
0.1384669213198011
0.13846661777447655
0.13846635883106118
0.13846614187410522
0.1384659637491389
0.13846582092303095
0.13846570963036964
0.1384656260038405
0.1384655661873907
0.13846552643163157
0.13846550317156814
0.13846549308722933
0.13846549314815693
0.13846550064307106
0.13846551319618394
0.1384655287718335
0.13846554566916114
0.13846556250856557
0.1384655782116071
0.13846559197601582
0.1384656032472642
0.13846561168806304
0.13846561714700123
0.13846561962733073
0.13846561925677403
0.13846561625904308
0.13846561092759957
0.13846560360203586
0.13846559464732333
0.13846558443603907
0.13846557333359988
0.138465561686413
