0.8051198750456592
0.7390318907294726
0.7380070628615463
0.7369779302690711
0.7359452388717416
0.7349093969552813
0.7338706255005902
0.7328290490383085
0.7317847391045256
0.7307377361809182
0.7296880615894468
0.7286357243663191
0.72758072545663
0.7265230603948913
0.7254627210866545
0.7243996970331739
0.7233339761977964
0.7222655456340863
0.721194391950672
0.7201205016610945
0.7190438614506187
0.7179644583816758
0.7168822800529902
0.7157973147230625
0.7147095514057491
0.7136189799436523
0.712525591063635
0.7114293764177659
0.710330328612292
0.7092284412266957
0.7081237088245089
0.7070161269572484
0.7059056921626213
0.7047924019579495
0.7036762548296395
0.7025572502193859
0.7014353885077187
0.7003106709954103
0.6991830998831947
0.6980526782501941
0.6969194100313911
0.6957832999944418
0.6946443537160895
0.6935025775583947
0.6923579786449703
0.6912105648373865
0.6900603447118743
0.6889073275364479
0.6877515232485312
0.6865929424331672
0.6854315963018732
0.6842674966721787
0.6831006559478857
0.681931087100075
0.6807588036488659
0.6795838196459385
0.6784061496578209
0.6772258087499221
0.6760428124713147
0.6748571768402359
0.6736689183302982
0.6724780538573804
0.6712846007671807
0.6700885768233991
0.6688900001965306
0.6676888894532312
0.6664852635462404
0.665279141804819
0.6640705439256886
0.6628594899644298
0.6616460003273246
0.6604300957636082
0.6592117973581102
0.6579911265242524
0.656768104997389
0.6555427548284596
0.6543150983779293
0.6530851583100086
0.6518529575871144
0.6506185194645684
0.6493818674855083
0.6481430254759919
0.6469020175402831
0.6456588680563056
0.6444136016712383
0.6431662432972589
0.6419168181074011
0.6406653515315319
0.6394118692524249
0.6381563972019291
0.6368989615572167
0.6356395887371005
0.6343783053984249
0.6331151384325016
0.6318501149616031
0.6305832623354961
0.6293146081280117
0.6280441801336456
0.6267720063641875
0.6254981150453671
0.62422253461352
0.6229452937122661
0.6216664211891938
0.6203859460925543
0.6191038976679566
0.6178203053550588
0.6165351987842627
0.6152486077734003
0.6139605623244104
0.6126710926200123
0.6113802290203623
0.6100880020597037
0.6087944424430003
0.6074995810425536
0.6062034488946104
0.6049060771959465
0.6036074973004393
0.602307740715619
0.6010068390992025
0.5997048242556084
0.5984017281324552
0.597097582817034
0.5957924205327696
0.594486273635658
0.5931791746106831
0.5918711560682186
0.5905622507404047
0.5892524914775124
0.5879419112442821
0.5866305431162531
0.5853184202760624
0.5840055760097371
0.5826920437029655
0.581377856837348
0.5800630489866367
0.5787476538129592
0.5774317050630231
0.576115236564309
0.5747982822212501
0.5734808760113976
0.5721630519815724
0.5708448442440082
0.5695262869724789
0.5682074143984228
0.5668882608070478
0.5655688605334366
0.5642492479586383
0.5629294575057537
0.5616095236360199
0.5602894808448788
0.5589693636580508
0.5576492066275991
0.5563290443279931
0.5550089113521692
0.5536888423075901
0.5523688718123043
0.5510490344910057
0.5497293649710948
0.5484098978787422
0.5470906678349552
0.5457717094516483
0.5444530573277195
0.543134746045133
0.5418168101650049
0.5404992842237006
0.5391822027289421
0.5378656001559174
0.5365495109434086
0.5352339694899291
0.5339190101498661
0.5326046672296467
0.5312909749839125
0.5299779676117062
0.5286656792526812
0.5273541439833196
0.5260433958131765
0.5247334686811334
0.523424396451676
0.5221162129111947
0.5208089517642953
0.5195026466301451
0.5181973310388297
0.5168930384277404
0.5155898021379808
0.5142876554108033
0.5129866313840661
0.5116867630887183
0.5103880834453145
0.5090906252605547
0.5077944212238523
0.506499503903932
0.5052059057454616
0.5039136590657072
0.5026227960512268
0.5013333487545897
0.5000453490911354
0.4987588288357586
0.49747381961973514
0.49619035292757874
0.4949084600939325
0.49362817230049694
0.4923495205729983
0.491072535778186
0.48979724862087537
0.48852368964102444
0.48725188921085094
0.4859818775319833
0.48471368463266207
0.48344734036497095
0.4821828744021134
0.4809203162357276
0.47965969517324714
0.47840104033529907
0.47714438065314746
0.4758897448661751
0.4746371615194146
0.47338665896111654
0.4721382653403686
0.470892008604748
0.46964791649802906
0.46840601655793124
0.4671663361139068
0.4659289022849843
0.4646937419776477
0.46346088188376766
0.46223034847857136
0.46100216801866967
0.45977636654011833
0.45855296985653315
0.45733200355724757
0.45611349300552206
0.4548974633367927
0.45368393945697416
0.4524729460408039
0.4512645075302376
0.45005864813288754
0.4488553918205117
0.4476547623275474
0.44645678314969495
0.44526147754254264
0.44406886852024796
0.44287897885425476
0.44169183107206866
0.4405074474560705
0.43932585004238
0.43814706061976894
0.43697110072861667
0.4357979916599112
0.43462775445430535
0.4334604099012078
0.4322959785379271
0.43113448064886184
0.4299759362647305
0.4288203651618563
0.4276677868614893
0.426518220629177
0.4253716854741777
0.42422820014892626
0.423087783148528
0.4219504527103183
0.42081622681344466
0.4196851231785097
0.4185571592672449
0.4174323522822374
0.4163107191666906
0.41519227660423097
0.4140770410187605
0.4129650285743439
0.4118562551751398
0.4107507364653774
0.40964848782936714
0.4085495243915517
0.40745386101660386
0.4063615123095571
0.4052724926159764
0.4041868160221699
0.4031044963554343
0.402025547184345
0.4009499818190764
0.3998778133117654
0.3988090544569044
0.39774371779177264
0.39668181559691185
0.39562335989662223
0.39456836245950533
0.39351683479903055
0.3924687881741461
0.3914242335899155
0.39038318179818854
0.38934564329830745
0.38831162833783905
0.38728114691334603
0.386254208771179
0.38523082340830916
0.384211000073185
0.38319474776661344
0.38218207524268544
0.3811729910097098
0.3801675033311921
0.37916562022682754
0.37816734947353237
0.3771726986064904
0.37618167492023247
0.3751942854697389
0.37421053707156626
0.37323043630499986
0.3722539895132253
0.3712812028045308
0.37031208205352406
0.3693466329023777
0.36838486076209176
0.36742677081377895
0.36647236800997074
0.3655216570759442
0.36457464251106675
0.363631328590159
0.362691719364879
0.36175581866512385
0.3608236301004454
0.35989515706148867
0.3589704027214412
0.35804937003750326
0.3571320617523692
0.35621848039572557
0.35530862828576504
0.35440250753071356
0.35350012003037057
0.35260146747766286
0.35170655136020723
0.3508153729618976
0.3499279333644826
0.3490442334491779
0.34816427389827354
0.347288055196752
0.3464155776339308
0.3455468413050915
0.34468184611314134
0.34382059177026414
0.3429630777995898
0.34210930353687174
0.3412592681321627
0.340412970551511
0.3395704095786475
0.3387315838166911
0.3378964916898558
0.33706513144516015
0.33623750115414286
0.3354135987145864
0.3345934218522396
0.33377696812254676
0.33296423491237725
0.33215521944176263
0.33134991876563025
0.33054832977554527
0.32975044920144636
0.32895627361339497
0.3281657994233106
0.3273790228867183
0.326595940104493
0.32581654702460006
0.32504083944384454
0.32426881300960886
0.32350046322159687
0.3227357854335765
0.32197477485511516
0.321217426553321
0.3204637354545765
0.31971369634626934
0.3189673038785261
0.3182245525659373
0.31748543678928254
0.3167499507972479
0.3160180887081462
0.31528984451162534
0.31456521207038024
0.31384418512185375
0.31312675727993744
0.31241292203666193
0.3117026727638912
0.3109960027149977
0.31029290502654494
0.3095933727199597
0.30889739870319166
0.30820497577237826
0.30751609661349333
0.3068307538039923
0.30614893981445446
0.3054706470102104
0.30479586765296685
0.3041245939024281
0.30345681781789813
0.3027925313598866
0.3021317263917006
0.3014743946810309
0.3008205279015268
0.30017011763436763
0.2995231553698209
0.2988796325087931
0.29823954036437506
0.2976028701633703
0.2969696130478269
0.2963397600765457
0.29571330222659065
0.295090230394783
0.29447053539918944
0.29385420798060036
0.2932412388039952
0.2926316184600025
0.29202533746634796
0.2914223862692885
0.2908227552450434
0.2902264347012169
0.2896334148781916
0.2890436859505413
0.2884572380284073
0.28787406115887926
0.2872941453273584
0.28671748045891887
0.28614405641964236
0.28557386301796006
0.285006890005973
0.2844431270807658
0.2838825638857069
0.28332519001173884
0.282770994998661
0.2822199683363992
0.28167209946625826
0.2811273777821738
0.2805857926319497
0.28004733331847953
0.27951198910096464
0.27897974919611224
0.2784506027793333
0.2779245389859205
0.27740154691222063
0.2768816156167877
0.2763647341215396
0.2758508914128889
0.2753400764428705
0.2748322781302567
0.2743274853616625
0.2738256869926343
0.27332687184873505
0.2728310287266146
0.2723381463950679
0.2718482135960878
0.2713612190458936
0.2708771514359727
0.27039599943408066
0.2699177516852598
0.26944239681282467
0.2689699234193492
0.26850032008763913
0.2680335753816939
0.2675696778476575
0.2671086160147591
0.26665037839624295
0.266194953490289
0.2657423297809208
0.26529249573890157
0.26484543982262376
0.2644011504789908
0.26395961614427277
0.2635208252449779
0.2630847661986846
0.26265142741488556
0.2622207972958138
0.2617928642372549
0.26136761662935226
0.26094504285740916
0.26052513130266564
0.2601078703430795
0.25969324835409147
0.2592812537093786
0.25887187478160545
0.2584650999431538
0.2580609175668548
0.257659316026705
0.25726028369857323
0.25686380896089966
0.25646988019538275
0.25607848578766157
0.2556896141279843
0.2553032536118688
0.2549193926407577
0.254538019622656
0.25415912297276966
0.25378269111412666
0.25340871247819796
0.2530371755054964
0.2526680686461845
0.25230138036065564
0.2519370991201222
0.25157521340718214
0.2512157117163881
0.2508585825547972
0.25050381444252334
0.25015139591327407
0.24980131551488194
0.2494535618098226
0.2491081233757373
0.24876498880593256
0.24842414670988233
0.24808558571371397
0.24774929446069816
0.2474152616117169
0.24708347584573687
0.24675392586026101
0.24642660037179198
0.24610148811626675
0.2457785778494973
0.24545785834760325
0.2451393184074312
0.24482294684697237
0.24450873250576788
0.24419666424531294
0.24388673094945146
0.24357892152476257
0.24327322490093783
0.2429696300311619
0.2426681258924721
0.2423687014861221
0.2420713458379401
0.24177604799866714
0.24148279704430353
0.2411915820764431
0.24090239222259902
0.24061521663652652
0.2403300444985379
0.2400468650158155
0.23976566742270833
0.23948644098103422
0.23920917498037164
0.2389338587383406
0.23866048160088782
0.2383890329425572
0.23811950216675848
0.23785187870602986
0.23758615202229683
0.2373223116071217
0.23706034698194867
0.2368002476983483
0.23654200333824715
0.23628560351416483
0.2360310378694327
0.2357782960784175
0.23552736784673367
0.23527824291145316
0.23503091104131169
0.23478536203690759
0.234541585730894
0.23429957198817508
0.23405931070608388
0.23382079181456827
0.23358400527636425
0.2333489410871693
0.2331155892758049
0.23288393990438794
0.23265398306847695
0.23242570889723524
0.23219910755357143
0.23197416923429737
0.23175088417025214
0.23152924262645236
0.23130923490221955
0.23109085133130824
0.230874082282032
0.23065891815738027
0.23044534939514094
0.23023336646800574
0.23002295988368993
0.2298141201850239
0.22960683795006587
0.2294011037921927
0.22919690836019935
0.2289942423383854
0.22879309644664192
0.2285934614405405
0.22839532811140906
0.22819868728640635
0.22800352982860128
0.22780984663703963
0.22761762864681
0.2274268668291093
0.2272375521913056
0.22704967577698865
0.2268632286660318
0.22667820197463795
0.22649458685538948
0.2263123744972968
0.22613155612583113
0.22595212300297718
0.22577406642725706
0.22559737773377586
0.22542204829424073
0.22524806951700327
0.22507543284706744
0.2249041297661304
0.22473415179259082
0.2245654904815707
0.2243981374249323
0.22423208425128827
0.2240673226260118
0.22390384425124765
0.22374164086591375
0.22358070424570364
0.223421026203095
0.223262598587338
0.22310541328445854
0.22294946221724654
0.22279473734525457
0.22264123066478103
0.2224889342088624
0.222337840047251
0.2221879402864121
0.22203922706948875
0.22189169257629227
0.2217453290232786
0.22160012866351586
0.2214560837866658
0.2213131867189534
0.2211714298231312
0.22103080549845755
0.22089130618064934
0.220752924341861
0.22061565249063053
0.22047948317185606
0.22034440896674246
0.2202104224927678
0.22007751640363404
0.21994568338921816
0.21981491617553406
0.21968520752467635
0.2195565502347705
0.21942893713992329
0.21930236111016432
0.21917681505139852
0.2190522919053427
0.21892878464947085
0.21880628629695698
0.21868478989660556
0.21856428853279997
0.21844477532543483
0.2183262434298494
0.21820868603676613
0.21809209637221694
0.21797646769748225
0.21786179330901534
0.21774806653837409
0.21763528075215144
0.21752342935189606
0.2174125057740416
0.2173025034898345
0.2171934160052511
0.21708523686092296
0.21697795963205957
0.21687157792836842
0.21676608539396935
0.21666147570732253
0.21655774258113436
0.21645487976228328
0.21635288103173267
0.21625174020443794
0.21615145112927392
0.21605200768893706
0.21595340379985917
0.21585563341212122
0.21575869050936147
0.21566256910868553
0.21556726326057474
0.21547276704879426
0.2153790745903006
0.21528618003514277
0.2151940775663781
0.21510276139996687
0.21501222578468315
0.21492246500201329
0.21483347336606196
0.2147452452234554
0.21465777495323557
0.2145710569667717
0.21448508570765157
0.21439985565158481
0.21431536130630302
0.21423159721145402
0.21414855793850585
0.21406623809063607
0.2139846323026352
0.21390373524080042
0.21382354160283423
0.2137440461177338
0.2136652435456895
0.21358712867797902
0.21350969633686
0.21343294137546887
0.21335685867770227
0.21328144315812037
0.21320668976183654
0.2131325934644036
0.2130591492717132
0.21298635221988105
0.21291419737513817
0.21284267983372385
0.2127717947217752
0.21270153719521412
0.21263190243963603
0.21256288567020365
0.212494482131532
0.21242668709757595
0.21235949587152214
0.21229290378567311
0.21222690620133733
0.21216149850871446
0.21209667612678373
0.21203243450318932
0.21196876911413287
0.21190567546424655
0.21184314908649649
0.21178118554205572
0.21171978042019501
0.21165892933816888
0.21159862794109863
0.2115388719018637
0.21147965692097515
0.21142097872647392
0.21136283307380932
0.2113052157457207
0.21124812255212932
0.21119154933001816
0.2111354919433195
0.2110799462827938
0.21102490826592202
0.21097037383678086
0.21091633896593776
0.21086279965032262
0.21080975191312445
0.21075719180366204
0.21070511539728065
0.21065351879523053
0.21060239812454562
0.21055174953793776
0.21050156921367302
0.21045185335545868
0.21040259819232432
0.2103537999785129
0.21030545499335318
0.2102575595411541
0.21021010995108602
0.21016310257706083
0.21011653379761863
0.21007040001581423
0.21002469765909781
0.20997942317920104
0.20993457305201968
0.20989014377749982
0.20984613187952217
0.2098025339057853
0.20975934642769045
0.20971656604022948
0.20967418936186244
0.20963221303441226
0.20959063372294107
0.20954944811564102
0.20950865292371423
0.20946824488126625
0.20942822074518386
0.20938857729502358
0.20934931133289914
0.20931041968336384
0.20927189919329925
0.20923374673180495
0.20919595919007394
0.20915853348129243
0.20912146654051877
0.2090847553245686
0.20904839681191023
0.20901238800254618
0.20897672591789862
0.2089414076007049
0.2089064301148963
0.20887179054549254
0.20883748599848884
0.2088035136007398
0.2087698704998574
0.20873655386409096
0.20870356088221786
0.20867088876344042
0.20863853473726313
0.20860649605339365
0.2085747699816265
0.20854335381173816
0.2085122448533675
0.20848144043592098
0.20845093790845282
0.2084207346395588
0.2083908280172727
0.20836121544894892
0.20833189436116417
0.2083028621996026
0.20827411642895122
0.20824565453279253
0.20821747401349855
0.20818957239212255
0.20816194720829406
0.2081345960201092
0.20810751640403158
0.20808070595478123
0.20805416228523255
0.20802788302630326
0.20800186582686153
0.20797610835360736
0.20795060829098067
0.20792536334105183
0.20790037122341776
0.20787562967510154
0.20785113645044595
0.20782688932101545
0.20780288607548936
0.20777912451956404
0.20775560247584812
0.20773231778376433
0.20770926829944514
0.20768645189563284
0.2076638664615832
0.2076415099029626
0.2076193801417433
0.2075974751161157
0.20757579278037752
0.207554331104843
0.2075330880757421
0.20751206169512193
0.2074912499807483
0.20747065096601203
0.20745026269982636
0.20743008324653855
0.20741011068582382
0.20739034311259574
0.2073707786369111
0.20735141538387047
0.20733225149352597
0.20731328512078806
0.2072945144353251
0.20727593762147967
0.20725755287816694
0.2072393584187816
0.20722135247111295
0.2072035332772404
0.2071858990934533
0.2071684481901528
0.2071511788517606
0.20713408937663047
0.20711717807695296
0.20710044327867438
0.20708388332139505
0.20706749655828915
0.20705128135601047
0.2070352360946064
0.20701935916742842
0.2070036489810434
0.20698810395514544
0.206972722522471
0.20695750312871264
0.2069424442324258
0.2069275443049502
0.20691280183031957
0.20689821530517938
0.20688378323869794
0.20686950415248662
0.20685537658050646
0.20684139906899734
0.2068275701763843
0.20681388847319748
0.20680035254198825
0.20678696097724847
0.2067737123853286
0.2067606053843538
0.20674763860414436
0.2067348106861321
0.20672212028328474
0.20670956606001967
0.2066971466921309
0.20668486086670068
0.20667270728203235
0.20666068464755705
0.2066487916837697
0.20663702712214127
0.2066253897050444
0.2066138781856769
0.2066024913279838
0.2065912279065828
0.20658008670668426
0.20656906652401918
0.2065581661647643
0.20654738444546095
0.20653672019294966
0.20652617224428926
0.20651573944668422
0.20650542065741329
0.20649521474375676
0.20648512058291713
0.20647513706195564
0.20646526307771718
0.2064554975367554
0.20644583935526484
0.206436287459011
0.2064268407832549
0.20641749827269085
0.2064082588813676
0.20639912157262685
0.2063900853190277
0.2063811491022861
0.20637231191319672
0.2063635727515729
0.20635493062617527
0.2063463845546475
0.20633793356344565
0.20632957668777507
0.20632131297152168
0.20631314146719026
0.20630506123583414
0.20629707134699415
0.20628917087863252
0.20628135891706723
0.20627363455691217
0.206265996901008
0.2062584450603654
0.20625097815409799
0.2062435953093592
0.206236295661283
0.2062290783529227
0.20622194253518533
0.2062148873667744
0.20620791201412858
0.20620101565136328
0.2061941974602025
0.20618745662993065
0.206180792357325
0.20617420384660134
0.20616769030935245
0.20616125096449334
0.20615488503819857
0.2061485917638488
0.20614237038197214
0.20613622014018818
0.20613014029315024
0.20612413010249198
0.2061181888367657
0.20611231577139455
0.20610651018861026
0.20610077137740646
0.20609509863347497
0.20608949125916054
0.2060839485633984
0.20607846986167022
0.20607305447594337
0.20606770173462186
0.20606241097249356
0.20605718153067787
0.20605201275657192
0.206046904003804
0.20604185463217906
0.20603686400762544
0.20603193150215182
0.20602705649378994
0.20602223836654865
0.20601747651036295
0.2060127703210486
0.2060081192002432
0.20600352255536947
0.20599897979958415
0.20599449035172268
0.20599005363626155
0.2059856690832641
0.20598133612833636
0.2059770542125815
0.20597282278255247
0.20596864129020354
0.2059645091928487
0.20596042595311392
0.20595639103889274
0.2059524039232996
0.20594846408463097
0.2059445710063149
