1.4271890556902138
1.3837123808903717
1.3702152348896925
1.3534580636674642
1.334573372774545
1.3135528989892227
1.290974769478328
1.2675688702030774
1.2410047983293229
1.2121952884347382
1.1818090418153286
1.1504440471368333
1.118587041059308
1.084316356925547
1.0508855137912971
1.0183316278915262
0.9866610254527224
0.9548222495372526
0.9221095412543338
0.8890343912285497
0.8555493625626864
0.821471526425089
0.786697458515426
0.7503786369633731
0.713256559030084
0.6759138254275897
0.6383167062791555
0.600218941465225
0.5616172314297624
0.5244843617830481
0.483852539655252
0.44416968965431075
0.4052349313787844
0.36777595039882677
0.3351415449410574
0.30488392080158205
0.27986518039808783
0.2577821252043538
0.23971364319093458
0.21887964721586745
0.20302775398212505
0.18471149944096865
0.1709103556913916
0.1612943303101088
0.15585487785845586
0.14307467210985805
0.13455789405939622
0.13151292876048568
0.1331974280557938
0.12792191719623613
0.1247658294132408
0.12098156269624755
0.11822639952026233
0.11755609730500689
0.1155774075847992
0.11371813256996549
0.11179367811233837
0.10918006290770776
0.10789342270353261
0.10638996027510911
0.10764887367508716
0.11037635051507874
0.10437772061159602
0.09838177412173403
0.09673642374589132
0.09683129754130565
0.09601994319313921
0.09895775621664367
0.09589277862112298
0.09272929499819368
0.09177942220107368
0.09053698218568122
0.0911779371353319
0.09358778244184894
0.0900624428962203
0.087622732071782
0.08629131421391323
0.0888261067360087
0.09263937209621893
0.08861893175327519
0.08565032000299402
0.08597120738572707
0.08994392590100408
0.09001946773168375
0.0879226103799491
0.08748845814782583
0.09049499983203699
0.09020790264722117
0.08842521405460657
0.08768189356844644
0.0899995419980568
0.09049533628293832
0.08901568119814732
0.08842420929065399
0.08633001795688176
0.08774547329606265
0.08547979436088247
0.08621246620626663
0.08696783643071422
0.08711650949493382
0.08458240720015928
0.08520867223781968
0.085544141344385
0.0872041621316086
0.08661971979277722
0.085591632502764
0.0855222948642826
0.08652668367253422
0.08521383524478944
0.08489909334690982
0.08607372489365088
0.08602634704788466
0.0849066653121704
0.08485487990820875
0.08523322204132121
0.08391735148224208
0.08536642063987498
0.0844006780784701
0.08590062663997801
0.08331863261835869
0.08320417900025284
0.08569750073523041
0.08763595341506729
0.08578311460378532
0.08624755890456105
0.08719288830053348
0.0851071855408679
0.08548562276026644
0.08689007055599829
0.08896573480021969
0.08719055696443119
0.08772905354173276
0.0879113146631761
0.09019692576016031
0.08811356889693862
0.08831546193650615
0.08992063753004421
0.09412738833346036
0.0927406266599115
0.09106055798937367
0.09154697893449108
0.09154665394696078
0.09369185268539387
0.09588675856825864
0.09988209674305228
0.1024104652979968
0.10908627108796495
0.10392150450791442
0.0995217665230502
0.09566050008956353
0.09781506547881452
0.0973547662664555
0.09421048119080509
0.0927825913721538
0.09745612913261244
0.1022923525953049
0.09964627267264643
0.09914033500880326
0.09999517527121965
0.09910209935472254
0.09727580471313405
0.09590338953593174
0.0977123146199196
0.10078507696476896
0.10991221526971462
0.10762113018135805
0.10429114800695681
0.10342336458428962
0.10306759633562788
0.10908229074075362
0.10025836302323905
0.09869833748437452
0.10353029532875827
0.11379506526432147
0.10832173961240223
0.10455109682374843
0.10768463315023702
0.11311193435473747
0.10499521149246302
0.10225044382686123
0.10653003295874192
0.11076873457696691
0.11821923628434974
0.11157856622103164
0.11095455674926581
0.11137122796726617
0.10948889406724939
0.11328788658929766
0.10788072297600985
0.10869280619757221
0.11356977597471457
0.12008664462043571
0.1176156752517995
0.1144462993343449
0.1147285711323085
0.1137373424632365
0.11781256701114586
0.11346204154705165
0.11100374032649524
0.11131083932891957
