0.8064998211359222
0.7260418214101253
0.7250703301880239
0.724096413060719
0.7231203768826926
0.722142298032781
0.7211621955522298
0.7201800681579014
0.7191959058604724
0.7182096945498571
0.7172214181126932
0.7162310595321599
0.7152386015150691
0.7142440268778316
0.7132473187994934
0.7122484609963691
0.7112474378474962
0.7102442344874393
0.7092388368762199
0.7082312318524246
0.707221407173388
0.7062093515450659
0.7051950546434361
0.7041785071287676
0.7031597006537944
0.7021386278666071
0.7011152824089498
0.7000896589105047
0.699061752979677
0.6980315611913384
0.6969990810719491
0.6959643110824358
0.6949272505991819
0.6938878998934418
0.6928462601094896
0.6918023332417604
0.6907561221112386
0.6897076303413205
0.6886568623333451
0.6876038232419854
0.6865485189506546
0.6854909560470731
0.6844311417991208
0.6833690841310806
0.6823047916003666
0.681238273374811
0.6801695392105755
0.6790985994307359
0.6780254649045798
0.6769501470276476
0.675872657702534
0.6747930093204633
0.6737112147436426
0.6726272872883934
0.671541240709048
0.670453089182607
0.6693628472941365
0.6682705300228875
0.6671761527291165
0.666079731141584
0.6649812813457014
0.6638808197723076
0.6627783631870368
0.6616739286802622
0.6605675336575771
0.6594591958307912
0.658348933209409
0.6572367640925707
0.6561227070614215
0.6550067809718871
0.6538890049478268
0.6527693983745444
0.6516479808926288
0.650524772392105
0.6493997930068711
0.6482730631094031
0.6471446033057071
0.646014434430497
0.6448825775425922
0.6437490539204958
0.6426138850581651
0.6414770926609394
0.6403386986416175
0.639198725116676
0.6380571944026101
0.6369141290123901
0.6357695516520196
0.6346234852171884
0.6334759527900073
0.6323269776358231
0.6311765832000948
0.6300247931053351
0.6288716311481044
0.6277171212960524
0.626561287684998
0.6254041546160478
0.6242457465527491
0.6230860881182596
0.6219252040925525
0.6207631194096281
0.6195998591547471
0.6184354485616772
0.6172699130099413
0.6161032780220808
0.6149355692609149
0.6137668125268079
0.6125970337549329
0.6114262590125328
0.6102545144961815
0.6090818265290341
0.6079082215580798
0.6067337261513728
0.6055583669952755
0.6043821708916692
0.6032051647551748
0.6020273756103485
0.6008488305888775
0.599669556926754
0.5984895819614451
0.5973089331290453
0.5961276379614209
0.5949457240833373
0.5937632192095779
0.5925801511420465
0.5913965477668612
0.5902124370514326
0.5890278470415322
0.5878428058583431
0.5866573416955092
0.5854714828161627
0.584285257549944
0.5830986942900143
0.5819118214900487
0.580724667661231
0.5795372613692271
0.5783496312311569
0.5771618059125534
0.575973814124318
0.5747856846196591
0.5735974461910338
0.5724091276670775
0.5712207579095241
0.5700323658101292
0.5688439802875787
0.5676556302844025
0.566467344763874
0.5652791527069152
0.5640910831089947
0.5629031649770235
0.5617154273262537
0.560527899177168
0.5593406095523803
0.5581535874735271
0.5569668619581649
0.5557804620166704
0.554594416649139
0.5534087548422912
0.5522235055663782
0.551038697772098
0.5498543603875121
0.5486705223149668
0.5474872124280277
0.5463044595684161
0.5451222925429535
0.5439407401205163
0.5427598310290023
0.5415795939522994
0.5404000575272743
0.539221250340765
0.5380432009265883
0.5368659377625626
0.535689489267537
0.5345138837984418
0.5333391496473481
0.5321653150385439
0.5309924081256288
0.5298204569886213
0.5286494896310845
0.52747953397727
0.52631061786928
0.5251427690642474
0.5239760152315365
0.5228103839499603
0.521645902705026
0.5204825988861912
0.5193204997841514
0.5181596325881455
0.51700002438328
0.5158417021478869
0.5146846927508961
0.5135290229492353
0.5123747193852575
0.5112218085841886
0.5100703169516068
0.5089202707709408
0.5077716962010084
0.5066246192735615
0.5054790658908817
0.5043350618233862
0.5031926327072729
0.50205180404219
0.5009126011889378
0.4997750493671943
0.49863917365328214
0.4975049989779534
0.49637255012421544
0.4952418517251844
0.4941129282619652
0.49298580406157677
0.4918605032948937
0.4907370499746335
0.48961546795336963
0.4884957809215803
0.48737801240572975
0.4862621857663846
0.4851483241963638
0.48403645071892043
0.4829265881859647
0.4818187592763118
0.48071298649397265
0.47960929216647985
0.4785076984432398
0.4774082272939323
0.4763109005069385
0.47521573968780506
0.47412276625774685
0.47303200145218505
0.4719434663193173
0.4708571817187318
0.46977316832004956
0.46869144660161044
0.46761203684918795
0.4665349591547482
0.4654602334152407
0.4643878793314262
0.463317916406742
0.4622503639462058
0.4611852410553511
0.46012256663920437
0.45906235940129625
0.4580046378427084
0.45694942026116003
0.45589672475012766
0.45484656919800415
0.45379897128728874
0.45275394849382244
0.45171151808605037
0.45067169712432376
0.44963450246024084
0.4485999507360168
0.447568058383898
0.44653884162560165
0.44551231647179856
0.44448849872162977
0.4434674039622558
0.4424490475684416
0.44143344470217494
0.4404206103123266
0.4394105591343297
0.4384033056899125
0.4373988642868466
0.4363972490187419
0.4353984737648676
0.4344025521900102
0.43340949774436066
0.43241932366343994
0.4314320429680487
0.43044766846425664
0.4294662127434209
0.4284876881822337
0.42751210694280417
0.4265394809727704
0.42556982200544036
0.42460314155996726
0.42363945094154987
0.42267876124166437
0.4217210833383306
0.4207664278963945
0.41981480536785754
0.4188662259922158
0.41792069979684154
0.41697823659738364
0.4160388459982004
0.4151025373928148
0.41416931996440154
0.4132392026862971
0.4123121943225351
0.41138830342841015
0.41046753835106364
0.4095499072300951
0.40863541799820247
0.40772407838183833
0.4068158959018974
0.4059108778744206
0.40500903141132916
0.40411036342117523
0.40321488060991506
0.4023225894817132
0.40143349633974934
0.4005476072870672
0.3996649282274296
0.3987854648661989
0.3979092227112361
0.39703620707382026
0.3961664230695887
0.39529987561948865
0.39443656945075634
0.393576509097908
0.392719698903749
0.391866143020403
0.39101584541035217
0.3901688098475039
0.3893250399182565
0.38848453902259894
0.3876473103752127
0.38681335700659536
0.3859826817641945
0.38515528731355597
0.38433117613948753
0.3835103505472368
0.3826928126636745
0.3818785644385012
0.38106760764545744
0.3802599438835479
0.37945557457827883
0.3786545009829039
0.37785672417967986
0.37706224508113984
0.3762710644313614
0.375483182807261
0.3746986006198867
0.3739173181157217
0.3731393353779985
0.3723646523280182
0.37159326872648124
0.3708251841748197
0.370060398116544
0.36929890983858893
0.36854071847266956
0.36778582299664453
0.36703422223588267
0.3662859148646337
0.36554089940740686
0.36479917424035535
0.364060737592659
0.363325587547917
0.3625937220455383
0.36186513888214866
0.3611398357129795
0.36041781005328166
0.3596990592797231
0.358983580631807
0.3582713712132689
0.3575624279935028
0.3568567478089649
0.35615432736459374
0.35545516323522197
0.3547592518669923
0.3540665895787778
0.353377172563595
0.35269099689002104
0.3520080585036086
0.35132835322830436
0.3506518767678559
0.3499786247072352
0.349308592514041
0.34864177553991527
0.3479781690219449
0.34731776808407666
0.3466605677385133
0.34600656288711573
0.34535574832280824
0.3447081187309663
0.34406366869081506
0.3434223926768132
0.3427842850600441
0.34214934010959575
0.3415175519939365
0.34088891478229355
0.3402634224460195
0.3396410688599619
0.3390218478038176
0.33840575296349584
0.3377927779324661
0.3371829162131029
0.336576161218031
0.3359725062714586
0.33537194461050424
0.33477446938652766
0.3341800736664441
0.3335887504340388
0.33300049259127107
0.3324152929595773
0.33183314428116484
0.3312540392202994
0.330677970364583
0.33010493022623344
0.3295349112433493
0.3289679057811692
0.3284039061333278
0.32784290452310316
0.3272848931046529
0.32672986396424764
0.3261778091214985
0.32562872053056846
0.3250825900813884
0.32453940960085437
0.3239991708540272
0.32346186554530976
0.3229274853196381
0.3223960217636398
0.32186746640680475
0.321341810722641
0.3208190461298138
0.32029916399328784
0.31978215562546175
0.3192680122872824
0.31875672518936315
0.3182482854930889
0.3177426843117104
0.3172399127114357
0.3167399617125065
0.3162428222902719
0.31574848537625055
0.3152569418591854
0.3147681825860863
0.31428219836327054
0.31379897995738804
0.31331851809644384
0.31284080347080323
0.312365826734201
0.31189357850472854
0.3114240493658226
0.31095722986723884
0.31049311052601736
0.31003168182744323
0.3095729342259932
0.3091168581462812
0.3086634439839847
0.30821268210676733
0.30776456285519804
0.30731907654365154
0.30687621346120864
0.30643596387253746
0.30599831801878297
0.305563266118423
0.30513079836814516
0.3047009049436866
0.30427357600068394
0.30384880167550987
0.303426572086094
0.3030068773327468
0.30258970749896497
0.3021750526522329
0.301762902844815
0.30135324811453945
0.3009460784855723
0.3005413839691836
0.3001391545645079
0.2997393802592865
0.29934205103061784
0.29894715684568396
0.29855468766247684
0.2981646334305128
0.2977769840915392
0.2973917295802383
0.29700885982491354
0.29662836474817433
0.29625023426760944
0.2958744582964564
0.2955010267442586
0.29512992951751194
0.294761156520312
0.2943946976549898
0.29403054282273355
0.29366868192420903
0.2933091048601715
0.2929518015320709
0.2925967618426414
0.29224397569649374
0.29189343300069404
0.29154512366533625
0.29119903760410804
0.29085516473484674
0.29051349498008816
0.2901740182676146
0.2898367245309861
0.2895016037100633
0.2891686457515398
0.28883784060944795
0.28850917824566624
0.2881826486304183
0.28785824174276653
0.28753594757109757
0.2872157561135972
0.28689765737872774
0.28658164138568576
0.28626769816486364
0.28595581775830203
0.28564599022012915
0.2853382056170043
0.28503245402854127
0.2847287255477454
0.2844270102814167
0.28412729835057204
0.28382957989084634
0.28353384505289414
0.28324008400277945
0.28294828692236196
0.28265844400968243
0.2823705454793295
0.282084581562814
0.2818005425089303
0.28151841858410975
0.2812382000727719
0.28095987727767147
0.28068344052023486
0.28040888014089305
0.2801361864994122
0.27986534997520973
0.27959636096767715
0.2793292098964836
0.2790638872018887
0.278800383345036
0.27853868880824806
0.2782787940953222
0.2780206897318065
0.27776436626527934
0.2775098142656286
0.2772570243253153
0.2770059870596365
0.2767566931069858
0.2765091331291081
0.27626329781134285
0.2760191778628718
0.2757767640169565
0.2755360470311734
0.2752970176876436
0.27505966679325233
0.2748239851798763
0.2745899637045951
0.27435759324990505
0.2741268647239191
0.2738977690605773
0.27367029721984226
0.2734444401878856
0.2732201889772893
0.27299753462722054
0.27277646820361723
0.27255698079936275
0.272339063534461
0.2721227075562016
0.27190790403932696
0.27169464418619327
0.27148291922692325
0.2712727204195642
0.2710640390502319
0.2708568664332619
0.2706511939113435
0.27044701285566564
0.2702443146660439
0.27004309077105537
0.26984333262816307
0.269645031723846
0.26944817957370715
0.26925276772259954
0.26905878774473824
0.26886623124380693
0.26867508985306765
0.26848535523546235
0.26829701908370973
0.26811007312041013
0.26792450909813414
0.2677403187995081
0.2675574940373152
0.26737602665456317
0.26719590852458097
0.2670171315510875
0.2668396876682696
0.2666635688408556
0.26648876706418545
0.2663152743642744
0.26614308279788357
0.265972184452573
0.2658025714467698
0.26563423592981217
0.2654671700820167
0.2653013661147172
0.2651368162703206
0.2649735128223468
0.26481144807547985
0.2646506143655961
0.2644910040598174
0.2643326095565356
0.26417542328544685
0.26401943770759184
0.263864645315374
0.26371103863259104
0.26355861021445814
0.2634073526476284
0.2632572585502181
0.263108320571817
0.2629605313935087
0.2628138837278803
0.26266837031904056
0.26252398394262
0.2623807174057827
0.26223856354723585
0.2620975152372219
0.26195756537753334
0.26181870690149933
0.2616809327739936
0.2615442359914214
0.2614086095817213
0.2612740466043487
0.2611405401502792
0.26100808334197945
0.2608766693334076
0.26074629130999194
0.26061694248861933
0.2604886161176121
0.26036130547670633
0.2602350038770379
0.2601097046611157
0.25998540120279445
0.25986208690724755
0.25973975521094905
0.259618399581632
0.25949801351826673
0.2593785905510234
0.25926012424124245
0.25914260818139345
0.25902603599504825
0.2589104013368352
0.25879569789240475
0.2586819193783817
0.25856905954233744
0.2584571121627305
0.25834607104887686
0.2582359300408936
0.2581266830096597
0.25801832385676315
0.2579108465144557
0.2578042449456004
0.25769851314362124
0.257593645132448
0.2574896349664684
0.2573864767304678
0.25728416453957836
0.25718269253921544
0.2570820549050289
0.2569822458428349
0.25688325958856295
0.25678509040819353
0.2566877325976945
0.2565911804829598
0.2564954284197455
0.25640047079360606
0.25630630201982507
0.2562129165433563
0.25612030883874815
0.2560284734100834
0.2559374047909051
0.2558470975441455
0.25575754626206315
0.2556687455661645
0.25558069010713125
0.25549337456475596
0.25540679364786134
0.25532094209422274
0.25523581467050416
0.2551514061721738
0.2550677114234281
0.2549847252771199
0.25490244261467343
0.25482085834601487
0.25473996740948424
0.254659764771759
0.2545802454277796
0.2545014044006565
0.2544232367416015
0.2543457375298356
0.2542689018725125
0.25419272490463385
0.25411720178896235
0.2540423277159434
0.25396809790361363
0.2538945075975252
0.2538215520706474
0.2537492266232899
0.25367752658301257
0.25360644730453863
0.2535359841696717
0.2534661325871935
0.253396887992796
0.25332824584897506
0.25326020164494834
0.2531927508965678
0.253125889146225
0.25305961196276117
0.2529939149413809
0.25292879370355503
0.25286424389693296
0.2528002611952488
0.2527368412982328
0.2526739799315112
0.2526116728465233
0.25254991582041864
0.25248870465597306
0.2524280351814876
0.2523679032506957
0.25230830474267174
0.25224923556173895
0.25219069163736474
0.25213266892407493
0.2520751634013566
0.25201817107356117
0.25196168796980734
0.2519057101438894
0.2518502336741796
0.25179525466352837
0.25174076923917266
0.25168677355263724
0.2516332637796407
0.2515802361199917
0.25152768679750137
0.2514756120598767
0.2514240081786291
0.251372871448979
0.2513221981897491
0.2512719847432764
0.2512222274753072
0.25117292277490666
0.25112406705435253
0.25107565674904164
0.25102768831739564
0.25098015824074993
0.2509330630232708
0.2508863991918474
0.2508401632959937
0.2507943519077568
0.25074896162160953
0.2507039890543582
0.2506594308450416
0.2506152836548313
0.2505715441669363
0.2505282090864992
0.2504852751405068
0.25044273907767955
0.25040059766838096
0.250358847704517
0.25031748599943615
0.2502765093878341
0.2502359147256502
0.25019569888997273
0.2501558587789381
0.25011639131163577
0.25007729342800633
0.25003856208874253
0.25000019427519604
0.24996218698927175
0.24992453725333785
0.2498872421101188
0.24985029862260666
0.24981370387395352
0.24977745496738268
0.24974154902608403
0.249705983193118
0.24967075463132105
0.2496358605232034
0.24960129807085663
0.24956706449585064
0.24953315703914136
0.2494995729609708
0.24946630954077287
0.24943336407707095
0.24940073388738881
0.249368416308147
0.24933640869457296
0.24930470842059727
0.24927331287876442
0.2492422194801306
0.24921142565417542
0.2491809288486978
0.24915072652972636
0.249120816181422
0.24909119530598234
0.24906186142354592
0.24903281207210082
0.24900404480738547
0.2489755572027983
0.24894734684929876
0.2489194113553168
0.2488917483466585
0.24886435546641084
0.24883723037484895
0.24881037074934031
0.24878377428425968
0.24875743869088351
0.24873136169730647
0.24870554104834897
0.24867997450545853
0.2486546598466196
0.24862959486627023
0.2486047773751957
0.24858020520044766
0.24855587618525232
0.2485317881889112
0.24850793908672097
0.24848432676987553
0.24846094914537786
0.24843780413595062
0.24841488967994485
0.24839220373125437
0.24836974425921843
0.2483475092485402
0.2483254966991938
0.24830370462633589
0.2482821310602209
0.2482607740461079
0.24823963164417562
0.24821870192943363
0.2481979829916363
0.248177472935193
0.24815716987908631
0.24813707195677603
0.24811717731612715
0.24809748411930943
0.2480779905427205
0.24805869477689446
0.24803959502642525
0.24802068950987088
0.24800197645967803
0.24798345412208989
0.2479651207570699
0.24794697463820958
0.24792901405265189
0.24791123730100606
0.24789364269726022
0.24787622856870384
0.24785899325584715
0.24784193511232744
0.247825052504843
0.2478083438130616
0.2477918074295392
0.2477754417596404
0.2477592452214653
0.24774321624575535
0.24772735327582263
0.2477116547674676
0.24769611918889922
0.2476807450206593
0.2476655307555372
0.247650474898493
0.24763557596658436
0.24762083248888622
0.24760624300640544
0.24759180607201825
0.24757752025037638
0.24756338411784462
0.24754939626241468
0.2475355552836377
0.2475218597925375
0.2475083084115458
0.24749489977441907
0.24748163252616706
0.2474685053229816
0.2474555168321545
0.2474426657320108
0.24742995071182816
0.24741737047177204
0.24740492372281508
0.24739260918666706
0.2473804255957045
0.24736837169289727
0.2473564462317337
0.2473446479761563
0.24733297570047919
0.24732142818933223
0.2473100042375762
0.24729870265024256
0.2472875222424583
0.2472764618393789
0.2472655202761197
0.2472546963976816
0.24724398905888956
0.24723339712432058
0.24722291946823383
0.24721255497451222
0.24720230253657938
0.24719216105734743
0.24718212944914397
0.2471722066336447
0.24716239154181086
0.24715268311381866
0.2471430802989999
0.24713358205577107
0.24712418735157404
0.24711489516280416
0.24710570447475766
0.2470966142815546
0.24708762358608538
0.2470787313999424
0.24706993674335875
0.24706123864514684
0.2470526361426333
0.24704412828159994
0.24703571411621983
0.24702739270899865
0.2470191631307096
0.2470110244603383
0.24700297578501795
0.24699501619997133
0.2469871448084504
0.24697936072167515
0.24697166305878104
0.2469640509467519
0.24695652352036646
0.24694907992213955
0.24694171930226416
0.24693444081855143
0.24692724363637863
0.24692012692862741
0.24691308987562743
0.246906131665107
0.24689925149212488
0.2468924485590268
0.24688572207538362
0.24687907125793895
0.24687249533055056
0.2468659935241374
0.24685956507663176
0.24685320923291487
0.2468469252447747
0.2468407123708406
0.24683456987654206
0.2468284970340472
0.24682249312221627
0.24681655742654585
0.2468106892391213
0.24680488785856003
0.24679915258996632
0.2467934827448749
0.24678787764120358
0.2467823366032067
0.24677685896141555
0.24677144405259588
0.24676609121970072
0.24676079981181287
0.24675556918410368
0.24675039869778448
0.2467452877200501
0.24674023562404346
0.24673524178879658
0.24673030559919196
0.24672542644591078
0.24672060372538696
0.24671583683976073
0.24671112519683858
0.2467064682100325
0.24670186529833293
0.246697315886249
0.24669281940377275
0.24668837528632892
0.24668398297473315
0.24667964191514757
0.24667535155903642
0.24667111136312114
0.24666692078934238
0.2466627793048115
0.24665868638176747
0.24665464149754035
0.24665064413450433
0.24664669378003623
0.2466427899264746
0.24663893207107934
0.2466351197159895
0.24663135236818123
0.24662762953943085
0.24662395074626975
0.24662031550995056
0.24661672335640195
0.2466131738161903
0.24660966642448123
0.24660620072100314
0.24660277625000393
0.2465993925602149
0.24659604920481337
0.246592745741383
0.24658948173187623
0.24658625674257983
0.24658307034407334
0.2465799221111955
0.24657681162300504
0.24657373846274933
0.24657070221781974
0.24656770247972493
0.24656473884404717
0.24656181091041418
