0.7994357960732049
0.9173014856453416
0.9143329627733402
0.9110702252932654
0.9077181903951285
0.9043056480974503
0.9008318666610864
0.8971915075804264
0.8934419889196055
0.8895872633441191
0.8856312647906648
0.8815571438151947
0.8773929631811875
0.8731430120652065
0.8688116110243072
0.8644030155519772
0.8599213044135592
0.8553702603434536
0.8507532513917337
0.8460731222732498
0.8413321049605137
0.8365317541694115
0.8316729019720497
0.8267555979207047
0.8217789397971109
0.8167405748522439
0.811635427323461
0.806044129179299
0.8002167034143692
0.7940621259835812
0.7874334703182739
0.7800688182932604
0.7715614914467505
0.7626304087664526
0.7533979020087339
0.7438129142251169
0.7338740338395624
0.7236076807478903
0.7130578092332378
0.702281336853543
0.6913452536344883
0.6803241308040455
0.6692976153394061
0.6583477919998536
0.647556423428642
0.6370021424404768
0.6267576944605087
0.6168873202270495
0.6074443263322589
0.5984687906357402
0.5899851305044634
0.5819988529944413
0.574491609646501
0.5674171868376034
0.5607156229834407
0.5543555980367842
0.5483428604901541
0.5426836714144314
0.5373689453410815
0.5323791036202794
0.5276911483946103
0.5232832139581389
0.5191368237468479
0.5152375724398539
0.511574810883343
0.5081407641236836
0.5049293682226561
0.50193497087874
0.4991509428716018
0.49656826597033854
0.49417440645755195
0.491953237561467
0.4898868499964868
0.487958819799057
0.48615678289386055
0.48447277747402284
0.4829021149681073
0.48144222026794603
0.48009186889017763
0.4788504744452623
0.4777172153762326
0.47669021559423375
0.47576606735429683
0.47493976204269384
0.4742049157876178
0.47355415067174944
0.47297953911773516
0.47247306065061023
0.47202703181367933
0.47163444731967363
0.4712891016716032
0.4709852626386053
0.4707167007101337
0.4704754842583626
0.4702525537981517
0.47004268072193245
0.46985059634338
0.4696893759281795
0.46957212785565816
0.46950630812314187
0.4694932477233359
0.469530184537712
0.4696126568071133
0.4697365485977011
0.4698997267858698
0.47010339467980555
0.4703533405223781
0.4706611749858598
0.471044974043346
0.47152526255794824
0.4720937013743265
0.472563073072816
0.4725404147942005
0.4722700128132613
0.4720254414269264
0.4718669319967138
0.4717959850312534
0.47180620283592034
0.47189608848879905
0.47207279014255066
0.47235451654409755
0.47277595662671734
0.4733994240570588
0.4743366402229603
0.47581317555239033
0.4784084707949199
0.47391204324051683
0.4708175627882011
0.4694839594394621
0.4695896471627984
0.4708991279204435
0.4733500833058225
0.4773375190119934
0.4713993811957473
0.468309768882328
0.4679526736450623
0.4698147000857579
0.47425317879876183
0.4782047795046137
0.48022139213311954
0.4809767523934201
0.480898356747297
0.4802934000799417
0.4793952118140157
0.47838906205630327
0.47741932723607616
0.47658933829897565
0.47596682395690315
0.47559173369024255
0.4754838739013736
0.4756502814916206
0.4760925442153683
0.4768144176783181
0.4778306248699544
0.4792078124418704
0.4809779803437565
0.4833115060900729
0.4865653217330358
0.49093288402618496
0.4884533226715102
0.48618178299924664
0.4845433386813498
0.48335373347631994
0.48249826245857697
0.4819173023294713
0.48158454584291865
0.4814927808328888
0.4816452991073077
0.48205209734880416
0.48273045243544765
0.48370990763006483
0.48504323632409596
0.4868288713704413
0.4891034087114653
0.4925426173572208
0.48659188830195843
0.48177219078252054
0.47875148486797214
0.4774717808348725
0.477636716225463
0.47895977314393634
0.48123132164434934
0.48434640761150516
0.4883303075164548
0.4826455072104223
0.47863535371604704
0.47634576938482176
0.47560228608783617
0.47615806612373013
0.4777797386397178
0.48029358738880823
0.48361908937605624
0.4878104141294125
0.48277907152301447
0.4790013438941547
0.4766390362785149
0.47564154069202347
0.4758319369136057
0.47700299828111337
0.47897310829699347
