0.9907209396076316
0.9907930675332546
0.9902433928967649
0.9896465590527114
0.9890046065520018
0.9883085662742235
0.9875432022864543
0.9867328537866442
0.9858744011755588
0.9849644946661001
0.9840008002117391
0.9829881017988948
0.9818961599724949
0.9807533559575097
0.9795563344124985
0.9782740245245757
0.9769165926284438
0.9754943592913318
0.9740127067257942
0.9725022677447724
0.9708699710167343
0.9692030186227112
0.9675192646631208
0.965789870824187
0.9639998922167045
0.9621273665898483
0.9602195099970552
0.9581630829146196
0.956041585614892
0.9538519482998362
0.9515924186789656
0.949241951916989
0.9468175611319304
0.9443261462035012
0.9416416969866609
0.9388132925054544
0.9358948152211273
0.9328754047492203
0.9297600842982792
0.926556351308484
0.9233279899664228
0.920012449462024
0.9163840192680115
0.9125849087794321
0.9087526982511788
0.9047665200078642
0.9006244995550188
0.8963799686767266
0.8921128187329831
0.8878465097064407
0.8835620829160075
0.8789819787524648
0.8743379296842126
0.8694247838622995
0.8645768660583038
0.8598191597397637
0.8550284505810507
0.8501617510693944
0.8452479664372133
0.8405360501384814
0.8358419235145116
0.831166076602798
0.8263145051349091
0.8214025716168147
0.8165254147647216
0.8116192591703748
0.806749441330454
0.8019178836017882
0.7971473298065614
0.7917954631238412
0.7864184632351371
0.781036120779857
0.7757782859888184
0.7704659776304782
0.7648312714137919
0.7592937205326348
0.753907610092522
0.7483903939140244
0.7430308095324654
0.7376446972535161
0.7324703734893233
0.7274178287324309
0.7227108021399424
0.7182087322181676
0.7138261457174847
0.7098814677873986
0.7061867728137079
0.7026470350761223
0.6991988137850187
0.6957395967068989
0.6927005397919486
0.6901839235075526
0.6877582555440618
0.6854305865556838
0.682898894118378
0.6803469517780989
0.6779397004609045
0.6758426480501462
0.6735382688022871
0.6710876702811106
0.6689507445872951
0.6671165527496856
0.6657723618331874
0.6644809136075794
0.6633302568092106
0.6620536796432994
0.6608468109106632
0.6599384542528588
0.6590592162955893
0.6583680985557279
0.657401497045228
0.6566589573779769
0.6558643137981615
0.6551179338487547
0.6547191536776932
0.654425545875817
0.6536136538192667
0.6531921886540171
0.6528992489206119
0.6527683159012196
0.6523995965684996
0.6519010075159102
0.6514950456251573
0.6514954608181007
0.6516729971205774
0.6517365934860502
0.6517615887878754
0.65186081951661
0.6519062326477325
0.6521806839321567
0.6517084130899063
0.6514832344337842
0.65125656099889
0.6512236708607286
0.6511230504487386
0.6510520868219593
0.6508380947818262
0.650737244952247
0.6507359611526569
0.6508678665043178
0.6510992801774318
0.6515116541484376
0.651891899874225
0.6520957009011327
0.6521672036833811
0.6523513032882149
0.6518612509856033
0.6514059000642721
0.6509836826354577
0.6508798463419414
0.6509486861058105
0.6509187352453174
0.6510778413259484
0.6513084509233416
0.6514074891025821
0.6515102559687511
0.651893555474713
0.6520283361904671
0.6519711920176556
0.6519768546431974
0.6519805075523675
0.6521253715850331
0.652498264600671
0.6525855686976818
0.6522347832383752
0.6517825277736615
0.6514868093880484
0.6514569067220122
0.6518694952304054
0.6522712199582572
0.6517886194809277
0.6516782278956845
0.6518570654388717
0.6519022314796938
0.6522146654475172
0.6526475526359501
0.6531735817609127
0.6537448616511197
0.6537961937409466
0.6534421804409698
0.6531844552831914
0.6526465019684401
0.6521069284518064
0.6518918530785185
0.6520296447605075
0.6522877851578452
0.6527332976091814
0.652679641280002
0.6525251661070693
0.652478252292929
0.6524277771806977
0.6523720615123917
0.6526085617469368
0.6528053288708362
0.6531197328622541
0.6535734911200484
0.6534497530493537
0.6534628257836681
0.6534103760855912
0.6536215231620826
