0.8065009716667073
0.7259850871694746
0.7250138195214682
0.7240401333082767
0.72306433393647
0.7220864965041871
0.7211066392397871
0.7201247603425209
0.7191408494829501
0.7181548923208969
0.7171668725838811
0.7161767731434806
0.7151845766277474
0.7141902657976493
0.7131938237937181
0.7121952343062684
0.7111944816977229
0.7101915510931471
0.7091864284485014
0.7081791006024825
0.7071695553157402
0.7061577812999985
0.7051437682388679
0.704127506801645
0.7031089886511125
0.7020882064461276
0.7010651538396746
0.7000398254729484
0.699012216965976
0.6979823249052264
0.6969501468286223
0.6959156812083285
0.6948789274316676
0.6938398857804762
0.6927985574092037
0.6917549443220175
0.6907090493491599
0.6896608761227869
0.6886104290524817
0.687557713300634
0.6865027347578374
0.6854455000184541
0.6843860163564597
0.6833242917016926
0.682260334616581
0.6811941542734371
0.6801257604323712
0.6790551634198845
0.6779823741081743
0.6769074038951828
0.675830264685407
0.6747509688714828
0.6736695293165498
0.6725859593373872
0.6715002726883257
0.6704124835459098
0.6693226064943065
0.6682306565114327
0.6671366489557864
0.6660405995539502
0.6649425243887521
0.6638424398880449
0.6627403628140871
0.6616363102534899
0.6605302996077078
0.6594223485840407
0.6583124751871221
0.6572006977108631
0.6560870347308305
0.6549715050970253
0.6538541279270456
0.6527349225995995
0.6516139087483532
0.650491106256085
0.6493665352491287
0.6482402160920842
0.6471121693827697
0.6459824159474099
0.6448509768360302
0.6437178733180469
0.6425831268780358
0.6414467592116639
0.6403087922217745
0.6391692480146043
0.6380281488961315
0.6368855173685315
0.6357413761267394
0.6345957480551097
0.6334486562241473
0.6323001238873307
0.6311501744779895
0.6299988316062475
0.6288461190560211
0.6276920607820615
0.6265366809070392
0.6253800037186641
0.6242220536668404
0.6230628553608426
0.6219024335665149
0.6207408132034946
0.6195780193424438
0.6184140772022955
0.6172490121475107
0.6160828496853372
0.6149156154630786
0.613747335265358
0.6125780350113865
0.6114077407522294
0.6102364786680623
0.6090642750654351
0.6078911563745144
0.6067171491463301
0.6055422800500088
0.604366575869999
0.6031900635032825
0.6020127699565834
0.6008347223435595
0.5996559478819805
0.5984764738909032
0.5972963277878238
0.5961155370858251
0.5949341293907098
0.5937521323981167
0.5925695738906329
0.5913864817348842
0.5902028838786191
0.5890188083477792
0.5878342832435546
0.5866493367394336
0.5854639970782347
0.5842782925691299
0.5830922515846568
0.581905902557722
0.5807192739785896
0.5795323943918655
0.5783452923934682
0.5771579966275937
0.5759705357836682
0.5747829385933001
0.573595233827215
0.5724074502921921
0.5712196168279906
0.5700317623042714
0.5688439156175127
0.567656105687923
0.5664683614563488
0.565280711881178
0.5640931859352463
0.5629058126027315
0.5617186208760592
0.5605316397527937
0.5593448982325435
0.5581584253138527
0.5569722499911078
0.5557864012514344
0.5546009080716048
0.5534157994149436
0.5522311042282424
0.5510468514386717
0.5498630699507057
0.5486797886430483
0.5474970363655676
0.5463148419362374
0.5451332341380857
0.5439522417161526
0.5427718933744572
0.541592217772976
0.5404132435246289
0.5392349991922802
0.5380575132857446
0.5368808142588186
0.5357049305063075
0.5345298903610858
0.5333557220911533
0.5321824538967197
0.5310101139073022
0.5298387301788337
0.5286683306907927
0.5274989433433537
0.5263305959545477
0.5251633162574498
0.52399713189738
0.5228320704291272
0.5216681593141941
0.5205054259180619
0.5193438975074751
0.5181836012477541
0.5170245642001239
0.5158668133190698
0.514710375449718
0.5135552773252365
0.5124015455642659
0.5112492066683731
0.5100982870195274
0.5089488128776083
0.5078008103779421
0.5066543055288557
0.5055093242092676
0.5043658921663055
0.5032240350129467
0.5020837782256946
0.5009451471422803
0.4998081669593999
0.4986728627304712
0.49753925936343046
0.4964073816185586
0.4952772541063355
0.49414890128532807
0.4930223474601093
0.49189761677921395
0.49077473323311727
0.4896537206522579
0.4885346027050864
0.4874174028961501
0.48630214456420984
0.4851888508803963
0.48407754484639
0.48296824929264814
0.48186098687665657
0.48075578008122166
0.4796526512127951
0.47855162239983495
0.4774527155912013
0.47635595255458973
0.47526135487499654
0.4741689439532233
0.47307874100441694
0.4719907670566431
0.4709050429495004
0.4698215893327661
0.46874042666508153
0.46766157521267293
0.46658505504810666
0.4655108860490874
0.46443908789728294
0.4633696800771957
0.4623026818750614
0.46123811237779433
0.46017599047195945
0.4591163348427876
0.45805916397322566
0.45700449614301875
0.4559523494278396
0.45490274169844047
0.4538556906198502
0.4528112136506085
0.45176932804202874
0.4507300508375044
0.44969339887184756
0.4486593887706595
0.4476280369497503
0.4465993596145744
0.4455733727597191
0.4445500921684177
0.44352953341210133
0.4425117118499854
0.4414966426286887
0.4404843406818918
0.4394748207300222
0.43846809727997993
0.43746418462489445
0.4364630968439174
0.43546484780203987
0.4344694511499564
0.4334769203239507
0.4324872685458203
0.43150050882282875
0.4305166539476941
0.42953571649860656
0.42855770883927924
0.4275826431190277
0.4266105312728826
0.42564138502173154
0.4246752158724941
0.42371203511832045
0.4227518538388284
0.42179468290036326
0.42084053295628565
0.41988941444729444
0.4189413376017739
0.4179963124361693
0.41705434875538705
0.41611545615323153
0.4151796440128557
0.4142469215072512
0.41331729759975655
0.41239078104459115
0.4114673803874187
0.4105471039659372
0.40962995991048456
0.40871595614467926
0.4078051003860801
0.4068974001468666
0.4059928627345487
0.4050914952526963
0.40419330460169256
0.4032982974795031
0.4024064803824795
0.40151785960617115
0.40063244124616626
0.39975023119895114
0.39887123516278533
0.3979954586386054
0.3971229069309413
0.39625358514885145
0.3953874982068809
0.3945246508260355
0.3936650475347706
0.3928086926700052
0.3919555903781423
0.39110574461611514
0.390259159152445
0.3894158375683193
0.38857578325867437
0.38773899943330814
0.38690548911799805
0.38607525515562957
0.3852483002073551
0.38442462675374667
0.38360423709597413
0.3827871333569921
0.3819733174827389
0.3811627912433525
0.3803555562343892
0.3795516138780588
0.3787509654244715
0.3779536119528978
0.3771595543730265
0.37636879342624574
0.37558132968693003
0.37479716356372983
0.3740162953008791
0.3732387249795036
0.3724644525189412
0.3716934776780719
0.3709258000566472
0.3701614190966359
0.36940033408357
0.3686425441478983
0.3678880482663468
0.36713684526329005
0.36638893381211124
0.36564431243659035
0.36490297951227624
0.3641649332678766
0.3634301717866423
0.362698693007769
0.36197049472778264
0.3612455746019477
0.360523930145663
0.3598055587358734
0.3590904576124706
0.3583786238797031
0.35767005450759226
0.3569647463333383
0.3562626960627341
0.35556390027158535
0.3548683554071166
0.3541760577893921
0.35348700361273033
0.3528011889471161
0.3521186097396196
0.3514392618158042
0.3507631408811438
0.3500902425224345
0.34942056220920226
0.34875409529511325
0.3480908370193817
0.34743078250817394
0.3467739267760086
0.3461202647271605
0.34546979115705634
0.3448225007536677
0.34417838809890466
0.34353744767000405
0.34289967384090914
0.34226506088365816
0.341633602969755
0.3410052941715439
0.34038012846358034
0.3397580997239914
0.339139201735839
0.3385234281884727
0.33791077267888014
0.33730122871303225
0.33669478970722333
0.3360914489894048
0.3354911998005121
0.33489403529579476
0.33429994854612477
0.3337089325393141
0.33312098018141667
0.33253608429803283
0.33195423763559473
0.33137543286265725
0.3307996625711801
0.3302269192777957
0.32965719542507765
0.329090483382802
0.32852677544920017
0.32796606385219806
0.3274083407506633
0.3268535982356301
0.32630182833152366
0.3257530229973814
0.32520717412805233
0.32466427355540783
0.32412431304952527
0.3235872843198847
0.32305317901653396
0.3225219887312676
0.3219937049987882
0.3214683192978519
0.3209458230524246
0.3204262076328118
0.31990946435679035
0.31939558449073113
0.3188845592507078
0.3183763798036022
0.317871037268204
0.31736852271629334
0.31686882717372045
0.3163719416214782
0.3158778569967614
0.3153865641940232
0.314898054066013
0.31441231742482234
0.31392934504290226
0.3134491276540893
0.3129716559546095
0.31249692060408296
0.3120249122265174
0.31155562141128623
0.31108903871410953
0.31062515465801754
0.31016395973430455
0.30970544440348446
0.30924959909622307
0.3087964142142766
0.3083458801314042
0.30789798719429073
0.3074527257234462
0.30701008601410174
0.3065700583370964
0.3061326329397577
0.3056978000467677
0.3052655498610264
0.3048358725645032
0.3044087583190779
0.3039841972673779
0.3035621795336013
0.30314269522434
0.30272573442937845
0.30231128722250267
0.30189934366228643
0.30148989379287683
0.30108292764476596
0.30067843523555826
0.30027640657072807
0.29987683164436785
0.29947970043992533
0.2990850029309441
0.2986927290817758
0.2983028688483055
0.2979154121786508
0.2975303490138669
0.29714766928863223
0.2967673629319334
0.29638941986773926
0.2960138300156646
0.2956405832916319
0.29526966960851764
0.29490107887679573
0.2945348010051737
0.2941708259012127
0.29380914347195686
0.2934497436245268
0.2930926162667409
0.2927377513076972
0.29238513865836513
0.29203476823216634
0.2916866299455444
0.29134071371853143
0.2909970094753024
0.2906555071447271
0.29031619666091346
0.28997906796373607
0.28964411099937326
0.2893113157208177
0.28898067208839995
0.2886521700702821
0.2883257996429679
0.2880015507917878
0.28767941351138626
0.2873593778061997
0.2870414336909274
0.2867255711909946
0.2864117803430112
0.28610005119522175
0.28579037380795114
0.285482738254037
0.2851771346192681
0.28487355300280104
0.28457198351758495
0.28427241629076594
0.28397484146409857
0.2836792491943395
0.28338562965364433
0.2830939730299479
0.28280426952735327
0.28251650936649686
0.28223068278492225
0.28194678003743745
0.28166479139647693
0.28138470715244635
0.281106517614068
0.28083021310872514
0.28055578398278447
0.28028322060193167
0.28001251335149
0.2797436526367365
0.2794766288832111
0.27921143253702496
0.27894805406515666
0.27868648395574735
0.27842671271839026
0.2781687308844173
0.2779125290071701
0.27765809766227856
0.2774054274479312
0.27715450898513083
0.2769053329179608
0.2766578899138329
0.27641217066373647
0.2761681658824853
0.27592586630895133
0.275685262706303
0.2754463458622295
0.27520910658917297
0.2749735357245373
0.27473962413091646
0.27450736269629383
0.27427674233425814
0.27404775398419756
0.2738203886115037
0.2735946372077591
0.2733704907909319
0.27314794040555856
0.27292697712292247
0.27270759204123207
0.27248977628579596
0.2722735210091858
0.27205881739140747
0.271845656640056
0.27163402999047326
0.27142392870590315
0.27121534407763814
0.27100826742516615
0.2708026900963114
0.27059860346736997
0.27039599894324784
0.27019486795758896
0.26999520197290094
0.26979699248068323
0.26960023100154196
0.26940490908530845
0.26921101831115235
0.2690185502876935
0.26882749665310535
0.2686378490752176
0.2684495992516194
0.26826273890975505
0.2680772598070166
0.2678931537308339
0.2677104124987634
0.26752902795857325
0.2673489919883224
0.2671702964964425
0.2669929334218062
0.2668168947338101
0.26664217243243693
0.26646875854832264
0.2662966451428258
0.2661258243080842
0.2659562881670746
0.2657880288736706
0.2656210386126937
0.26545530959996544
0.2652908340823542
0.2651276043378239
0.26496561267547314
0.26480485143557864
0.26464531298963123
0.2644869897403751
0.2643298741218386
0.2641739585993631
0.26401923566963914
0.26386569786072445
0.2637133377320736
0.26356214787455723
0.26341212091048527
0.26326324949361934
0.263115526309193
0.2629689440739228
0.262823495536019
0.26267917347519776
0.2625359707026865
0.26239388006122566
0.26225289442508126
0.262113006700036
0.2619742098233936
0.261836496763978
0.261699860522124
0.26156429412967697
0.2614297906499803
0.26129634317786754
0.2611639448396502
0.2610325887931072
0.2609022682274662
0.2607729763633868
0.26064470645294724
0.2605174517796208
0.2603912056582539
0.26026596143504366
0.2601417124875153
0.26001845222449305
0.25989617408607346
0.259774871543598
0.2596545380996206
0.25953516728787385
0.25941675267323905
0.2592992878517114
0.25918276645036054
0.2590671821272935
0.258952528571618
0.2588387995034003
0.2587259886736245
0.25861408986415035
0.2585030968876656
0.25839300358764605
0.25828380383830296
0.2581754915445388
0.258068060641901
0.2579615050965254
0.25785581890508846
0.2577509960947566
0.2576470307231292
0.25754391687818445
0.2574416486782285
0.2573402202718308
0.2572396258377738
0.2571398595849891
0.25704091575250165
0.2569427886093639
0.2568454724546002
0.25674896161714234
0.2566532504557588
0.2565583333590049
0.2564642047451402
0.25637085906207846
0.2562782907873079
0.2561864944278307
0.256095464520092
0.2560051956299074
0.25591568235239837
0.2558269193119177
0.2557389011619743
0.2556516225851678
0.25556507829311004
0.25547926302634816
0.2553941715542991
0.25530979867516435
0.25522613921585846
0.2551431880319309
0.25506094000748847
0.25497939005511583
0.2548985331157988
0.25481836415884385
0.25473887818179486
0.2546600702103593
0.25458193529831663
0.2545044685274487
0.2544276650074444
0.25435151987582716
0.254276028297864
0.25420118546648773
0.25412698660220456
0.25405342695301547
0.2539805017943296
0.2539082064288728
0.2538365361866083
0.25376548642464536
0.25369505252715074
0.2536252299052638
0.2535560139970098
0.2534874002672023
0.25341938420736376
0.2533519613356301
0.25328512719666507
0.2532188773615638
0.2531532074277676
0.2530881130189705
0.25302358978502826
0.2529596334018649
0.25289623957138385
0.25283340402137455
0.25277112250541667
0.25270939080278954
0.2526482047183801
0.2525875600825872
0.2525274527512269
0.25246787860544284
0.2524088335516055
0.25235031352122217
0.25229231447084144
0.25223483238195754
0.25217786326090996
0.2521214031388007
0.2520654480713844
0.25200999413898373
0.2519550374463808
0.2519005741227347
0.25184660032147577
0.2517931122202123
0.2517401060206309
0.25168757794840557
0.25163552425309443
0.25158394120804217
0.25153282511028985
0.2514821722804702
0.2514319790627123
0.2513822418245447
0.25133295695679836
0.2512841208735047
0.2512357300118029
0.2511877808318349
0.2511402698166587
0.25109319347213377
0.25104654832683926
0.2510003309319674
0.2509545378612196
0.25090916571072297
0.250864211098918
0.25081967066646527
0.2507755410761504
0.2507318190127764
0.25068850118307784
0.25064558431560846
0.25060306516065234
0.2505609404901218
0.2505192070974597
0.25047786179753917
0.2504369014265665
0.250396322841984
0.2503561229223664
0.25031629856733006
0.25027684669742756
0.2502377642540533
0.25019904819934213
0.25016069551607545
0.25012270320757934
0.2500850682976271
0.2500477878303432
0.2500108588701
0.24997427850142773
0.24993804382891094
0.24990215197708976
0.24986660009036943
0.24983138533291405
0.24979650488855398
0.2497619559606883
0.2497277357721862
0.24969384156529084
0.24966027060152107
0.24962702016157545
0.24959408754523515
0.24956147007127072
0.24952916507733613
0.2494971699198829
0.24946548197405904
0.24943409863361488
0.24940301731080028
0.24937223543627918
0.24934175045902673
0.24931155984623843
0.24928166108322858
0.24925205167334152
0.24922272913785504
0.24919369101588185
0.2491649348642787
0.24913645825755182
0.24910825878775888
0.2490803340644221
0.24905268171442607
0.2490252993819282
0.24899818472826862
0.24897133543186545
0.24894474918813903
0.24891842370940032
0.24889235672477217
0.24886654598009095
0.24884098923781306
0.2488156842769279
0.2487906288928574
0.24876582089737698
0.24874125811851222
0.2487169384004505
0.24869285960345877
0.24866901960377819
0.24864541629354642
0.24862204758070094
0.24859891138888923
0.24857600565737836
0.248553328340972
0.2485308774099111
0.24850865084979235
0.24848664666147435
0.24846486286099478
0.24844329747947536
0.24842194856303979
0.24840081417272053
0.24837989238437486
0.2483591812885968
0.24833867899063045
0.24831838361027891
0.2482982932818273
0.24827840615394392
0.2482587203896065
0.24823923416600657
0.24821994567447037
0.24820085312037043
0.2481819547230416
0.24816324871569828
0.2481447333453458
0.24812640687270238
0.2481082675721059
0.24809031373144153
0.24807254365205145
0.24805495564865365
0.24803754804925726
0.24802031919508483
0.24800326744048717
0.2479863911528608
0.24796968871256808
0.24795315851285504
0.24793679895977216
0.2479206084720884
0.2479045854812223
0.2478887284311475
0.24787303577832354
0.24785750599161094
0.24784213755219586
0.24782692895350877
0.24781187870114685
0.2477969853127937
0.24778224731814413
0.24776766325882715
0.24775323168832541
0.2477389511718986
0.247724820286511
0.2477108376207503
0.24769700177475062
0.2476833113601251
0.24766976499988003
0.24765636132834468
0.24764309899109804
0.2476299766448905
0.24761699295757156
0.2476041466080171
0.24759143628605118
0.24757886069238022
0.2475664185385119
0.24755410854668902
0.24754192944981235
0.24752987999137088
0.24751795892537165
0.24750616501626388
0.2474944970388736
0.24748295377832685
0.24747153402998412
0.24746023659936656
0.24744906030208869
0.24743800396378968
0.24742706642006052
0.24741624651637684
0.24740554310803187
0.24739495506006526
0.24738448124720025
0.24737412055376906
0.24736387187365116
0.24735373411020467
0.24734370617619594
0.2473337869937412
0.24732397549423457
0.24731427061828282
0.24730467131564116
0.24729517654514854
0.24728578527466505
0.24727649648099803
0.2472673091498515
0.247258222275753
0.24724923486199202
0.2472403459205591
0.24723155447208045
0.24722285954575696
0.24721426017930137
0.24720575541887835
0.24719734431903817
0.2471890259426598
0.24718079936088888
0.24717266365307644
0.24716461790671984
0.2471566612174012
0.2471487926887289
0.24714101143227685
0.2471333165675268
0.24712570722181082
0.24711818253024898
0.24711074163569435
0.24710338368867513
0.24709610784733715
0.24708891327738292
0.24708179915202078
0.24707476465190448
0.24706780896507785
0.24706093128691997
0.24705413082008787
0.24704740677445847
0.2470407583670836
0.24703418482212502
0.24702768537080322
0.2470212592513441
0.24701490570892748
0.24700862399562773
0.2470024133703661
0.2469962730988553
0.24699020245354608
0.24698420071358107
0.24697826716473015
0.24697240109935414
0.2469666018163411
0.24696086862106492
0.24695520082532418
0.24694959774730219
0.2469440587115087
0.2469385830487364
0.24693317009600646
0.24692781919651996
0.24692252969961348
0.24691730096070585
0.2469121323412492
0.2469070232086833
0.24690197293639005
0.24689698090363799
0.24689204649554508
0.24688716910302377
0.24688234812273835
0.24687758295705775
0.2468728730140093
0.24686821770723333
0.24686361645593669
0.24685906868484875
0.2468545738241752
0.24685013130955757
0.24684574058201925
0.24684140108793462
0.2468371122789721
0.24683287361206174
0.24682868454934292
0.24682454455812897
0.24682045311085965
0.2468164096850579
0.2468124137632931
0.2468084648331349
0.24680456238711201
0.24680070592267345
0.2467968949421412
0.2467931289526799
0.24678940746624567
0.24678572999955162
0.24678209607402912
0.24677850521578026
0.2467749569555484
0.24677145082867347
0.24676798637505282
0.2467645631391041
0.24676118066972608
0.24675783852026145
0.2467545362484579
0.24675127341643066
0.24674804959062546
0.2467448643417819
0.2467417172448938
0.24673860787917878
0.24673553582803331
0.24673250067900288
0.24672950202374688
0.24672653945799639
0.24672361258152498
0.24672072099811249
