1.2878930809488391
0.08079007726918161
0.07580383880574482
0.06995601386485543
0.06399147053977682
0.05816724595181949
0.05260382694219865
0.047365583634127205
0.04248836269266428
0.03799124543175194
0.033882341772825196
0.030161978592633757
0.026824622617002383
0.023860137641705772
0.021254669656691014
0.018991315100681114
0.017050660521864967
0.015411247374998596
0.014049996330987394
0.012942613246352834
0.01206399002216838
0.011388606309566993
0.010890931847509172
0.010545824148981258
0.01032891248424773
0.010216956842687032
0.010188169881889041
0.010222490740612112
0.010301801792098015
0.010410082596173218
0.010533499016543253
0.010660429198607426
0.010781431373000161
0.01088916088460548
0.01097824523718679
0.011045126279599688
0.011087878116740587
0.011106008216810426
0.01110024787182165
0.011072336988813089
0.011024807387361073
0.010960768460578342
0.010883699183020687
0.010797250857789044
0.010705065445829503
0.010610614550991389
0.0105170639217357
0.010427167541741342
0.010343194006916008
0.010266886043892106
0.010199451939610917
0.010141585608147
0.010093510306568276
0.010055039858059854
0.010025650780626406
0.010004558966757929
0.009990795411828
0.009983276756835633
0.009980867858039233
0.009982434986355778
0.009986889401103337
0.009993221818351146
0.01000052867448998
0.01000803112385368
0.01001508751902118
0.010021199845254678
0.010026014350294722
0.010029316523824749
0.010031020678067255
0.01003115464376505
0.010029840457412393
0.010027272281893462
0.010023693077765726
0.010019371652500704
0.010014581624883783
0.010009583561086097
0.010004611117170681
0.0099998615356489
0.009995490374376742
0.009991609966708687
0.009988290869157663
0.009985565461185187
0.009983432904214721
0.00998186480330677
0.00998081109411056
0.009980205850935371
0.009979972843452702
0.009980030743202837
0.009980297899974554
0.00998069659064335
0.009981156614978955
0.009981618098940477
0.009982033382558394
0.009982367921174434
0.009982600208007694
0.00998272081644271
0.00998273074238932
0.00998263928319256
0.009982461709339727
0.009982216967163478
0.009981925601988961
0.009981608024803494
0.009981283176676105
0.009980967587020002
0.009980674782765635
0.009980414987829178
0.009980195052594435
0.009980018564463355
0.009979886104807614
0.009979795628218668
0.00997974294321703
0.009979722269522734
0.009979726838534523
0.009979749495234629
0.009979783255608781
0.009979821776535017
0.009979859705346386
0.009979892892029857
0.009979918464899996
0.009979934786762708
0.009979941319960573
0.009979938433634908
0.009979927185167582
0.0099799091016751
0.009979885979027
0.009979859707613259
0.009979832127807451
0.009979804914560469
0.009979779489598314
0.009979756960305156
0.009979738085335052
0.009979723267267083
0.009979712571698699
0.009979705770162944
0.00997970240175066
0.009979701846139164
0.009979703399583477
0.009979706345701623
0.009979710014522554
0.00997971382582954
0.009979717315664547
0.009979720147318643
0.009979722109762038
0.009979723107106573
0.009979723142474412
0.009979722298908554
0.009979720719082293
0.009979718584877534
0.009979716097553487
0.009979713459203466
0.009979710856345435
0.00997970844661643
0.009979706349476375
0.009979704641512932
0.009979703356418021
0.009979702489110183
0.009979702002964991
0.00997970183881206
0.00997970192433346
0.009979702182716313
0.00997970253979659
0.009979702929350536
0.009979703296549645
0.009979703599813691
0.009979703811383125
0.009979703916900005
0.009979703914215998
0.009979703811575952
0.00997970362530638
0.009979703377161706
0.009979703091533912
0.009979702792775743
0.009979702502893602
0.009979702239822972
0.009979702016406208
0.009979701840083427
0.009979701713199294
0.009979701633759462
0.009979701596441676
0.009979701593683816
0.009979701616718522
0.00997970165647604
0.009979701704324629
0.009979701752646744
0.009979701795255964
0.009979701827660899
0.009979701847172668
0.009979701852856382
0.009979701845336706
0.009979701826479398
0.009979701798994997
0.009979701766014393
0.009979701730692903
0.009979701695886042
0.009979701663923974
0.009979701636490942
0.009979701614597072
0.009979701598622643
0.009979701588407264
0.009979701583364415
