0.6895888315694039
0.8943972017392521
0.8892757998563594
0.883947076680273
0.878363718933405
0.8725986580418954
0.8666967400219384
0.8606639192469554
0.8544967550417739
0.8482107340565169
0.8422528259186423
0.8357114102940334
0.8291877556577959
0.822663237162539
0.8161311821303219
0.8095921523710647
0.8030497141104794
0.7964951244160382
0.7899266278061507
0.7822658510411306
0.7743943993642346
0.7663066810109831
0.7579967183978071
0.7494581514210574
0.7406843621870405
0.7316687099587355
0.7224048343312641
0.7128868678142768
0.7031090170917618
0.6930627396124646
0.682725843196923
0.6720274276564056
0.6607683052604751
0.648613266792321
0.635398406650185
0.6212220528369347
0.6062195383311509
0.5904968656038228
0.574146663167988
0.5572630178819244
0.5399480405314065
0.5223137110512224
0.5044812542925248
0.48657909836915325
0.4687399536351474
0.4510973557798782
0.4337819364578487
0.4169176461269991
0.400618145737734
0.38498361905113365
0.37009833643046575
0.3560293792171185
0.3428269237222833
0.33052630078312095
0.31915167902927466
0.30872151637396295
0.2955889595448462
0.2831759975467606
0.2715637036700578
0.2608422447410871
0.2510344997441284
0.2420919471988462
0.23394087273337538
0.22652556508802546
0.2198388107496816
0.20916689466486416
0.19938934249077123
0.19055899155315814
0.1826950309462969
0.1757853428074717
0.16979378271657364
0.16466900494179404
0.16035331439968992
0.15679109179242112
0.15394188172874168
0.1518301987657371
0.1446903257695502
0.13833963352322642
0.1330517992353022
0.1289319144904526
0.12593020971774838
0.12396263680125641
0.12299666782646113
0.1231189677855351
0.11663075531143696
0.11151966230099464
0.10784709099536349
0.10551803854100095
0.10438306057657476
0.10429782269717036
0.10517655138503734
0.10708297371723574
0.11053251928559682
0.10334626434769711
0.09835612096069235
0.09785965005394104
0.10107014990254448
0.11178282425587716
0.10661158695583162
0.10302470711133893
0.10000252203958171
0.09741421530642691
0.09527598330508136
0.09362632533494752
0.09248553284092631
0.09183851475109883
0.09162797366868936
0.09175473154701541
0.09208567033830584
0.09247180634546248
0.09277642264047636
0.09290340158199784
0.09281089119952535
0.09250667685836411
0.09203389366230885
0.09145549676308762
0.0908407461840266
0.09025424313339236
0.08974762212134002
0.08935416214078218
0.08908659840508015
0.08893818322423697
0.08888662194750774
0.08890000609823412
0.0889434558369514
0.08898508411299433
0.08900021887317378
0.08897344413769614
0.08889864871964626
0.08877765332165588
0.08861806907071235
0.08843092969492283
0.08822847571636827
0.0880223353178593
0.08782225295164614
0.08763543415730524
0.08746647917076145
0.08731777408951424
0.08719012760092704
0.08708341705481593
0.08699705244639822
0.08693016366325368
0.08688152823444661
0.08684934568869651
0.08683100645552322
0.0868229932739647
0.08682100235833956
0.08682030000625196
0.08681625989671327
0.08680497547557209
0.08678382128609341
0.08675184800787228
0.08670993128415028
0.0866606428764296
0.08660786293609435
0.08655619530290892
0.08651027789839127
0.08647409445892074
0.08645039140946176
0.08644028597748132
0.08644312167850343
0.08645658932562938
0.08647709096843081
0.08650028661656373
0.08652173540612573
0.0865375293125974
0.08654482155304999
0.08654217279607279
0.08652967171288262
0.08650882509408164
0.08648224903115831
0.08645322038896686
0.08642516357688246
0.08640115082240696
0.08638348614148783
0.08637342646978952
0.08637107089360008
0.08637542366007067
0.08638461178837653
0.08639621679351939
0.0864076651957062
0.08641661635081299
0.08642128967378371
0.08642068584389717
0.08641467571398087
0.08640395283613911
0.08638986682586336
0.08637417175614914
0.08635873405287375
0.08634524697320223
0.08633499401922018
0.08632869294200574
0.08632643740293366
0.08632773731416821
0.08633164384340553
0.08633693321851688
0.08634231641290135
0.08634664033817252
0.08634905020399408
0.08634909122598244
