0.7767296341218747
0.9902129738159937
0.9899643746390813
0.9894336124631705
0.9886853761356834
0.9876998127132198
0.9864724246487458
0.9850391997645211
0.9834220404217089
0.9816185021637918
0.9796148858166108
0.9773928775348295
0.974931704946245
0.9722087831291886
0.9691999038689798
0.9658792935179192
0.9622196434381172
0.9581921494976025
0.9537665755491167
0.9489113486167472
0.9435936909776746
0.9377797933195299
0.9314350325978773
0.9245242377159937
0.917012005542304
0.9088630689999097
0.9000427179738684
0.890517272569271
0.8802546068130201
0.86922471923227
0.8574003448829639
0.8447576013768532
0.8312766593141899
0.8169424253374846
0.8017452238612149
0.7856814615005823
0.768754256430263
0.7509740134725214
0.7323589247691062
0.7129353755576762
0.6927382349665291
0.6718110129581858
0.6502058666620174
0.6279834423696788
0.6052125434087798
0.5819696188895256
0.5583380738060955
0.5344074069789477
0.510272189598459
0.4860309033785537
0.4617846632214283
0.4376358544872123
0.4136867191214034
0.39003792772127743
0.3667871758877791
0.34402784276916176
0.3218477475236634
0.3003280355982957
0.27954222144777585
0.2595554079185801
0.2404236953998692
0.22219378644744703
0.20490278438059606
0.18857817776311914
0.1732379970660637
0.1588911254250096
0.14553774238438455
0.133169877876416
0.1217720533121508
0.11132198737549748
0.10179134565855363
0.09314651538190899
0.08534938883908227
0.07835814165477284
0.07212799427030747
0.06661194714539675
0.061761481934131
0.0575272223495632
0.05385954961117001
0.050709168334865606
0.048027619548279055
0.045767738264267166
0.04388405377962068
0.04233313162145891
0.041073856857650526
0.04006765931693257
0.03927868211089647
0.038673895684166126
0.038223160407397594
0.03789924143584267
0.037677780155372154
0.03753722700559037
0.03745874079327083
0.03742605978454139
0.03742534989546353
0.037445035199266674
0.03747561575078573
0.03750947741451993
0.03754069799326876
0.037564853510792307
0.03757882802459456
0.037580629851539205
0.03756921659566681
0.03754433088680109
0.03750634828095578
0.037456138346850576
0.03739493957240925
0.03732424837488357
0.037245722189679586
0.03716109634710474
0.03707211422227774
0.03698046996024207
0.036887762933838
0.03679546298364389
0.036704885414663324
0.036617174680113496
0.03653329566575081
0.036454031495184225
0.036379986804306874
0.0363115954781853
0.03624913190305368
0.036192724856687675
0.036142373239200776
0.03609796293069778
0.03605928414962367
0.03602604877389026
0.035997907173894284
0.03597446419071115
0.0359552939725819
0.03593995345715939
0.035927994355002824
0.03591897355078333
0.035912461892326886
0.035908051383691464
0.03590536083704665
0.03590404006940151
0.03590377275447609
0.0359042780577985
0.03590531119486917
0.035906663058696164
0.03590815906464562
0.03590965735829332
0.03591104652619259
0.03591224294107398
0.03591318786245523
0.035913844401609274
0.035914194446815983
0.03591423563131979
0.035913978412827396
0.03591344332005397
0.035912658409146814
0.03591165696084986
0.03591047543845738
0.03590915171675968
0.03590772358370842
0.035906227509209465
0.03590469766940585
0.0359031652100561
0.03590165772890763
0.03590019895444163
0.035898808596792064
0.03589750234594502
0.03589629199236766
0.03589518564598537
0.03589418803063982
0.0358933008328054
0.03589252308536972
0.03589185156938468
0.035891281219065596
0.035890805517584945
0.035890416873553765
0.03589010697027639
0.03588986708192776
0.035889688352770954
0.03588956203714255
0.035889479699547255
0.03588943337536843
0.03588941569385973
0.03588941996581729
0.0358894402390737
0.03588947132529274
0.03588950880189845
0.03588954899301722
0.03588958893335159
0.03588962631873471
0.0358896594469269
0.03588968715188645
0.0358897087344805
0.03588972389215639
0.03588973264976236
0.03588973529330175
0.03588973230802639
0.03588972432192883
0.035889712055349854
0.03588969627710714
0.035889677767351635
0.03588965728702698
0.03588963555373237
0.035889613223559436
0.035889590878399935
