0.8895238401144185
0.9318091560330511
0.9298591552384966
0.9278262525170469
0.9256771008378736
0.9233980026711563
0.920978821952436
0.9184099720006311
0.9156816526001177
0.9127836098811548
0.9097050516772868
0.9064346200233269
0.902960390223845
0.8992698862673645
0.8953501093333428
0.8911875787855135
0.8867683861262118
0.8820782628375103
0.8771026631995101
0.8718268631865316
0.8662360764501713
0.8603155882236506
0.8540509077306312
0.8474279393545846
0.8404331724215041
0.8330538889697576
0.8252783883288541
0.8170962267096734
0.8084984693319327
0.7994779518944471
0.790029547448976
0.7801504339929751
0.7698403573791163
0.7591018834830667
0.7479406330124454
0.7363654919181133
0.7243887901237165
0.7120264412590235
0.6992980363015195
0.6862268845268641
0.6728399959606886
0.659168000618074
0.6452450012045574
0.6311083576085916
0.6167984033972704
0.6023580965741782
0.5878326089933372
0.5732688609553207
0.5587150095401057
0.5442199010512736
0.5298324994555634
0.5156013038080975
0.5015737682818338
0.4877957385188739
0.4743109175699608
0.46116037369841256
0.44838210084158125
0.43601064062415384
0.4240767726075324
0.4126072770617287
0.40162477209374137
0.39114762459151564
0.3811899322660418
0.3717615721961084
0.36286830977320506
0.3545119608492282
0.3466905992154298
0.3393988012665131
0.3326279197826111
0.3263663791303726
0.3205999847685045
0.31531224066694896
0.31048466904112404
0.3060971276024128
0.30212812028606184
0.29855509810587266
0.2953547473845224
0.292503263115112
0.28997660563038197
0.28775073910435556
0.28580185070481734
0.28410654947186187
0.28264204423464834
0.2813863001083976
0.2803181733455741
0.27941752455326185
0.27866531053310284
0.2780436552472644
0.27753590065786116
0.27712663842051655
0.27680172362769884
0.27654827198651943
0.2763546419728673
0.2762104036243539
0.2761062957159145
0.2760341731032524
0.2759869460215577
0.27595851309258645
0.2759436897260432
0.2759381335057748
0.27593826803289223
0.2759412065617992
0.2759446766167374
0.2759469466207807
0.2759467554110423
0.27594324535710435
0.2759358996479563
0.2759244841688705
0.27590899425573945
0.2758896064922792
0.2758666356060523
0.27584049642322783
0.27581167075946844
0.2757806790552406
0.2757480565076449
0.27571433340701557
0.2756800193540868
0.27564559101160035
0.27561148303177896
0.2755780817970276
0.27554572161444746
0.2755146830142352
0.2754851928166583
0.2754574256511316
0.27543150663294247
0.27540751492762927
0.27538548795891493
0.27536542604298975
0.27534729725890905
0.2753310423915809
0.27531657980967983
0.27530381016549355
0.2752926208268761
0.275282889972856
0.2752744903039521
0.2752672923356557
0.27526116725888705
0.2752559893644859
0.2752516380399509
0.27524799935584776
0.2752449672666123
0.2752424444560292
0.2752403428616006
0.27523858391453526
0.2752370985332969
0.2752358269087467
0.27523471811812483
0.2752337296034387
0.2752328265476788
0.27523198117953196
0.2752311720342647
0.2752303831952124
0.2752296035369687
0.2752288259880489
0.2752280468275381
0.27522726502712513
0.27522648164703056
0.27522569929162355
0.27522492162819523
0.2752241529701719
0.27522339792427786
0.27522266109962124
0.27522194687545076
0.27522125922336305
0.2752206015790475
0.27521997675818055
0.27521938691083747
0.2752188335087006
0.2752183173594488
0.2752178386429174
0.275217396963956
0.27521699141728995
0.2752166206601988
0.27521628298928524
0.2752159764181439
0.2752156987532649
0.27521544766600814
0.2752152207589712
0.27521501562552775
0.27521482990172685
0.2752146613101045
0.2752145076952961
0.27521436705157687
0.27521423754272867
0.27521411751475267
0.27521400550213226
0.2752139002283851
0.2752138006017577
0.2752137057068679
0.27521361479316264
0.2752135272609654
0.27521344264587067
0.27521336060218593
0.2752132808859994
0.2752132033384358
0.27521312786950647
0.2752130544429523
0.27521298306231046
0.2752129137584317
0.27521284657856526
