1.162373184498079
0.08843271004167451
0.08363511202915526
0.07820718677246725
0.07273754009555279
0.06743374937695122
0.06239351621866105
0.057668693094016656
0.05328753845473694
0.049264276005096745
0.04560383500973203
0.04230447515449622
0.0393593807868342
0.036757712144853474
0.03448535342686663
0.03252548552274687
0.030859057009152636
0.029465198907525136
0.028321612651042567
0.027404950122738646
0.026691196464129596
0.026156059381029665
0.02577536260934556
0.025525436210159114
0.025383492733255755
0.025327976265132456
0.025338871066626564
0.025397957839893945
0.025489008403503186
0.025597913301407132
0.02571274111523844
0.02582373242818546
0.025923234974060388
0.02600558908850899
0.02606697394178412
0.02610522517721697
0.02611963371590435
0.026110733972398426
0.026080087974371304
0.026030070276368875
0.025963657384161853
0.025884224794417012
0.025795354680574565
0.02570065756182732
0.025603611730895332
0.025507424510825796
0.025414919316563433
0.025328451855685274
0.025249857579855373
0.025180430792835495
0.025120933844770554
0.02507163287779304
0.025032354926663714
0.025002560062344904
0.024981421841878185
0.02496790962015044
0.02496086719504506
0.02495908361050082
0.02496135349281062
0.02496652579933779
0.024973541110066052
0.024981458457907155
0.02498947312961002
0.024996926918622195
0.025003312084977736
0.02500826992153711
0.025011584486529462
0.025013171852356436
0.025013065198566647
0.025011396239902863
0.0250083737717987
0.025004260444921763
0.02499934914792375
0.02499394050069109
0.024988322892095446
0.02498275623451979
0.024977460193216117
0.024972607153896806
0.0249683197019696
0.02496467198017105
0.024961694023968767
0.024959378069598238
0.024957685877806845
0.024956556279683396
0.024955912375916878
0.024955668051988247
0.024955733664044827
0.02495602087712336
0.02495644669397221
0.024956936712656547
0.02495742761979952
0.024957868892086534
0.02495822366460586
0.02495846874287899
0.0249585937853944
0.02495859975340156
0.024958496796558427
0.024958301798042298
0.02495803582696486
0.024957721733600374
0.024957382077415522
0.024957037510008485
0.024956705659744307
0.024956400496994696
0.02495613210965156
0.024955906793318387
0.024955727358314844
0.0249555935703205
0.024955502664478157
0.024955449895468097
0.024955429102197318
0.024955433272664872
0.02495545509326332
0.024955487460906006
0.024955523930626056
0.024955559069738887
0.02495558869449142
0.024955609976148273
0.0249556214184158
0.02495562272348682
0.024955614576259874
0.02495559838287204
0.024955575999648993
0.024955549482664197
0.024955520878420363
0.02495549206536538
0.02495546464652312
0.02495543988709321
0.02495541868799464
0.02495540158647629
0.02495538877688865
0.024955380147114514
0.02495537532785343
0.024955373752405346
0.024955374723865015
0.02495537748530253
0.02495538128731739
0.024955385446996135
0.024955389393097892
0.024955392694164302
0.024955395068759562
0.02495539637957878
0.024955396615127027
0.024955395863688695
0.024955394284287055
0.02495539207848158
0.02495538946553109
0.024955386662109964
0.024955383866716512
0.024955381248341218
0.024955378938832953
0.024955377028561505
0.024955375565208476
0.024955374555639925
0.024955373970727935
0.024955373752723737
0.02495537382442875
0.024955374099116513
0.024955374490036337
0.02495537491843504
0.024955375319347634
0.024955375644839534
0.024955375864819867
0.024955375965887983
0.024955375948849518
0.024955375825548326
0.02495537561554304
0.02495537534297165
0.02495537503377931
0.02495537471335979
0.02495537440461459
0.02495537412643752
0.02495537389265681
0.024955373711489204
0.024955373585538745
0.024955373512327406
0.024955373485274324
0.024955373494971855
0.024955373530571482
0.02495537358108842
0.02495537363647521
0.024955373688375266
0.024955373730537394
0.024955373758931216
0.024955373771633652
0.024955373768566214
0.024955373751151245
0.024955373721929852
0.024955373684173266
0.0249553736414982
0.024955373597503817
0.02495537355544726
0.024955373517982615
0.024955373486983966
0.02495537346347033
0.024955373447632486
0.02495537343894894
0.024955373436363105
0.02495537343848905
0.024955373443811407
