0.806498361630468
0.7261113093476863
0.7251395441899215
0.7241653441261502
0.7231890177909838
0.7222106431339852
0.7212302401927824
0.7202478083185013
0.7192633379385054
0.7182768152245653
0.7172882242582068
0.7162975481592868
0.715304769731063
0.7143098718578276
0.7133128377657749
0.7123136512030384
0.7113122965689818
0.7103087590097792
0.7093030244904033
0.7082950798492822
0.7072849128396679
0.7062725121604287
0.7052578674781731
0.7042409694420917
0.7032218096925911
0.7022003808645536
0.7011766765859377
0.700150691472305
0.6991224211178071
0.6980918620830925
0.6970590118805635
0.6960238689573652
0.6949864326764641
0.6939467032961364
0.6929046819481748
0.6918603706150782
0.6908137721064767
0.68976489003502
0.6887137287919334
0.6876602935224223
0.6866045901010891
0.6855466251075061
0.6844864058020705
0.6834239401022475
0.6823592365592941
0.6812923043355423
0.6802231531823024
0.6791517934184417
0.6780782359096709
0.6770024920485753
0.6759245737354072
0.6748444933596482
0.6737622637823539
0.6726778983192694
0.6715914107247194
0.6705028151762513
0.6694121262600212
0.6683193589569028
0.667224528629297
0.6661276510086196
0.6650287421834378
0.6639278185882354
0.6628248969927737
0.6617199944920247
0.6606131284966414
0.6595043167239458
0.6583935771894025
0.6572809281985461
0.6561663883393485
0.6550499764749818
0.6539317117369678
0.6528116135186814
0.6516897014691838
0.6505659954873675
0.6494405157163892
0.6483132825383664
0.6471843165693256
0.6460536386543769
0.6449212698630988
0.6437872314851236
0.642651545025894
0.6415142322025873
0.6403753149401943
0.6392348153677276
0.6380927558145622
0.636949158806885
0.6358040470642508
0.6346574434962333
0.6335093711991528
0.6323598534528894
0.6312089137177566
0.6300565756314387
0.6289028630059814
0.6277477998248302
0.6265914102399062
0.6254337185687235
0.6242747492915384
0.6231145270485148
0.6219530766369259
0.6207904230083661
0.619626591265978
0.6184616066616964
0.6172954945934952
0.6161282806026454
0.6149599903709726
0.6137906497181231
0.6126202845988193
0.6114489211001246
0.6102765854386949
0.6091033039580307
0.6079291031257219
0.6067540095306838
0.6055780498803853
0.6044012509980703
0.6032236398199611
0.6020452433924628
0.6008660888693482
0.5996862035089316
0.5985056146712346
0.5973243498151359
0.5961424364955117
0.5949599023603604
0.593776775147917
0.5925930826837515
0.5914088528778634
0.590224113721751
0.589038893285478
0.587853219714725
0.5866671212278269
0.5854806261128034
0.5842937627243747
0.5831065594809648
0.5819190448617004
0.5807312474033905
0.5795431956975059
0.5783549183871428
0.5771664441639783
0.5759778017652202
0.574789019970547
0.5736001275990417
0.5724111535061143
0.5712221265804283
0.5700330757408083
0.5688440299331528
0.567655018127339
0.5664660693141206
0.5652772125020298
0.564088476714268
0.5628998909856004
0.5617114843592486
0.5605232858837779
0.5593353246099912
0.5581476295878194
0.5569602298632128
0.5557731544750353
0.5545864324519618
0.5534000928093801
0.5522141645462912
0.5510286766422205
0.5498436580541299
0.5486591377133407
0.5474751445224542
0.5462917073522928
0.5451088550388321
0.5439266163801606
0.5427450201334336
0.5415640950118421
0.5403838696815955
0.5392043727589111
0.5380256328070177
0.5368476783331715
0.5356705377856834
0.5344942395509653
0.5333188119505838
0.5321442832383323
0.530970681597325
0.5297980351370948
0.5286263718907183
0.527455719811954
0.5262861067724027
0.5251175605586795
0.5239501088696112
0.5227837793134564
0.5216185994051352
0.5204545965634901
0.5192917981085685
0.5181302312589184
0.5169699231289173
0.5158109007261185
0.5146531909486238
0.5134968205824793
0.5123418162990958
0.5111882046526968
0.5100360120777907
0.5088852648866704
0.5077359892669371
0.5065882112790574
0.5054419568539394
0.5042972517905475
0.5031541217535349
0.5020125922709158
0.500872688731758
0.4997344363839139
0.498597860331771
0.4974629855340461
0.4963298368015995
0.495198438795286
0.49406881602383856
0.4929409928417786
0.491814993447366
0.49069084188057543
0.48956856202110777
0.48844817758643955
0.48732971212989684
0.48621318903876787
0.4850986315324569
0.4839860626606537
0.482875505301562
0.48176698216013947
0.4806605157663869
0.4795561284736699
0.4784538424570728
0.47735367971179243
0.47625566205156256
0.4751598111071168
0.47406614832468896
0.4729746949645489
0.47188547209956966
0.47079850061383965
0.46971380120130213
0.46863139436443857
0.4675513004129822
0.46647353946267656
0.46539813143405806
0.46432509605128824
0.46325445284101685
0.4621862211312773
0.4611204200504271
0.4600570685261196
0.45899618528431396
0.45793778884832237
0.4568818975378922
0.4558285294683241
0.45477770254963035
0.45372943448572645
0.45268374277365975
0.4516406447028708
0.4506001573544992
0.44956229760071875
0.44852708210410697
0.4474945273170562
0.4464646494812178
0.44543746462697864
0.4444129885729774
0.44339123692565274
0.4423722250788322
0.44135596821334155
0.44034248129666875
0.43933177908264465
0.4383238761111683
0.4373187867079624
0.4363165249843598
0.4353171048371304
0.4343205399483333
0.4333268437852086
0.4323360296000981
0.4313481104303962
0.4303630990985402
0.42938100821202607
0.42840185016345655
0.4274256371306232
0.4264523810766191
0.4254820937499778
0.4245147866848479
0.4235504712011965
0.4225891584050395
0.4216308591887049
0.4206755842311216
0.41972334399814126
0.41877414874288565
0.4178280085061221
0.41688493311666674
0.41594493219181516
0.41500801513780383
0.41407419115029265
0.4131434692148723
0.4122158581076111
0.41129136639560415
0.41037000243757393
0.40945177438447544
0.4085366901801346
0.40762475756190997
0.40671598406137843
0.4058103770050405
0.40490794351505643
0.4040086905099929
0.4031126247056055
0.40221975261563114
0.40133008055261055
0.40044361462872535
0.399560360756661
0.39868032465048586
0.3978035118265527
0.3969299276044178
0.39605957710778117
0.3951924652654395
0.39432859681227184
0.3934679762902219
0.39261060804931713
0.3917564962486927
0.3909056448576371
0.39005805765665624
0.38921373823854477
0.38837269000948527
0.3875349161901488
0.3867004198168217
0.3858692037425424
0.38504127063824634
0.3842166229939391
0.38339526311986527
0.38257719314770056
0.3817624150317598
0.3809509305502017
0.380142741306262
0.3793378487294887
0.3785362540769899
0.3777379584346915
0.37694296271860994
0.3761512676761233
0.37536287388727085
0.3745777817660384
0.37379599156166987
0.37301750335998385
0.3722423170846909
0.371470432498725
0.3707018492055829
0.3699365666506671
0.36917458412263404
0.36841590075475583
0.36766051552628043
0.36690842726380024
0.3661596346426276
0.36541413618817475
0.3646719302773328
0.3639330151398664
0.3631973888597998
0.36246504937681834
0.36173599448766136
0.36101022184753073
0.3602877289714933
0.3595685132358881
0.35885257187973585
0.35813990200615564
0.35743050058377146
0.35672436444813516
0.35602149030313346
0.3553218747224153
0.35462551415080035
0.35393240490570477
0.3532425431785513
0.3525559250361944
0.3518725464223357
0.3511924031589341
0.350515490947635
0.34984180537117127
0.34917134189478627
0.34850409586763875
0.3478400625242184
0.3471792369857507
0.3465216142616021
0.3458671892506835
0.3452159567428513
0.34456791142030385
0.34392304785897687
0.34328136052992975
0.3426428438007427
0.3420074919368893
0.34137529910312303
0.3407462593648539
0.3401203666895123
0.3394976149479252
0.3388779979156745
0.3382615092744534
0.33764814261342024
0.3370378914305495
0.3364307491339691
0.33582670904329903
0.3352257643909874
0.334627908323631
0.3340331339032949
0.3334414341088322
0.33285280183718946
0.33226722990470103
0.3316847110484016
0.3311052379272964
0.3305288031236572
0.3299553991442913
0.32938501842181334
0.32881765331590573
0.32825329611457654
0.3276919390354033
0.327133574226777
0.3265781937691331
0.32602578967618223
0.3254763538961227
0.3249298783128557
0.324386354747185
0.32384577495802
0.3233081306435527
0.32277341344244814
0.32224161493501
0.3217127266443449
0.32118674003752146
0.32066364652671764
0.32014343747035856
0.3196261041742464
0.31911163789268826
0.3186000298296071
0.31809127113965097
0.31758535292928813
0.31708226625789837
0.3165820021388517
0.3160845515405857
0.31558990538766263
0.3150980545618305
0.31460898990306563
0.3141227022106149
0.31363918224401666
0.313158420724132
0.312680408334149
0.31220513572058917
0.31173259349429994
0.3112627722314385
0.3107956624744538
0.3103312547330509
0.30986953948514806
0.3094105071778319
0.3089541482282946
0.3085004530247685
0.30804941192745083
0.30760101526941463
0.3071552533575219
0.30671211647331154
0.3062715948738983
0.30583367879284395
0.305398358441034
0.3049656240075357
0.30453546566045653
0.3041078735477827
0.3036828377982207
0.3032603485220223
0.30284039581180255
0.30242296974335103
0.302008060376434
0.3015956577555853
0.3011857519108899
0.30077833285876165
0.30037339060271184
0.2999709151341027
0.29957089643290236
0.29917332446842215
0.29877818920005395
0.29838548057799363
0.2979951885439561
0.2976073030318852
0.29722181396865144
0.2968387112747507
0.2964579848649752
0.29607962464910054
0.29570362053254673
0.29532996241704
0.29495864020126195
0.2945896437814931
0.2942229630522495
0.29385858790690833
0.2934965082383264
0.2931367139394556
0.29277919490394133
0.29242394102672165
0.2920709422046167
0.2917201883369057
0.29137166932590264
0.29102537507752047
0.2906812955018294
0.29033942051360695
0.289999740032886
0.28966224398548013
0.2893269223035215
0.28899376492597717
0.28866276179916717
0.2883339028772651
0.28800717812280385
0.28768257750716375
0.2873600910110645
0.2870397086250335
0.2867214203498877
0.28640521619719506
0.28609108618972867
0.2857790203619257
0.28546900876032344
0.2851610414440072
0.28485510848503326
0.284551199968857
0.28424930599475295
0.28394941667622486
0.28365152214141176
0.2833556125334852
0.28306167801104876
0.28276970874851715
0.28247969493650205
0.2821916267821841
0.28190549450968294
0.2816212883604181
0.28133899859346967
0.28105861548592026
0.2807801293332135
0.2805035304494763
0.28022880916786697
0.2799559558408954
0.2796849608407457
0.27941581455959497
0.2791485074099199
0.2788830298248094
0.2786193722582556
0.2783575251854561
0.2780974791030997
0.27783922452965015
0.2775827520056272
0.27732805209387656
0.2770751153798444
0.2768239324718359
0.27657449400127254
0.2763267906229533
0.27608081301529397
0.2758365518805789
0.27559399794519335
0.27535314195986116
0.275113974699876
0.27487648696532263
0.27464066958129774
0.27440651339812794
0.27417400929157865
0.2739431481630622
0.27371392093983815
0.27348631857521466
0.2732603320487369
0.2730359523663831
0.27281317056074395
0.27259197769120513
0.2723723648441242
0.2721543231330069
0.2719378436986668
0.27172291770940094
0.2715095363611417
0.27129769087761824
0.27108737251050874
0.27087857253958847
0.27067128227287496
0.27046549304677014
0.2702611962261984
0.2700583832047414
0.26985704540476674
0.2696571742775582
0.26945876130343427
0.269261797991875
0.269066275881631
0.26887218654084466
0.2686795215671527
0.26848827258779717
0.2682984312597263
0.2681099892696981
0.26792293833437386
0.26773727020041305
0.2675529766445619
0.2673700494737451
0.26718848052514543
0.2670082616662911
0.26682938479512675
0.26665184184009527
0.26647562476020814
0.2663007255451122
0.26612713621516304
0.26595484882148634
0.26578385544603333
0.2656141482016512
0.2654457192321268
0.26527856071225253
0.2651126648478619
0.2649480238758958
0.2647846300644311
0.26462247571273423
0.26446155315130027
0.2643018547418863
0.26414337287755274
0.26398609998269473
0.26383002851307324
0.2636751509558425
0.2635214598295764
0.2633689476842974
0.263217607101491
0.2630674306941315
0.26291841110669767
0.2627705410151866
0.26262381312712846
0.2624782201815984
0.26233375494922384
0.26219041023219425
0.26204817886426246
0.2619070537107534
0.26176702766855897
0.26162809366614337
0.261490244663536
0.2613534736523274
0.2612177736556691
0.2610831377282564
0.2609495589563252
0.2608170304576367
0.26068554538147015
0.2605550969085967
0.26042567825127383
0.2602972826532217
0.26016990338960344
0.26004353376700406
0.25991816712340876
0.25979379682817394
0.25967041628200704
0.259548018916933
0.2594265981962681
0.25930614761459114
0.25918666069770246
0.25906813100260084
0.25895055211744566
0.258833917661515
0.25871822128517385
0.25860345666983353
0.258489617527907
0.2583766976027765
0.25826469066874
0.25815359053097264
0.25804339102548257
0.2579340860190623
0.2578256694092357
0.25771813512421604
0.25761147712285803
0.2575056893945944
0.25740076595939454
0.2572967008677055
0.257193488200402
0.25709112206872264
0.2569895966142216
0.2568889060087045
0.25678904445417317
0.2566900061827663
0.25659178545669237
0.25649437656817575
0.25639777383938933
0.256301971622392
0.25620696429906487
0.2561127462810452
0.25601931200965466
0.2559266559558444
0.25583477262011367
0.2557436565324487
0.25565330225225213
0.25556370436827003
0.2554748574985197
0.25538675629022345
0.2552993954197277
0.25521276959243655
0.2551268735427329
0.2550417020339023
0.2549572498580627
0.2548735118360823
0.2547904828175055
0.25470815768047517
0.2546265313316497
0.2545455987061306
0.2544653547673784
0.25438579450713117
0.25430691294532826
0.2542287051300248
0.25415116613731037
0.25407429107122603
0.2539980750636833
0.25392251327437876
0.2538476008907068
0.25377333312768047
0.2536997052278416
0.25362671246117696
0.253554350125031
0.25348261354402146
0.25341149806994767
0.2533409990817065
0.25327111198520236
0.25320183221326154
0.25313315522553814
0.253065076508428
0.25299759157498014
0.25293069596480455
0.2528643852439786
0.2527986550049639
0.2527335008665078
0.25266891847355455
0.2526049034971557
0.25254145163437214
0.2524785586081869
0.2524162201674093
0.2523544320865839
0.2522931901658926
0.2522324902310681
0.2521723281332907
0.25211269974910244
0.25205360098030916
0.25199502775388183
0.25193697602187026
0.25187944176129873
0.25182242097407537
0.2517659096868984
0.25170990395115245
0.2516543998428208
0.25159939346238647
0.2515448809347297
0.2514908584090422
0.2514373220587208
0.25138426808127656
0.25133169269823263
0.2512795921550347
0.25122796272094094
0.25117680068893755
0.2511261023756347
0.25107586412116945
0.2510260822891047
0.25097675326633906
0.2509278734630035
0.2508794393123601
0.2508314472707124
0.2507838938172968
0.2507367754541955
0.25069008870622655
0.25064383012085545
0.2505979962680881
0.2505525837403785
0.25050758915252735
0.2504630091415819
0.25041884036674267
0.25037507950925697
0.2503317232723251
0.2502887683810012
0.25024621158209737
0.25020404964407617
0.2501622793569599
0.25012089753222766
0.25007990100272137
0.2500392866225406
0.24999905126694932
0.2499591918322729
0.2499197052358051
0.24988058841570282
0.24984183833089324
0.24980345196097398
0.24976542630610965
0.24972775838694172
0.2496904452444867
0.24965348394003295
0.24961687155505252
0.24958060519109637
0.2495446819696968
0.24950909903227014
0.24947385354002238
0.24943894267384803
0.2494043636342309
0.24937011364115202
0.24933618993398898
0.2493025897714184
0.24926931043132072
0.24923634921068027
0.24920370342549358
0.24917137041066617
0.24913934751992317
0.24910763212570686
0.24907622161908283
0.24904511340964375
0.24901430492541354
0.2489837936127529
0.24895357693625997
0.24892365237867897
0.24889401744080153
0.24886466964137421
0.24883560651700243
0.2488068256220557
0.2487783245285703
0.24875010082616056
0.2487221521219225
0.24869447604033412
0.24866707022317136
0.24863993232940407
0.2486130600351143
0.2485864510333894
0.24856010303424103
0.24853401376450446
0.2485081809677494
0.24848260240418985
0.24845727585058341
0.24843219910014858
0.24840736996246726
0.24838278626339827
0.24835844584497957
0.24833434656533804
0.2483104862986073
0.2482868629348255
0.2482634743798512
0.24824031855527362
0.24821739339831905
0.24819469686176376
0.24817222691384444
0.24814998153816792
0.24812795873362248
0.24810615651428736
0.24808457290935104
0.24806320596301468
0.2480420537344079
0.24802111429750306
0.24800038574102123
0.2479798661683552
0.2479595536974718
0.24793944646083121
0.2479195426053008
0.24789984029206946
0.24788033769655338
0.2478610330083253
0.2478419244310136
0.24782301018223052
0.24780428849347913
0.2477857576100685
0.24776741579103767
0.24774926130906005
0.24773129245037273
0.24771350751468224
0.2476959048150844
0.24767848267798598
0.2476612394430191
0.24764417346295564
0.2476272831036298
0.24761056674385828
0.24759402277535314
0.24757764960264295
0.2475614456429941
0.24754540932632896
0.24752953909514475
0.2475138334044359
0.24749829072161222
0.24748290952642094
0.24746768831086552
0.24745262557913283
0.24743771984750895
0.24742296964430166
0.24740837350976497
0.2473939299960235
0.24737963766698912
0.2473654950982902
0.2473515008771895
0.24733765360251425
0.2473239518845768
0.2473103943450975
0.24729697961713193
0.2472837063449962
0.24727057318419032
0.2472575788013266
0.24724472187405
0.24723200109097376
0.2472194151515964
0.24720696276623455
0.24719464265594848
0.24718245355246893
0.24717039419812625
0.2471584633457774
0.24714665975873695
0.24713498221070196
0.24712342948568267
0.24711200037793546
0.2471006936918858
0.24708950824206521
0.24707844285303693
0.24706749635932956
0.24705666760536393
0.24704595544539087
0.2470353587434181
0.24702487637314208
0.2470145072178841
0.24700425017051852
0.2469941041334076
0.24698406801833794
0.24697414074644686
0.24696432124816392
0.24695460846313944
0.24694500134018238
0.24693549883719446
0.24692609992110437
0.24691680356780255
0.24690760876208084
0.24689851449756484
0.24688951977665363
0.2468806236104505
0.2468718250187073
0.24686312302975955
0.2468545166804592
0.24684600501612042
0.24683758709045345
0.24682926196550525
0.2468210287115934
0.24681288640725307
0.24680483413917365
0.24679687100213477
0.2467889960989521
0.24678120854041408
0.24677350744522775
0.24676589193995102
0.24675836115894656
0.24675091424431106
0.2467435503458254
0.24673626862089604
0.2467290682344947
0.24672194835910377
0.24671490817466069
0.24670794686849762
0.24670106363529054
0.2466942576770007
0.24668752820281858
0.2466808744291109
0.2466742955793637
0.24666779088413104
0.24666135958097712
0.2466550009144246
0.24664871413590106
0.24664249850368558
0.2466363532828577
0.24663027774523527
0.24662427116933927
0.24661833284032753
0.24661246204994647
0.2466066580964822
0.24660092028471015
0.2465952479258401
0.24658964033746633
0.24658409684352256
0.24657861677422532
0.24657319946602962
0.2465678442615764
0.24656255050964404
0.2465573175650998
0.24655214478885545
0.24654703154780966
0.24654197721480842
0.24653698116859601
0.24653204279376573
0.24652716148071419
0.24652233662559508
0.24651756763026844
0.24651285390226152
0.2465081948547181
0.2465035899063549
0.2464990384814173
0.2464945400096279
0.24649009392615195
0.24648569967154588
0.24648135669171423
0.24647706443786832
0.24647282236647838
0.2464686299392359
0.2464644866230049
0.24646039188978486
0.24645634521666226
0.2464523460857717
0.24644839398425622
0.2464444884042205
0.24644062884269458
0.2464368148015872
0.24643304578764857
0.24642932131243367
0.2464256408922515
0.24642200404813464
0.24641841030579548
0.24641485919558648
0.24641135025246264
0.2464078830159404
0.24640445703005964
0.24640107184334925
0.2463977270087806
0.24639442208373652
0.24639115662997302
0.24638793021357885
0.2463847424049379
0.2463815927786973
0.24637848091372572
0.24637540639307975
0.24637236880396818
0.2463693677377098
0.24636640278971045
0.24636347355941268
