0.8035630966659815
0.7449736956209665
0.7439228162486524
0.742866643475868
0.7418061756259662
0.7407419979168343
0.7396744362575369
0.7386036796397859
0.7375298409942368
0.7364529883461305
0.7353731618143415
0.7342903834652779
0.7332046633331526
0.7321160032670734
0.7310243994857621
0.7299298443310236
0.7288323275059656
0.7277318369709856
0.7266283596057364
0.7255218817068019
0.7244123893672214
0.7232998687691454
0.7221843064113209
0.7210656892867516
0.7199440050216328
0.718819241983718
0.7176913893662387
0.716560437252041
0.7154263766615614
0.7142891995875058
0.7131488990185053
0.7120054689536186
0.7108589044092061
0.7097092014194488
0.7085563570315847
0.707400369296767
0.7062412372573261
0.705078960931095
0.7039135412933764
0.7027449802570449
0.7015732806512139
0.7003984461988373
0.6992204814935665
0.6980393919761372
0.6968551839105244
0.6956678643600622
0.6944774411637054
0.6932839229125699
0.6920873189268777
0.6908876392333971
0.6896848945434633
0.6884790962316383
0.6872702563150583
0.6860583874335031
0.684843502830214
0.6836256163334673
0.6824047423389203
0.6811808957927145
0.6799540921753424
0.6787243474862554
0.677491678229202
0.6762561013982735
0.6750176344646386
0.6737762953639337
0.6725321024842947
0.6712850746549928
0.6700352311356504
0.6687825916060113
0.6675271761562276
0.6662690052776477
0.6650080998540657
0.663744481153411
0.6624781708198488
0.6612091908662694
0.6599375636671314
0.6586633119516472
0.6573864587972789
0.6561070276235204
0.6548250421859549
0.6535405265705572
0.6522535051882223
0.650964002769512
0.649672044359586
0.6483776553133183
0.6470808612905712
0.6457816882516147
0.6444801624526846
0.6431763104416566
0.6418701590538327
0.6405617354078226
0.6392510669015157
0.6379381812081288
0.6366231062723227
0.6353058703063779
0.6339865017864272
0.6326650294487282
0.6313414822859784
0.6300158895436616
0.6286882807164187
0.6273586855444464
0.6260271340099044
0.6246936563333414
0.6233582829701267
0.6220210446068879
0.6206819721579451
0.6193410967617496
0.6179984497773148
0.6166540627806374
0.6153079675611139
0.613960196117942
0.6126107806565082
0.6112597535847637
0.609907147509577
0.6085529952330795
0.6071973297489788
0.6058401842388608
0.604481592068469
0.6031215867839606
0.6017602021081419
0.6003974719366802
0.5990334303342932
0.5976681115309135
0.5963015499178324
0.5949337800438177
0.5935648366112083
0.5921947544719883
0.5908235686238315
0.589451314206128
0.588078026495988
0.5867037409042182
0.5853284929712821
0.583952318363234
0.5825752528676336
0.5811973323894402
0.579818592946886
0.5784390706673292
0.5770588017830902
0.5756778226272667
0.574296169629537
0.5729138793119357
0.5715309882846251
0.5701475332416466
0.5687635509566529
0.5673790782786348
0.5659941521276308
0.5646088094904234
0.5632230874162285
0.5618370230123717
0.5604506534399569
0.559064015909525
0.5576771476767068
0.5562900860378677
0.5549028683257529
0.5535155319051186
0.5521281141683643
0.5507406525311693
0.5493531844281168
0.5479657473083217
0.5465783786310632
0.545191115861412
0.543803996465867
0.542417057907991
0.5410303376440484
0.5396438731186597
0.5382577017604484
0.5368718609777083
0.5354863881540681
0.5341013206441789
0.532716695769397
0.5313325508134927
0.5299489230183632
0.5285658495797614
0.5271833676430426
0.525801514298921
0.5244203265792491
0.5230398414528095
0.5216600958211326
0.5202811265143248
0.5189029702869239
0.517525663813776
0.5161492436859296
0.5147737464065614
0.5133992083869199
0.5120256659422955
0.510653155288022
0.509281712535496
0.5079113736882357
0.5065421746379546
0.5051741511606842
0.5038073389129041
0.5024417734277249
0.5010774901110893
0.4997145242380122
0.4983529109488559
0.4969926852456352
0.4956338819883608
0.49427653589142084
0.4929206815199949
0.491566353286509
0.49021358544712956
0.48886241209829173
0.4875128671732739
0.48616498443880873
0.4848187974917334
0.4834743397556872
0.4821316444778495
0.48079074472571326
0.4794516733839166
0.47811446315110306
0.4767791465368373
0.4754457558585612
0.4741143232385978
0.4727848806011953
0.47145745966963115
0.47013209196334305
0.4688088087951289
0.4674876412683784
0.466168620274363
0.46485177648956844
0.46353714037307725
0.462224742164005
0.4609146118789825
0.4596067793096855
0.4583012740204242
0.4569981253457682
0.4556973623882422
0.4543990140160509
0.45310310886087535
0.45180967531570526
0.45051874153272986
0.4492303354212843
0.447944484645841
0.44666121662405467
0.4453805585248647
0.44410253726663984
0.44282717951538986
0.4415545116830131
0.440284559925611
0.4390173501418472
0.4377529079713577
0.4364912587932228
0.435232427724479
0.43397643961869703
0.4327233190645977
0.43147309038473625
0.4302257776342223
0.4289814045995045
0.4277399947972027
0.4265015714729906
0.4252661576005331
0.4240337758804731
0.422804448739469
0.42157819832928733
0.4203550465259438
0.4191350149288927
0.4179181248602707
0.41670439736419185
0.4154938532060858
0.4142865128720957
0.4130823965685151
0.4118815242212811
0.41068391547551675
0.40948958969511595
0.4082985659623831
0.4071108630777146
0.405926499559334
0.40474549364306933
0.40356786328217886
0.40239362614722485
0.40122279962599094
0.4000554008234458
0.39889144656174935
0.39773095338031106
0.39657393753588643
0.3954204150027121
0.3942704014727021
0.39312391235566413
0.39198096277957795
0.39084156759090194
0.3897057413549304
0.3885734983561846
0.3874448525988484
0.38631981780724567
0.3851984074263516
0.38408063462234454
0.3829665122832008
0.38185605301932257
0.38074926916420204
0.37964617277512924
0.3785467756339268
0.37745108924772774
0.37635912484978673
0.37527089340032094
0.37418640558739324
0.37310567182782395
0.3720287022681328
0.3709555067855197
0.36988609498887215
0.3688204762198084
0.3677586595537453
0.3667006538010009
0.36564646750792495
0.36459610895805916
0.363549586173323
0.36250690691523335
0.36146807868613984
0.3604331087305025
0.3594020040361815
0.35837477133575824
0.35735141710788243
0.35633194757864295
0.35531636872295647
0.35430468626598854
0.3532969056845915
0.3522930322087646
0.3512930708231362
0.3502970262684678
0.3493049030431764
0.3483167054048809
0.34733243737195807
0.34635210272513006
0.34537570500905945
0.344403247533965
0.34343473337725927
0.3424701653851897
0.341509546174515
0.340552878134175
0.3396001634269924
0.3386514039913836
0.3377066015430741
0.3367657575768428
0.3358288733682673
0.3348959499754819
0.33396698824095983
0.3330419887932846
0.33212095204895553
0.3312038782141826
0.3302907672867056
0.3293816190576174
0.3284764331131943
0.3275752088367342
0.3266779454104046
0.32578464181710043
0.32489529684230256
0.3240099090759445
0.32312847691428515
0.32225099856179407
0.3213774720330226
0.3205078951545076
0.3196422655666499
0.3187805807256172
0.3179228379052409
0.3170690341989203
0.3162191665215218
0.31537323161129105
0.31453122603175476
0.3136931461736343
0.31285898825675484
0.3120287483319486
0.3112024222829771
0.31038000582843306
0.30956149452364734
0.30874688376260717
0.30793616877985486
0.3071293446523916
0.3063264063015908
0.30552734849508667
0.3047321658486801
0.3039408528282356
0.30315340375156274
0.30236981279031516
0.30159007397186766
0.3008141811812043
0.3000421281627831
0.2992739085224144
0.298509515729129
0.2977489431170278
0.2969921838871472
0.29623923110930483
0.29549007772393976
0.2947447165439522
0.29400314025653185
0.2932653414249845
0.29253131249054165
0.2918010457741772
0.2910745334784023
0.2903517676890631
0.28963274037712683
0.28891744340045644
0.2882058685055816
0.28749800732946085
0.2867938514012366
0.28609339214397167
0.28539662087638806
0.2847035288145944
0.2840141070737968
0.28332834667001283
0.28264623852175774
0.2819677734517455
0.2812929421885523
0.28062173536829393
0.2799541435362777
0.2792901571486507
0.27862976657403493
0.27797296209515565
0.27731973391045317
0.2766700721356883
0.276023966805539
0.27538140787517473
0.2747423852218379
0.27410688864639543
0.27347490787489204
0.27284643256008767
0.27222145228298233
0.2715999565543302
0.2709819348161434
0.27036737644318576
0.2697562707444513
0.2691486069646255
0.26854437428555433
0.2679435618276784
0.2673461586514697
0.26675215375885
0.266161536094601
0.26557429454776293
0.26499041795301304
0.2644098950920438
0.26383271469491865
0.2632588654414242
0.2626883359624058
0.2621211148410866
0.2615571906143851
0.26099655177421033
0.26043918676875444
0.25988508400375965
0.25933423184378945
0.25878661861347363
0.25824223259875023
0.25770106204808707
0.25716309517370395
0.25662832015276493
0.25609672512857584
0.2555682982117583
0.25504302748141294
0.2545209009862778
0.25400190674586887
0.253486032751602
0.2529732669679211
0.25246359733339474
0.2519570117618155
0.2514534981432718
0.2509530443452309
0.2504556382135821
0.24996126757369408
0.2494699202314402
0.24898158397422598
0.24849624657199476
0.2480138957782324
0.24753451933094883
0.24705810495365332
0.24658464035632477
0.246114113236357
0.2456465112795021
0.24518182216080253
0.24472003354550598
0.2442611330899752
0.24380510844258108
0.2433519472445883
0.24290163713103308
0.2424541657315772
0.24200952067136805
0.24156768957187358
0.24112866005171718
0.2406924197274911
0.24025895621457083
0.23982825712790745
0.23940031008281581
0.23897510269575795
0.23855262258509802
0.23813285737186807
0.23771579468050685
0.23730142213959982
0.23688972738260128
0.23648069804855065
0.23607432178277554
0.2356705862375924
0.23526947907298246
0.23487098795727646
0.23447510056781662
0.2340818045916081
0.23369108772597313
0.23330293767918364
0.23291734217108928
0.2325342889337353
0.23215376571197144
0.23177576026405167
0.2314002603622266
0.23102725379332234
0.23065672835931095
0.2302886718778806
0.2299230721829827
0.22955991712538548
0.22919919457320426
0.22884089241243277
0.22848499854746507
0.2281315009016055
0.22778038741757012
0.2274316460579886
0.22708526480587954
0.22674123166514126
0.2263995346610127
0.22606016184054356
0.22572310127304185
0.22538834105052852
0.22505586928816923
0.22472567412470923
0.2243977437228969
0.22407206626989995
0.22374862997771305
0.22342742308356012
0.22310843385029056
0.22279165056675732
0.22247706154820923
0.22216465513665484
0.22185441970122788
0.2215463436385502
0.22124041537308015
0.22093662335745978
0.22063495607285066
0.22033540202926305
0.22003794976588786
0.21974258785141132
0.21944930488432146
0.21915808949322313
0.2188689303371284
0.21858181610575877
0.21829673551982165
0.21801367733129873
0.21773263032371537
0.21745358331241504
0.217176525144816
0.2169014447006702
0.21662833089231814
0.2163571726649267
0.2160879589967376
0.21582067889929313
0.21555532141767042
0.21529187563070573
0.21503033065120525
0.2147706756261646
0.2145128997369724
0.21425699219961303
0.21400294226486605
0.2137507392184942
0.21350037238143071
0.2132518311099657
0.2130051047959175
0.2127601828668072
0.21251705478602922
0.21227571005300538
0.21203613820335432
0.2117983288090347
0.21156227147850115
0.2113279558568446
0.2110953716259355
0.21086450850455274
0.21063535624852714
0.2104079046508548
0.21018214354183262
0.2099580627891635
0.209735652298083
0.20951490201146417
0.2092958019099248
0.20907834201193032
0.20886251237389064
0.2086483030902594
0.20843570429362013
0.20822470615477695
0.2080152988828381
0.20780747272529299
0.20760121796808928
0.20739652493571237
0.2071933839912452
0.20699178553643993
0.20679172001177648
0.20659317789652798
0.20639614970881037
0.20620062600563693
0.20600659738297022
0.20581405447576373
0.20562298795800826
0.20543338854277182
0.20524524698223245
0.2050585540677221
0.2048733006297433
0.2046894775380066
0.20450707570145665
0.20432608606828762
0.20414649962596965
0.20396830740126226
0.2037915004602272
0.20361606990824066
0.20344200689000536
0.20326930258955034
0.20309794823024185
0.20292793507477824
0.20275925442519016
0.2025918976228377
0.20242585604840524
0.20226112112188754
0.20209768430258557
0.20193553708908707
0.20177467101925395
0.2016150776702048
0.2014567486582931
0.20129967563908535
0.2011438503073366
0.2009892643969654
0.20083590968102072
0.2006837779716606
0.2005328611201057
0.2003831510166173
0.20023463959045407
0.2000873188098341
0.1999411806818978
0.19979621725266128
0.19965242060697497
0.19950978286847487
0.19936829619953877
0.19922795280123573
0.19908874491327033
0.19895066481393953
0.19881370482006444
0.19867785728694942
0.1985431146083112
0.19840946921622804
0.19827691358107513
0.19814544021146352
0.1980150416541736
0.19788571049409465
0.1977574393541538
0.19763022089525073
0.19750404781618125
0.1973789128535789
0.19725480878183055
0.1971317284130052
0.19700966459678604
0.19688861022038695
0.19676855820847472
0.19664950152309635
0.19653143316359312
0.19641434616652031
0.19629823360556842
0.19618308859147682
0.19606890427194779
0.19595567383156176
0.19584339049169597
0.1957320475104255
0.1956216381824435
0.19551215583896908
0.1954035938476536
0.19529594561249042
0.19518920457372058
0.19508336420774597
0.19497841802702087
0.19487435957996901
0.19477118245088165
0.19466888025981965
0.19456744666251546
0.19446687535027396
0.19436716004987353
0.19426829452346484
0.19417027256846697
0.19407308801746925
0.19397673473812393
0.19388120663304365
0.19378649763969868
0.1936926017303109
0.19359951291174404
0.1935072252254023
0.19341573274711876
0.19332502958705333
0.19323510988957449
0.1931459678331603
0.1930575976302834
0.1929699935272987
0.1928831498043374
0.1927970607751921
0.19271172078720655
0.19262712422116157
0.19254326549116085
0.19246013904452164
0.19237773936165758
0.19229606095596496
0.19221509837370576
0.1921348461938962
0.1920552990281864
0.1919764515207465
0.19189829834815086
0.19182083421926122
0.19174405387510152
0.19166795208875398
0.19159252366522594
0.19151776344134286
0.1914436662856258
0.19137022709816776
0.19129744081052025
0.19122530238556779
0.19115380681741578
0.19108294913126123
0.19101272438327765
0.19094312766049093
0.19087415408066233
0.19080579879216042
0.19073805697384794
0.19067092383495154
0.19060439461494416
0.19053846458342194
0.19047312903998292
0.19040838331410226
0.19034422276501062
0.19028064278156942
0.1902176387821517
0.19015520621451387
0.19009334055567562
0.19003203731179452
0.1899712920180453
0.189911100238492
0.1898514575659661
0.18979235962194385
0.189733802056418
0.18967578054777956
0.1896182908026901
0.18956132855595687
0.18950488957041056
0.18944896963677715
0.18939356457356082
0.18933867022691253
0.18928428247050888
0.18923039720542567
0.18917701036001888
0.18912411788979
0.18907171577727322
0.1890198000319
0.1889683666898878
0.18891741181410182
0.18886693149393885
0.18881692184520282
0.1887673790099763
0.18871829915650107
0.1886696784790528
0.18862151319781395
0.18857379955875153
0.18852653383349727
0.18847971231921878
0.1884333313384957
0.18838738723920112
0.18834187639437117
0.1882967952020902
0.18825214008535884
0.18820790749197647
0.1881640938944149
0.1881206957897016
0.18807770969928816
0.18803513216893342
0.18799295976858066
0.18795118909223563
0.18790981675784002
0.18786883940715626
0.18782825370564016
0.1877880563423231
0.1877482440296886
0.18770881350355273
0.18766976152294002
0.18763108486996571
0.1875927803497146
0.18755484479011875
0.18751727504184224
0.18748006797815364
0.18744322049481088
0.18740672950994286
0.1873705919639278
0.18733480481927345
0.18729936506049993
0.18726426969402266
0.18722951574802948
0.18719510027236586
0.18716102033841553
0.18712727303898558
0.18709385548818347
0.18706076482130962
0.18702799819472593
0.1869955527857532
0.1869634257925522
0.1869316144339953
0.18690011594956835
0.18686892759924534
0.18683804666337067
0.18680747044255608
0.18677719625755085
0.18674722144914124
0.1867175433780246
0.18668815942470562
0.18665906698937818
0.186630263491811
0.18660174637123583
0.18657351308624037
0.18654556111464826
0.18651788795340918
0.1864904911184907
0.18646336814476205
0.1864365165858919
0.18640993401422712
0.1863836180206878
0.18635756621465882
0.1863317762238762
0.1863062456943222
0.18628097229011342
0.18625595369339276
0.18623118760422364
0.1862066717404759
0.186182403837727
0.186158381649148
0.18613460294539974
0.18611106551452383
0.18608776716184294
0.18606470570984435
0.18604187899808622
0.18601928488308506
0.18599692123821043
0.18597478595358774
0.18595287693598817
0.18593119210872666
0.1859097294115566
0.18588848680057168
0.18586746224810213
0.185846653742607
0.1858260592885822
0.18580567690645022
0.1857855046324638
0.18576554051860372
0.18574578263247987
0.18572622905723268
0.1857068778914278
0.18568772724896287
0.18566877525896752
0.1856500200657042
0.18563145982847196
0.18561309272150217
0.1855949169338732
0.18557693066940384
0.1855591321465605
0.18554151959836462
0.18552409127228842
0.18550684543016782
0.1854897803481036
0.18547289431636893
0.185456185639313
0.18543965263527407
0.18542329363647492
0.18540710698894036
0.18539109105239648
0.18537524420019025
0.1853595648191838
0.18534405130967324
0.18532870208529306
0.18531351557292963
0.1852984902126268
0.18528362445749857
0.18526891677364088
0.18525436564004194
0.18523996954849054
0.1852257270034946
0.18521163652218775
0.1851976966342449
0.18518390588179523
0.1851702628193338
0.1851567660136405
0.18514341404368972
0.18513020550056292
0.1851171389873737
0.1851042131191739
0.18509142652287525
0.18507877783715976
0.18506626571240303
0.1850538888105887
0.18504164580522653
0.1850295353812671
0.1850175562350298
0.18500570707410846
0.18499398661730204
0.18498239359452384
0.18497092674673488
0.1849595848258514
0.18494836659467317
0.18493727082680278
0.18492629630656376
0.18491544182893171
0.18490470619944654
0.18489408823414522
0.18488358675947192
0.18487320061221657
0.18486292863942977
0.18485276969834752
0.1848427226563203
0.18483278639073486
0.1848229597889398
0.18481324174817715
0.1848036311754978
0.18479412698770126
0.1847847281112548
0.18477543348222059
0.18476624204618852
0.1847571527582006
0.18474816458268506
0.18473927649337651
0.1847304874732547
0.18472179651446774
0.18471320261827007
0.1847047047949446
0.18469630206373733
0.18468799345279419
0.18467977799908308
0.1846716547483357
0.18466362275497117
0.18465568108203756
0.18464782880113828
0.18464006499237595
0.18463238874427124
0.18462479915371166
0.18461729532587967
0.18460987637419068
0.18460254142022403
0.1845952895936689
0.18458812003224823
0.18458103188166675
0.18457402429554026
0.18456709643533786
0.1845602474703173
0.1845534765774698
0.18454678294144522
0.1845401657545076
0.18453362421646158
0.18452715753459792
0.18452076492363723
0.18451444560566188
0.18450819881006064
0.18450202377347724
0.18449591973974122
0.18448988595981175
0.18448392169172978
0.18447802620054865
0.18447219875828358
0.18446643864385415
0.18446074514302735
0.18445511754836208
0.18444955515915795
0.18444405728138802
0.1844386232276597
0.18443325231714736
0.18442794387554962
