1.3831365936571904
1.213261196609225
1.2028742705569588
1.1912635614315275
1.1789960962798007
1.166280546914168
1.1532184424477274
1.1398680378265105
1.1262667957122567
1.1124409458635964
1.0984100873119422
1.084189601399236
1.069791991361592
1.0552276482105147
1.0405052815890246
1.0256321282101741
1.010613979042254
0.9954550200843096
0.9801574600956372
0.9647209585558342
0.9491420597940956
0.9334142744145626
0.9175298648009134
0.9014837228576269
0.8852774333856188
0.8689205147703398
0.8524284542354932
0.8358198228183843
0.8191142538585781
0.8023315078730962
0.7854911915691325
0.7686127465284299
0.7517155076896544
0.7348187537183032
0.7179417276718848
0.7011036274098305
0.6843235712939942
0.6676205454287474
0.6510133378192114
0.6345204637289609
0.6181600855881118
0.6019499301004728
0.5859072046877931
0.5700485150364935
0.5543897852317202
0.5389461817412278
0.5237320423245033
0.5087608107760876
0.4940449782575745
0.4795960318262071
0.4654244106282127
0.4515394700934925
0.4379494543478226
0.424661476953025
0.4116815099979549
0.3990143814952678
0.38666378098944393
0.37463227324509246
0.3629213198519398
0.3515313085427165
0.340461589962152
0.3297105215438778
0.31927551804936405
0.30915310820877073
0.2993389967924316
0.2898281313485124
0.2806147727777242
0.2716925688836053
0.26305463003383966
0.25469360608681924
0.24660176376908863
0.2387710637251811
0.23119323649577986
0.22385985671007852
0.2167624148031122
0.20989238559020673
0.2032412930513744
0.19680077070229218
0.19056261695963567
0.18451884495136556
0.17866172628102198
0.1729838283322912
0.1674780447977725
0.162137619233833
0.15695616157926995
0.15192765772453737
0.1470464723737203
0.14230734559507677
0.13770538359892917
0.13323604440552209
0.12889511916305335
0.1246787099423924
0.12058320486757536
0.11660525144018258
0.1127417288837295
0.10898972027569526
0.10534648515544717
0.10180943320231944
0.09837609947563498
0.09504412160314575
0.09181121920096863
0.08867517571039835
0.08563382274768737
0.0826850269837902
0.0798266795031092
0.07705668753372891
0.07437296839627201
0.07177344548376452
0.069256046059972
0.06681870064761934
0.06445934376976419
0.06217591580635968
0.059966365732765974
0.05782865451672387
0.05576075896422789
0.0537606758220022
0.051826425964118066
0.04995605851195684
0.04814765475952303
0.04639933179938193
0.04470924576762227
0.04307559464865356
0.041496620601825275
0.03997061179136055
0.03849590371856048
0.03707088007037793
0.035693973111101424
0.03436366365393387
0.03307848065671091
0.03183700049096774
0.03063784593620232
0.02947968495173125
0.028361229277272342
0.02728123291062289
0.026238490506864904
0.025231835738731497
0.02426013965242782
0.023322309047589997
0.022417284904437586
0.021544040875735648
0.020701581856101024
0.019888942636590176
0.01910518664847891
0.018349404796741655
0.017620714380975934
0.01691825809938819
0.016241203129930753
0.015588740281703265
0.014960083209246688
0.014354467682289524
0.01377115090377895
0.013209410869566736
0.01266854576384413
0.012147873385261057
0.01164673059955753
0.011164472815423189
0.010700473481137016
0.010254123600286357
0.00982483126549708
0.009412021209606767
0.009015134374074283
0.008633627494643165
0.008266972704371128
0.007914657154118236
0.007576182650471241
0.007251065310892303
0.006938835235639922
0.006639036195742224
0.006351225336029245
0.006074972891971631
0.0058098619188453994
0.005555488031560066
0.005311459153360208
0.0050773952715448935
0.004852928198347692
0.00463770133518173
0.004431369438574703
0.004233598386291886
0.004044064942362011
0.003862456519970988
0.0036884709414611284
0.0035218161949568515
0.003362210187420746
0.003209380494215824
0.0030630641055009976
0.0029230071700096275
0.0027889647369483254
0.002660700496901384
0.0025379865227313897
0.002420603011528994
0.002308338028684523
0.002200987255134041
0.0020983537387763533
0.002000247650970249
0.0019064860489087841
0.0018168926445359787
0.0017312975805275062
0.0016495372137070622
0.0015714539061207145
0.0014968958238476607
