0.7876611064350298
0.7617257962578473
0.7552699566899472
0.7486765051067568
0.7419555576677799
0.7351146964215857
0.7281586167093128
0.7210904415547699
0.713912470121989
0.7066265809235532
0.6992344600699263
0.691737738816713
0.6841380816114762
0.6764372456062138
0.6686371228095891
0.6607397710956466
0.6527474376594582
0.6446625770600161
0.6364878651602295
0.6282262097833851
0.6198807586081949
0.611454904640969
0.602952289488685
0.594376804584754
0.5857325904746562
0.5770240342418127
0.568255765139108
0.5594326484845493
0.550559777878121
0.541642465799238
0.5326862326491508
0.5236967943093438
0.5146800482947502
0.5056420585890558
0.496589039258042
0.48752733694551
0.4784634123646777
0.4694038209056529
0.4603551924866336
0.451324210782614
0.44231759197043974
0.43334206313300416
0.4244043404679948
0.41551110744797126
0.4066689930784403
0.39788455039914405
0.3891642353708371
0.3805143862855358
0.3719412038325124
0.36345073194536115
0.3550488395472291
0.3467412033020453
0.3385332914692779
0.3304303489486333
0.3224373835893175
0.3145591538261435
0.3068001576920897
0.2991646232440437
0.29165650042561486
0.28427945437815916
0.2770368601987898
0.2699317991322263
0.2629670561720018
0.25614511903601034
0.2494681784716125
0.24293812983670737
0.2365565758954168
0.23032483076019783
0.2242439249065834
0.21831461118209694
0.2125373717274348
0.20691242572549495
0.2014397378924202
0.1961190276243534
0.1909497787139981
0.18593124955234852
0.18106248373293488
0.17634232097856717
0.17176940831380805
0.16734221141005268
0.1630590260342344
0.15891798953649694
0.15491709231684248
0.1510541892154582
0.14732701077627242
0.1437331743380973
0.14027019491247572
0.13693549581204734
0.1337264189977031
0.13064023511720002
0.12767415321195974
0.12482533007273133
0.1220908792283989
0.11946787955557925
0.11695338349985018
0.11454442490221572
0.11223802642709035
0.11003120659037469
0.10792098638834735
0.10590439552993336
0.10397847827659124
0.10214029889549436
0.10038694673297976
0.09871554091626678
0.09712323469245554
0.09560721941452643
0.0941647281847744
0.09279303916661086
0.09148947857611711
0.0902514233650531
0.08907630360729646
0.08796160460086233
0.08690486869774361
0.08590369687389632
0.08495575005169143
0.08405875018709474
0.08321048113378093
0.08240878929624218
0.08165158408384088
0.08093683817753217
0.08026258762083327
0.07962693174634294
0.07902803294890548
0.07846411631624572
0.07793346912760946
0.07743444023067747
0.07696543930668476
0.07652493603340993
0.07611145915531026
0.07572359546982821
0.0753599887384605
0.07501933853092246
0.07470039901033465
0.07440197766702716
0.07412293400819914
0.07386217821031804
0.07361866974077458
0.073391415954975
0.07317947067467845
0.07298193275306197
0.07279794463162848
0.07262669089375162
0.07246739681930947
0.07231932694454557
0.07218178363095895
0.07205410564673753
0.07193566676393959
0.07182587437432952
0.0717241681265216
0.0716300185867964
0.07154292592567246
0.0714624186321523
0.07138805225722467
0.07131940818804894
0.07125609245401743
0.07119773456570144
0.07114398638745856
0.07109452104436409
0.07104903186392864
0.07100723135288389
0.07096885020925381
0.0709336363697134
0.07090135409216625
0.07087178307334019
0.07084471760111455
0.0708199657411791
0.07079734855755071
0.07077669936642739
0.07075786302272935
0.07074069523867887
0.0707250619337082
0.07071083861489402
0.07069790978715795
0.07068616839236441
0.07067551527647431
0.07066585868388675
0.07065711377804018
0.070649202187402
0.07064205157593006
0.07063559523708196
0.07062977171046947
0.07062452442026801
0.07061980133445411
0.07061555464400682
0.07061174046120156
0.07060831853612237
0.070605251990559
0.0706025070684676
0.07060005290219895
0.07059786129368717
0.07059590650987246
0.070594165091595
0.07059261567525599
0.07059123882657126
0.07059001688571609
0.0705889338232576
0.07058797510624626
0.07058712757386199
0.07058637932207346
0.07058571959674487
0.0705851386946873
0.07058462787215991
0.070584179260328
0.0705837857872672
0.0705834411060473
0.07058313952852979
0.07058287596445323
0.0705826458654859
0.07058244517386747
0.07058227027533803
0.07058211795603542
0.07058198536308025
0.07058186996857385
0.0705817695367551
0.07058168209407334
0.0705816059019625
0.07058153943209378
0.07058148134392506
0.07058143046434795
0.07058138576927464
0.07058134636699409
0.07058131148316071
0.07058128044727141
0.07058125268049842
0.07058122768476016
0.0705812050329424
0.07058118436012795
0.07058116535577819
0.07058114775675228
0.07058113134111066
0.07058111592260019
0.07058110134578055
0.07058108748170755
0.07058107422414095
0.07058106148619558
0.07058104919741404
0.0705810373012069
0.0705810257526206
0.07058101451639143
0.07058100356527996
0.07058099287861541
0.07058098244105748
0.07058097224153448
0.07058096227234589
0.07058095252839536
0.07058094300655948
0.07058093370514928
0.07058092462347343
0.0705809157614824
0.07058090711947329
0.07058089869786477
0.070580890497013
0.0705808825170795
0.07058087475792651
0.07058086721905055
0.07058085989953533
0.07058085279802784
0.07058084591273106
0.07058083924140657
0.07058083278139637
0.07058082652964204
0.07058082048271441
0.07058081463685095
0.07058080898798702
0.0705808035318013
0.07058079826374497
0.07058079317908394
0.07058078827293846
0.07058078354030883
0.07058077897612203
0.07058077457524925
0.07058077033254095
0.07058076624285625
0.07058076230107646
0.07058075850213796
0.0705807548410412
0.07058075131287156
0.07058074791281232
0.07058074463615471
0.07058074147831073
0.07058073843482049
0.07058073550135313
0.07058073267371912
0.07058072994786746
0.07058072731988829
0.07058072478601718
0.07058072234263124
0.07058071998624948
0.07058071771352814
0.070580715521261
0.07058071340637817
0.07058071136593325
0.07058070939711147
0.07058070749721723
0.0705807056636748
0.07058070389401472
0.0705807021858803
0.07058070053701859
0.07058069894527286
0.07058069740858108
0.07058069592497018
0.070580694492553
0.07058069310952197
0.07058069177414594
0.07058069048476856
0.07058068923979743
0.07058068803770945
0.07058068687703944
0.07058068575638243
0.07058068467438927
0.07058068362975922
0.0705806826212445
0.07058068164764186
0.07058068070779244
0.07058067980057914
0.0705806789249257
0.07058067807979285
0.07058067726417672
0.07058067647710786
0.07058067571765037
0.07058067498489695
0.07058067427797432
0.07058067359603049
0.07058067293824966
0.07058067230383447
0.0705806716920162
0.07058067110205091
0.07058067053321448
0.07058066998480816
0.07058066945615338
0.07058066894659332
0.07058066845549005
0.07058066798222573
0.07058066752620151
0.07058066708683741
0.07058066666356977
0.07058066625585324
0.07058066586315948
0.07058066548497377
0.07058066512080063
0.07058066477015823
0.07058066443258049
0.07058066410761377
0.07058066379482097
0.07058066349377679
0.07058066320407208
0.07058066292530629
0.07058066265709562
0.07058066239906768
0.07058066215085923
0.07058066191212342
0.07058066168252042
0.07058066146172237
0.07058066124941353
0.07058066104529004
0.07058066084905235
0.07058066066041546
0.07058066047910516
0.07058066030485077
0.07058066013739561
0.07058065997648877
0.07058065982189221
0.07058065967336902
0.07058065953069625
0.07058065939365676
0.07058065926204005
0.07058065913564349
0.07058065901427157
0.07058065889773679
0.07058065878585673
0.07058065867845398
0.07058065857536133
0.07058065847641293
0.07058065838145289
0.070580658290328
0.07058065820289305
0.0705806581190056
0.0705806580385292
0.07058065796133306
0.07058065788728873
0.07058065781627787
0.07058065774817834
0.07058065768287969
0.07058065762027199
0.07058065756024978
0.07058065750271314
0.07058065744756148
0.07058065739470487
0.07058065734404906
0.07058065729550833
0.0705806572489992
0.07058065720444107
0.07058065716175455
0.07058065712086703
0.07058065708170558
0.0705806570442008
0.07058065700828642
0.0705806569738976
0.07058065694097371
0.0705806569094537
0.07058065687928183
0.07058065685040404
0.0705806568227666
0.07058065679631798
0.07058065677101066
0.07058065674679748
0.07058065672363212
0.07058065670147384
0.07058065668027924
0.07058065666000923
0.07058065664062407
0.07058065662208846
0.07058065660436486
0.0705806565874213
0.07058065657122548
0.07058065655574364
0.0705806565409478
0.07058065652680734
0.07058065651329593
0.07058065650038625
0.0705806564880529
0.07058065647626999
0.07058065646501632
0.0705806564542687
0.07058065644400247
0.07058065643420175
0.07058065642484301
0.07058065641590794
0.0705806564073791
0.07058065639923783
0.0705806563914666
0.07058065638405109
0.07058065637697553
0.07058065637022404
0.0705806563637833
0.07058065635763866
0.07058065635177735
0.07058065634618771
0.07058065634085675
0.07058065633577415
0.07058065633092647
0.07058065632630639
0.07058065632190147
0.0705806563177025
0.07058065631370081
0.07058065630988875
0.07058065630625443
0.07058065630279275
0.0705806562994944
0.07058065629635235
0.07058065629335941
0.07058065629050991
0.07058065628779542
0.0705806562852116
0.07058065628275045
0.07058065628040755
0.07058065627817733
0.07058065627605525
0.0705806562740352
0.07058065627211307
0.07058065627028398
0.07058065626854415
0.07058065626688903
0.07058065626531329
0.07058065626381638
0.0705806562623913
0.07058065626103727
0.07058065625974963
0.07058065625852505
0.07058065625736132
0.07058065625625487
0.07058065625520349
0.07058065625420396
0.07058065625325483
0.0705806562523531
0.07058065625149545
0.07058065625068177
0.07058065624990872
0.07058065624917331
0.07058065624847643
0.0705806562478144
0.0705806562471859
0.07058065624658905
0.0705806562460225
0.07058065624548415
0.070580656244974
0.07058065624449095
0.07058065624403165
0.07058065624359466
0.070580656243182
0.07058065624278986
0.07058065624241827
0.07058065624206422
0.07058065624173115
0.07058065624141363
0.07058065624111398
0.0705806562408281
0.07058065624055798
0.07058065624030219
0.07058065624006005
0.07058065623983001
0.07058065623961218
0.0705806562394059
0.07058065623921117
0.07058065623902643
0.07058065623885135
0.07058065623868559
0.07058065623852805
0.07058065623837961
0.07058065623823939
0.07058065623810572
0.07058065623798004
0.07058065623786092
0.07058065623774779
0.0705806562376412
0.07058065623754028
0.07058065623744503
0.07058065623735488
0.07058065623726917
0.07058065623718868
0.07058065623711274
0.07058065623704024
0.0705806562369724
0.07058065623690768
0.07058065623684773
0.07058065623678977
0.07058065623673515
0.07058065623668419
0.07058065623663545
0.07058065623659016
0.07058065623654641
0.07058065623650567
0.07058065623646737
0.07058065623643095
0.07058065623639687
0.07058065623636445
0.07058065623633414
0.07058065623630494
0.07058065623627752
0.0705806562362522
0.07058065623622811
0.07058065623620513
0.07058065623618293
0.07058065623616316
0.07058065623614374
0.07058065623612597
0.0705806562361091
0.07058065623609233
0.07058065623607812
0.07058065623606369
0.07058065623605037
0.0705806562360376
0.07058065623602594
0.0705806562360145
0.07058065623600374
0.07058065623599441
0.07058065623598508
0.07058065623597598
0.07058065623596799
0.07058065623596022
0.07058065623595222
0.07058065623594578
0.07058065623593868
0.0705806562359329
0.07058065623592658
0.07058065623592136
0.07058065623591714
0.07058065623591203
0.07058065623590781
0.07058065623590337
0.0705806562358996
0.07058065623589538
0.07058065623589238
0.07058065623588916
0.07058065623588583
0.07058065623588305
0.07058065623588028
0.07058065623587761
0.07058065623587473
0.0705806562358724
0.07058065623587106
0.07058065623586884
0.07058065623586662
0.07058065623586562
0.07058065623586318
0.07058065623586218
0.07058065623586096
0.07058065623585963
0.07058065623585819
0.0705806562358573
0.07058065623585597
0.07058065623585508
0.07058065623585374
0.07058065623585286
0.07058065623585197
0.07058065623585164
0.0705806562358503
0.0705806562358493
0.07058065623584886
0.07058065623584808
0.07058065623584742
0.0705806562358472
0.0705806562358463
0.07058065623584586
0.07058065623584608
0.07058065623584497
0.07058065623584475
0.07058065623584409
0.07058065623584442
0.07058065623584397
0.07058065623584353
0.07058065623584298
0.0705806562358432
0.07058065623584264
0.07058065623584253
0.07058065623584264
0.07058065623584187
0.07058065623584164
0.07058065623584175
0.07058065623584142
0.07058065623584175
0.07058065623584087
0.07058065623584098
0.07058065623584131
0.07058065623584076
0.07058065623584076
0.07058065623584053
0.07058065623584076
0.07058065623584053
0.07058065623584042
0.07058065623584009
0.07058065623583987
0.07058065623584053
0.07058065623584098
0.07058065623584009
0.07058065623583987
0.07058065623584098
0.07058065623583987
0.07058065623584042
0.07058065623584076
0.07058065623584053
0.07058065623583998
0.07058065623584076
0.07058065623584087
0.07058065623583998
0.07058065623583942
0.07058065623583998
0.07058065623584042
0.07058065623583964
0.07058065623584031
0.07058065623583987
0.07058065623584042
0.07058065623583953
0.07058065623583953
0.07058065623584009
0.07058065623584031
0.07058065623584009
0.07058065623583998
0.07058065623583987
0.07058065623583964
0.07058065623583998
0.07058065623583998
0.07058065623583953
0.07058065623584042
0.07058065623583964
0.07058065623583964
0.07058065623584053
0.07058065623583964
0.0705806562358392
0.07058065623584053
0.07058065623583909
0.07058065623583953
0.07058065623584053
0.07058065623583953
0.07058065623583953
0.07058065623584042
0.07058065623584031
0.07058065623584009
0.0705806562358392
0.07058065623583987
0.07058065623584009
0.0705806562358392
0.07058065623583998
0.07058065623584009
0.07058065623583964
0.07058065623583998
0.07058065623584009
0.07058065623583987
0.07058065623583942
0.07058065623583987
0.07058065623583987
0.07058065623584031
0.07058065623584042
0.07058065623583953
0.07058065623584009
0.07058065623583953
0.07058065623583998
0.07058065623583909
0.07058065623584009
0.07058065623584009
0.07058065623583898
0.07058065623583998
0.0705806562358392
0.07058065623583998
0.07058065623583998
0.07058065623583998
0.0705806562358392
0.07058065623583987
0.07058065623583987
0.07058065623584042
0.07058065623584009
0.07058065623583987
0.07058065623583964
0.07058065623583987
0.07058065623583953
0.07058065623583953
0.07058065623584009
0.07058065623583998
0.07058065623584031
0.07058065623583953
0.07058065623583987
0.07058065623583987
0.07058065623583909
0.07058065623583953
0.07058065623584009
0.07058065623583987
0.07058065623583987
