0.9999961723447184
0.9999961614144999
0.9999961436961813
0.9999961327467426
0.9999961221530538
0.9999961278546673
0.9999960987862931
0.9999960890152823
0.9999961007440051
0.9999961035623798
0.999996056890482
0.9999960942483562
0.999996064069644
0.9999960874714495
0.9999960495539875
0.9999960704309786
0.9999960235843329
0.9999960768199285
0.9999960048548244
0.9999960181727553
0.9999960267797627
0.999995999822301
0.9999960226739822
0.9999959570640864
0.9999960046775245
0.999995983737698
0.9999959496204855
0.999995980968581
0.9999959704696647
0.9999959466803362
0.9999959506333169
0.9999959614744108
0.9999959177519422
0.9999959384743733
0.9999958991410249
0.9999958890640641
0.9999958963616449
0.9999958717376409
0.999995858440864
0.9999958509910354
0.9999957914283814
0.9999958739510401
0.9999958185443402
0.9999958454276199
0.9999958546256855
0.9999958805572668
0.999995870237502
0.9999958110446897
0.9999958038314302
0.9999957437916238
0.9999958122366737
0.9999957233259499
0.9999957108257017
0.9999957577411785
0.9999957043831871
0.9999957365411621
0.9999956592552226
0.9999957243232931
0.9999956578794292
0.9999956243106461
0.9999956985360069
0.9999955990468468
0.9999956744390568
0.9999955922137352
0.9999957316510554
0.9999955627865639
0.9999957195169245
0.9999955303900562
0.9999956980678073
0.999995504190198
0.999995654462001
0.9999954885229999
0.99999562009301
0.999995468379737
0.9999955943557428
0.999995441482189
0.9999955687833857
0.9999954318604863
0.9999955509893195
0.9999954041560054
0.9999955256608116
0.9999954037795087
0.9999954936351543
0.9999954876408862
0.9999954702139134
0.9999954605708169
0.999995444529439
0.9999954343972489
0.999995419463355
0.9999954024447449
0.999995396541209
0.9999953781498366
0.9999953552833345
0.9999953437813263
0.9999953095598896
0.9999953158174985
0.9999953338114153
0.9999952864526949
0.9999952635870311
0.9999952806672486
0.9999952755985723
0.9999952785767335
0.9999952092892013
0.9999952459709018
0.9999952306536262
0.9999952884047814
0.9999951444424044
0.9999951306259531
0.999995251490477
0.9999951266903662
0.9999950999361965
0.9999950962251755
0.9999950839879425
0.9999952262972795
0.999995211227585
0.9999951789222797
0.9999951829785969
0.9999950124581044
0.999995165487683
0.999995148905585
0.9999951146507948
0.9999950950597516
0.9999951019310106
0.9999950739953095
0.9999950219715517
0.9999951863216155
0.9999951127037612
0.9999950871904242
0.9999950874654071
0.9999951139874146
0.9999950523996896
0.9999950840647197
0.999995018266217
0.9999950360111776
0.999995043914929
0.999994972191084
0.9999949963829001
0.9999950342573815
0.9999949421240999
0.999994889354913
0.9999948867104681
0.9999949161380569
0.9999948725087486
0.9999948489007534
0.9999948405847858
0.9999948138440997
0.9999948186007794
0.9999947765877357
0.999994701037463
0.999994732205514
0.9999948016029049
0.999994712260384
0.9999946789734488
0.9999946626889028
0.9999946405214121
0.9999945834693778
0.999994730904199
0.9999947689426539
0.9999947140594464
0.9999947369254434
0.9999946793062535
0.9999947309280759
0.9999946555664927
0.9999947614848993
0.9999946180930905
0.9999945751139664
0.9999946913832054
0.999994539871833
0.9999945745398466
0.9999945586719123
0.9999946154859164
0.9999945478540786
0.9999945889066497
0.9999944387901925
0.9999946751916398
0.9999944760594711
0.9999945026763808
0.9999945515342304
0.999994342107463
0.9999946468065591
0.9999942965781261
0.9999943255075144
0.9999944134260507
0.9999943843684461
0.9999944320076525
0.9999943116583844
0.9999943934797844
0.9999943717892421
0.9999943526750615
0.9999943281568143
0.9999942419449681
0.9999942974404483
0.9999942009876585
0.9999942405857765
0.9999943028839129
0.999994197127841
0.999994193187675
0.9999942181066311
0.9999942418442671
0.9999942862872704
