0.7764871824632938
0.763264091561229
0.7523048283595144
0.7409848482297461
0.7293239328083702
0.717339736270411
0.7050452836034912
0.6924513622550924
0.6795679786904445
0.6664051691453732
0.6529734726991343
0.6392842243244878
0.625349745249344
0.6111834695473863
0.5968000272026319
0.5822152944771872
0.5674464174973297
0.5525118123506945
0.537431143588299
0.5222252823097342
0.5069162446934063
0.49152711175888275
0.4760819312236979
0.46060560248597904
0.44512374598933324
0.42966255848098067
0.4142486559371906
0.3989089061849408
0.38367025348083583
0.3685595375054208
0.353603309382733
0.3388276474326942
0.32425797540164447
0.3099188858899605
0.2958339716039856
0.2820256669036598
0.268515101901167
0.2553219710958671
0.24246441821546094
0.22995893858278027
0.21782029995390806
0.20606148238847144
0.19469363732998135
0.18372606570477246
0.17316621450380587
0.16301969100175506
0.15329029350010115
0.14398005726084462
0.1350893141279732
0.12661676421574997
0.11855955797492534
0.11091338692659702
0.10367258137408852
0.096830213459555
0.09037820401772889
0.08430743178695765
0.07860784366089202
0.07326856479638588
0.06827800752863433
0.0636239781786
0.05929378096667559
0.055274318367283026
0.051552187350289436
0.04811377105553272
0.04494532553633146
0.04203306128713191
0.03936321934007447
0.03692214177650577
0.034696336553496465
0.032672536593527646
0.030837753128745482
0.029179323330677853
0.02768495229269652
0.02634274946652637
0.025141259685917294
0.024069488940564043
0.023116925091326235
0.022273553743729302
0.02152986952032887
0.020876882993639323
0.020306123559533984
0.019809638546245067
0.019379988865944497
0.019010241524391458
0.018693959309036168
0.01842518797751158
0.018198441266448317
0.01800868403538869
0.017851313852379924
0.01772214131683547
0.017617369401932148
0.017533572083289872
0.01746767250353587
0.017416920903847166
0.01737887253406223
0.017351365732783175
0.0173325003485435
0.01732061665264162
0.01731427487414816
0.017312235467929482
0.017313440207721187
0.01731699417826338
0.01732214872357607
0.017328285392712472
0.017334900909738216
0.01734159318143702
0.017348048344307254
0.017354028841706004
0.01735936251274739
0.017363932666371595
0.01736766910723908
0.017370540074324925
0.01737254504858965
0.01737370838241359
0.017374073700991643
0.017373699024031075
0.017372652555208923
0.017371009086544653
0.017368846965238993
0.017366245571433403
0.017363283256738526
0.017360035695147324
0.017356574600061236
0.017352966763510502
0.017349273376238372
0.017345549589983578
0.017341844286170027
0.01733820001795039
0.017334653095549046
0.017331233787542755
0.01732796661356628
0.017324870706609485
0.017321960225596178
0.01731924480144509
0.017316730002081893
0.017314417804030757
0.017312307060260657
0.01731039395571221
0.017308672443714257
0.0173071346579049
0.01730577129572053
0.017304571970628402
0.017303525531396247
0.01730262034754526
0.017301844560928092
0.01730118630402655
0.01730063388606462
0.017300175948489982
0.017299801591665775
0.017299500474899143
0.01729926289206185
0.017299079825151886
0.01729894297823087
0.017298844794092383
0.017298778456003805
0.017298737876782044
0.01729871767731961
0.017298713156542966
0.01729872025467938
0.017298735511477425
0.017298756020913686
0.01729877938371771
0.01729880365890135
0.017298827315300414
0.017298849183966958
0.01729886841216166
0.01729888441946692
0.017298896856492774
0.017298905566492273
0.017298910550116453
0.017298911933414374
0.01729890993916594
0.017298904861486997
0.01729889704367127
0.01729888685910763
0.017298874695139133
0.017298860939656158
0.017298845970223797
0.017298830145512034
0.017298813798800716
0.017298797233323282
0.017298780719222973
0.017298764491889607
0.017298748751478854
0.01729873366339374
0.01729871935956151
0.01729870594031835
0.017298693476761717
0.017298682013424993
0.017298671571149615
0.0172986621500687
0.01729865373259465
0.017298646286346808
0.01729863976696111
0.017298634120731404
0.017298629287049394
0.017298625200622753
0.017298621793453428
0.01729861899656615
0.017298616741494244
0.017298614961529957
0.017298613592729883
0.017298612574721983
0.017298611851303325
0.01729861137085642
0.01729861108660824
0.01729861095674534
0.017298610944406434
0.017298611017573684
0.01729861114888387
0.017298611315366585
0.017298611498139382
0.017298611682063036
0.01729861185537951
0.017298612009337244
0.017298612137811697
0.017298612236943955
0.017298612304780137
0.01729861234094654
0.01729861234633301
0.017298612322815488
0.01729861227299956
0.017298612199995844
0.017298612107228828
0.01729861199826388
0.017298611876676806
0.017298611745933834
0.017298611609310566
0.01729861146981826
0.01729861133016375
0.01729861119271614
0.01729861105949293
0.01729861093216034
0.01729861081203865
0.01729861070011962
0.017298610597091812
0.01729861050336501
0.01729861041910219
0.017298610344254395
0.017298610278587923
0.0172986102217223
0.017298610173155926
0.017298610132303605
0.017298610098512746
0.017298610071095233
0.017298610049348517
0.017298610032567496
0.017298610020069716
0.0172986100111997
0.017298610005341164
0.017298610001927006
0.017298610000443304
0.017298610000426873
0.01729861000147448
0.017298610003239623
0.017298610005425985
0.01729861000779287
0.017298610010144766
0.017298610012331572
0.01729861001424149
0.017298610015798466
0.017298610016956872
0.017298610017694394
0.017298610018011917
0.017298610017926097
0.01729861001746824
0.017298610016674654
0.017298610015593407
0.01729861001427191
0.017298610012760562
0.01729861001110866
0.017298610009363835
0.017298610007569937
0.01729861000576649
0.017298610003988135
0.017298610002264514
0.01729861000062216
0.01729860999907762
0.017298609997645875
0.017298609996338588
0.017298609995160974
0.017298609994112923
0.017298609993193215
0.017298609992400404
0.017298609991726277
0.01729860999116417
0.017298609990703206
0.017298609990335945
0.01729860999004862
0.017298609989835234
0.01729860998968069
0.017298609989578106
0.017298609989517932
0.0172986099894904
0.017298609989488845
0.01729860998950461
0.017298609989534364
0.017298609989570335
0.017298609989610525
0.017298609989649272
0.017298609989685798
0.01729860998971766
0.017298609989743308
0.017298609989761737
0.017298609989773617
0.01729860998977628
0.01729860998977306
0.01729860998976418
0.017298609989750413
0.017298609989729763
0.01729860998970556
0.017298609989678693
0.017298609989649827
0.017298609989620073
0.017298609989588765
0.017298609989558345
0.01729860998952837
0.01729860998949928
0.017298609989472635
0.01729860998944821
0.017298609989426006
0.017298609989405023
0.017298609989386926
0.01729860998937116
0.01729860998935806
0.017298609989346847
0.01729860998933741
0.01729860998932964
0.01729860998932453
0.017298609989320535
0.017298609989316094
0.017298609989313984
0.01729860998931343
0.01729860998931232
0.017298609989311875
0.017298609989313096
0.017298609989312985
0.017298609989313984
0.017298609989315206
0.017298609989316094
0.01729860998931676
0.017298609989317204
0.017298609989318092
0.017298609989318536
0.017298609989318092
0.017298609989318314
0.017298609989318314
0.01729860998931887
0.01729860998931787
0.017298609989317648
0.01729860998931676
0.017298609989317648
0.017298609989315872
0.017298609989315317
0.017298609989315206
0.017298609989313873
0.01729860998931354
0.017298609989313096
0.017298609989312097
0.017298609989312208
0.01729860998931143
0.017298609989310876
0.01729860998931132
0.0172986099893101
0.017298609989309877
0.01729860998930921
0.017298609989309877
0.0172986099893101
0.017298609989309988
0.017298609989309877
0.01729860998931043
0.017298609989309432
0.01729860998930921
0.017298609989308766
0.017298609989309432
0.017298609989309544
0.017298609989309988
0.01729860998930921
0.017298609989309655
0.017298609989309544
0.01729860998931032
0.017298609989309877
0.0172986099893091
0.01729860998930921
0.017298609989309432
0.0172986099893091
0.01729860998930899
0.017298609989309655
0.017298609989309877
0.017298609989309544
0.01729860998930899
0.01729860998930921
0.017298609989309544
0.01729860998930921
0.017298609989308544
0.017298609989309432
0.0172986099893091
0.017298609989308766
0.0172986099893091
0.0172986099893091
0.0172986099893091
0.017298609989309432
0.017298609989308766
0.01729860998930899
0.017298609989309432
0.01729860998930899
0.01729860998930899
0.017298609989308655
0.017298609989309432
0.017298609989309432
0.017298609989309544
0.017298609989309432
0.01729860998930899
0.0172986099893091
0.017298609989309432
0.01729860998930921
0.0172986099893091
0.017298609989309544
0.017298609989309432
0.01729860998930899
0.0172986099893091
0.0172986099893091
0.01729860998930921
0.017298609989309432
0.017298609989309432
0.017298609989309988
0.01729860998930921
0.017298609989309988
0.017298609989309432
0.017298609989309655
0.017298609989309655
0.0172986099893091
0.017298609989309988
0.017298609989308766
0.017298609989309544
0.0172986099893091
0.017298609989309432
0.017298609989309432
0.017298609989309544
0.0172986099893091
0.017298609989309877
0.017298609989309432
0.0172986099893091
0.0172986099893091
0.0172986099893101
0.017298609989309432
0.017298609989309432
0.017298609989309432
0.017298609989309877
0.017298609989309432
0.017298609989309655
0.0172986099893091
0.017298609989309544
0.01729860998930921
0.017298609989309432
0.01729860998930921
0.017298609989309655
0.017298609989309655
0.01729860998930921
0.017298609989309544
0.017298609989309877
0.01729860998930899
0.017298609989309432
0.017298609989309432
0.017298609989308766
0.017298609989309432
0.017298609989308655
0.017298609989309544
0.017298609989309432
0.0172986099893091
0.017298609989308766
0.017298609989308766
0.01729860998930921
0.01729860998930921
0.017298609989309432
0.0172986099893091
0.01729860998930921
0.017298609989309544
0.017298609989309432
0.0172986099893091
0.01729860998930899
0.0172986099893091
0.017298609989309432
0.01729860998930921
0.01729860998930921
0.01729860998930921
0.017298609989308655
0.01729860998930921
0.017298609989309544
0.017298609989309544
0.017298609989309432
0.017298609989309655
0.01729860998930899
0.0172986099893101
0.01729860998930921
0.017298609989309544
0.017298609989309432
0.0172986099893101
0.017298609989309544
0.01729860998931043
0.017298609989309432
0.017298609989309655
0.01729860998930921
0.0172986099893091
0.01729860998930921
0.0172986099893091
0.017298609989309432
0.017298609989309544
0.017298609989309432
0.01729860998930921
0.017298609989309544
0.017298609989309432
0.017298609989309544
0.017298609989309877
0.017298609989309877
0.01729860998930921
0.017298609989309432
0.017298609989309655
0.01729860998930921
0.017298609989309432
0.01729860998930899
0.0172986099893091
0.017298609989309432
0.017298609989309877
0.017298609989309544
0.01729860998930921
0.01729860998930899
0.0172986099893091
0.01729860998930921
0.01729860998930921
0.01729860998930899
0.017298609989309544
0.0172986099893091
0.017298609989309432
0.0172986099893091
0.017298609989309544
0.017298609989309432
0.017298609989309432
0.017298609989309655
0.017298609989309655
0.01729860998930921
0.017298609989309432
0.017298609989309432
0.0172986099893091
0.0172986099893091
0.0172986099893091
0.01729860998930921
0.017298609989309544
0.017298609989309432
0.01729860998930921
0.0172986099893091
0.01729860998930899
0.0172986099893091
0.017298609989309877
0.01729860998930921
0.01729860998931032
0.017298609989309877
0.017298609989308766
0.017298609989308766
0.017298609989309432
