0.9999761689353034
0.9999697157388495
0.9999611906229058
0.9999517054523319
0.9999384550945699
0.9999216705756183
0.9999007765451181
0.9998751241049714
0.9998440148208524
0.9998066180218221
0.9997622653043744
0.9997099444627807
0.9996487103451352
0.999577695820897
0.999496018125434
0.9994027996675725
0.9992970241787572
0.9991779452431098
0.9990452353647246
0.9988978514972747
0.9987355754370969
0.9985582817784796
0.9983653627924283
0.9981561219649738
0.9979307394777316
0.9976887328713056
0.9974295853098722
0.9971531101998338
0.9968581086562383
0.9965437001155998
0.99621054429905
0.9958556098276212
0.9954781897326271
0.9950770920434945
0.9946502272614076
0.994196077620606
0.9937115523066095
0.993197095010225
0.9926507522746418
0.9920714850047032
0.9914569496106765
0.9908058658385916
0.9901143070350444
0.9893842611335192
0.9886112458042117
0.9877950743472973
0.9869372891348763
0.9860341097584993
0.9850851186941166
0.9840953222220374
0.9830555460792176
0.981968926049808
0.9808353644710529
0.9796548366054306
0.97842749722994
0.9771524888703605
0.9758350627176762
0.9744770250726712
0.973081640688487
0.9716477848557898
0.9701820829182655
0.9686864053665283
0.9671555658658045
0.9655989701316992
0.9640107431771968
0.9624038782465087
0.9607780634927752
0.9591334738703851
0.9574801073321253
0.9558196115918424
0.9541521616092902
0.9524836087027588
0.9508167751446838
0.9491436438281163
0.947469007158871
0.9458043494068318
0.9441480786532562
0.9425075582555971
0.9408902712850722
0.9415550330897482
0.9400208106968706
0.9385100578971405
0.9347190339503155
0.9332476993683356
0.9318041521510276
0.9303774823685743
0.9289708316023341
0.927591611112457
0.9262451350979991
0.9249366592754663
0.9236515335483053
0.9224115627482994
0.9211955137721685
0.9200094252385288
0.9188566377806183
0.917742836193128
0.9166493594727447
0.9155874527564354
0.9145669762120291
0.9135847475429288
0.9126290252895526
0.9116938231736865
0.9107914396080659
0.9099130518475022
0.9090658025715388
0.9082597280982221
0.9074902205560234
0.9067324923423946
0.9060092927802211
0.9053200673758959
0.9046552733974891
0.9040143881513202
0.9034119416362745
0.9028297209916613
0.9022737628067845
0.9017392305049328
0.9012322845832097
0.9007476378972841
0.9002913450697194
0.9031091316196443
0.9026941860816694
0.9022956134250703
0.9018967045485131
0.8983822636573017
0.8980163584190023
0.8976576860894127
0.8973117483725915
0.897012683368047
0.8967399250311723
0.8964828152271673
0.8962115952392032
0.8959447015492902
0.8956788152855154
0.8954493174216315
0.8952553127769525
0.8950763711494332
0.894901576862338
0.8947481979036883
0.8945963792650969
0.8944614263997216
0.8943348318375036
0.8942071514654965
0.8941003639221057
0.8940264897090254
0.8939515441338562
0.8938688746019621
0.893791336025722
0.8937086133456069
0.8936332314737339
0.8935633605703639
0.8935006336192995
0.893444808514692
0.8933912670468447
0.8933700095441854
0.8933626648721362
0.8933764574149163
0.8933876687142626
0.8934158346321994
0.8934411240120805
0.8934622294581875
0.8934939103947854
0.893539048178579
0.8935853736405478
0.893613189762922
0.8970287337581289
0.8970634839398431
0.8970863283419402
0.8971047540502634
0.8971443908705167
0.8971763373528937
0.897213753893228
0.897242229357303
0.8972844934370742
0.8973208593071631
0.8973460578894584
0.8973913161272062
0.8974336193966084
0.8974780143267841
0.8975291858035952
0.8975823894240147
0.8976711895723006
0.8977570856232417
0.8978612798790798
0.8979524999722153
0.8980572846104509
0.8981677322726155
0.8982606048808638
0.8983564195385122
0.8984412834725807
0.8985542109348864
0.8986653662426997
0.8987943892653594
0.8989277101614512
0.8990851349402406
0.8992479169836707
0.8994145955341943
0.8995762472922132
0.8997402852752937
0.8999119232142819
0.90008387276391
