0.9577532177059015
0.9115931343419817
0.9063102393906671
0.9003278497095082
0.8938495586178462
0.8868591204248852
0.8795472627636403
0.87179191557958
0.8637129637616535
0.8552182395014445
0.846436942767397
0.837498941468102
0.8283109592441564
0.8188772490188863
0.8091723438786458
0.7986917041834173
0.7877845811025109
0.7770060584879919
0.7659063753945026
0.7545303058618436
0.7429184073528495
0.728835354706459
0.7140993746001381
0.6982635203173138
0.6826365058159287
0.6665003100685798
0.6499069182849677
0.6328128107062523
0.6152274143740676
0.5969439895963229
0.5806490000013509
0.5637092785038598
0.5467133652739313
0.5295111856214918
0.5123463040244954
0.4952427918875397
0.4782893093512973
0.4615579608083067
0.4447795658413425
0.4279241808969245
0.4103879904350132
0.39310350873362765
0.3757623918670774
0.358584116748207
0.3417210023294096
0.32513953163701514
0.3091570800034492
0.29378019251218945
0.27925441530775263
0.26536408167102066
0.2506902594722751
0.23672754869873147
0.22429012543587656
0.21270851444032934
0.20227401326468086
0.19269828553636192
0.18363147318853312
0.1754168064891859
0.16822076636641925
0.16180351331542864
0.15621481752717514
0.15159494971563903
0.14554994826664458
0.14044789055453888
0.13613605304886167
0.1323506587974923
0.12927530662885023
0.12670833046357144
0.1247656422253669
0.12340231545667535
0.1215075286885623
0.12028633430434965
0.11840574781608904
0.11594076583117019
0.11409840576997798
0.11301700703296402
0.1119944234605873
0.11148699750342272
0.11142890056800336
0.1109668533935072
0.11056221423793766
0.1094375415591251
0.10888214873873181
0.10799903762602181
0.10759573503526998
0.10736752078306233
0.10699345490380596
0.10654464878364844
0.10659923249162795
0.10708756361704275
0.1069079859567692
0.1059506049491703
0.10543169991761658
0.10531128777663012
0.10411432221824857
0.10347120911404628
0.1033373236573426
0.10365835816013347
0.10361734570008307
0.10351336337289552
0.10248074096699866
0.10196605627706945
0.10193514793136393
0.10166289634022285
0.10146136604264544
0.10174109130930353
0.10199630913625068
0.10270836547648399
0.10246678051067382
0.10193818985798742
0.10152790342174278
0.1015823833795596
0.10170533409764915
0.10188659957092994
0.10236709990323922
0.10241516722129151
0.10234103347221668
0.10152542376678586
0.10110463987786078
0.10087914822951372
0.10106129946385634
0.10099568790961144
0.10062789864572674
0.10047219274396735
0.10067030760829698
0.10098521338005728
0.10056625022253174
0.1006195542440621
0.10009993586943533
0.1000205063349614
0.10031737482466963
0.10032651807849191
0.10070318664769795
0.10079533860795487
0.10024545497863613
0.10010964029858649
0.10022834866005181
0.10016674122824731
0.10017407935783407
0.09991672122039119
0.09976032907792654
0.09994289883802943
0.09978464957203459
0.09999894947903565
0.10020920983039028
0.09950617216583046
0.09921854501566785
0.0990442111639821
0.09922977133928246
0.0997462285972347
0.1000866921534126
0.10075461824574772
0.1009674676673733
0.10008331713646823
0.09953805414339223
0.09932730831744496
0.09944319273956048
0.0994790989558294
0.09989119823854054
0.10064076708016445
0.10118014060950509
0.10053044073067263
0.10018846580392737
0.09970122407563509
0.09952007422525333
0.09965895317596729
0.10011205725373096
0.10085849893364496
0.10111853982653451
0.10134774069399999
0.10119166366682875
0.1005229849675564
0.10022390773784862
0.10022643712497492
0.10011237321646482
0.10002129331701048
0.10034768568681307
0.10104895203278674
0.1013936610241144
0.10142039472386899
0.10183401895763355
0.10120981428667819
0.10096392239699037
0.10049871501995611
0.10042566291374222
0.10020598009545856
0.1004605205025777
0.10026661438865414
0.1004760209729979
0.1010428336344199
0.10191379738554485
0.10212183111096995
0.10260689742819462
0.10131294473829944
0.10044675431300465
0.10001787877111801
0.10001424558675898
0.10040235375744777
0.10113175511617811
0.10214027450746743
