0.9999845906686987
0.9999845156082787
0.9999844220511135
0.9999841665645067
0.9999841157003424
0.9999840461434985
0.9999837626910432
0.9999838176499939
0.9999837836727395
0.9999836306974635
0.9999836024852888
0.9999829259392976
0.9999833535848975
0.9999831565916125
0.999983038666884
0.999982926983237
0.9999830463218835
0.9999825765306648
0.9999824113789624
0.9999830291841506
0.9999830167290624
0.9999828242076332
0.9999825457189337
0.9999824260574939
0.9999825032952289
0.99998212806199
0.9999822477380369
0.9999817457586608
0.9999818478609037
0.9999820646639132
0.9999817760835944
0.9999812503345568
0.9999815364959799
0.9999814864018465
0.9999812236564584
0.9999810448483695
0.9999821485791128
0.9999807148680319
0.9999805426557605
0.9999807688354423
0.9999815945313004
0.9999809858978403
0.9999806566443532
0.9999807396421676
0.9999798824146233
0.9999796674684692
0.9999803893437346
0.9999794666397539
0.9999800383846803
0.9999791283736859
0.9999796162471049
0.9999796685948523
0.9999791000213104
0.9999799176840211
0.9999796134571359
0.9999787660955461
0.9999781325060229
0.999978409189084
0.9999789312294706
0.9999789457933973
0.9999783658894306
0.9999771016013859
0.9999775457302199
0.9999768610353528
0.999978034532905
0.9999763608588574
0.9999770769946902
0.9999776202062944
0.9999765412595288
0.9999768254546055
0.9999763440421976
0.999976657433624
0.9999756103229828
0.999976801951089
0.9999758550879455
0.9999747612755265
0.9999748133318322
0.9999754847277923
0.9999748951074221
0.9999735260326483
0.9999751397150278
0.9999726450585418
0.9999736510403411
0.9999720892911564
0.9999725494301013
0.9999719774976046
0.99997382082075
0.9999722150635443
0.9999707148463258
0.9999725934999878
0.9999700065047741
0.9999723335880577
0.9999725200856547
0.9999716088756695
0.9999719344034385
0.9999712259911931
0.9999718403995016
0.9999709292041523
0.9999694085930598
0.9999710041459936
0.999969071112597
0.9999704732163262
0.9999684299957755
0.9999699996161153
0.9999685324022861
0.9999694667093202
0.9999677729427148
0.9999691333641022
0.9999670442630919
0.9999666741612753
0.9999673134860736
0.99996587460454
0.9999665055413883
0.9999663837099413
0.9999659635828596
0.9999675566703224
0.9999658766579178
0.9999663956294357
0.9999646163401671
0.9999651188953355
0.9999659570058841
0.9999662016656942
0.999964966241657
0.999965692803727
0.9999639878117843
0.99996471326067
0.9999642735395856
0.9999651052269825
0.9999613371690053
0.9999614130706059
0.9999629457418014
0.9999628268241
0.999960643864914
0.9999654123574476
0.999962031112522
0.9999619338526222
0.9999601062130742
0.9999605197672107
0.9999629949273532
0.9999623610672449
0.9999594357100277
0.9999614898079804
0.9999584719786363
0.9999624656982226
0.9999622531330684
0.9999603451825827
0.9999593249815438
0.9999569755716075
0.9999613402902354
0.9999564270122552
0.9999622576644337
0.9999558059490369
0.999960411488229
0.9999586490397269
0.9999595199800418
0.9999594776659987
0.9999580034454097
0.9999580353548869
0.9999578134545437
0.9999553113641307
0.9999551361874072
0.9999537509048188
0.9999581413566074
0.999955370823339
0.9999551171002988
0.9999562431025835
0.9999570911517675
0.9999536510427867
0.999954938088568
0.9999533241312103
0.9999568694246551
0.9999521657610589
0.9999549190631818
0.9999522957408139
0.9999535191253395
0.9999540706808746
0.9999569549646344
0.9999536218506524
0.999953489688729
0.9999556284371012
0.9999549518916425
0.9999548666764327
0.9999513187278125
0.9999529735342261
0.9999503958896355
0.999954141352152
0.9999507093309359
0.9999496670831401
0.9999537947958766
0.9999529886251981
0.9999496141795924
0.9999449181513846
0.9999483439008956
0.9999458876179627
0.9999500556180428
0.9999476023265962
0.9999492365186501
0.9999496135762724
0.9999484414106219
0.9999496984100359
