0.7664514348613212
0.9107090780002519
0.9069979238754543
0.902898812123541
0.8984921835625977
0.894110991827989
0.8896854976320685
0.8852518195738015
0.8808062047053684
0.8763425483840945
0.8718599669666794
0.8673611829052849
0.8624934425142876
0.8575212890321758
0.8524481529086116
0.8472779514210006
0.8420148555742433
0.8366631163695217
0.8312269294577969
0.8257103333137771
0.8201171452772636
0.8143376879794568
0.808433262069156
0.8023954335204225
0.7962133541010875
0.7898726675802714
0.7833534032030162
0.7766259005159634
0.7696434347223264
0.7623317018477591
0.7545843723297164
0.7462891172695596
0.7373822949739824
0.7278661240923316
0.7177757319520732
0.7071526801409067
0.6960399512116746
0.6844849749844321
0.6725427266714019
0.6602771787080857
0.6477613020176678
0.6350760375343241
0.6223085386749412
0.6095498820465669
0.5968923998574427
0.5844267761577793
0.5722390462852173
0.5604076338618118
0.5490005482465143
0.5380728428281376
0.5276643892093142
0.5177979309163017
0.5084772252881955
0.49968500176263764
0.4913813943719363
0.483507897331267
0.4760062034072913
0.46884204347398006
0.4620036000883657
0.45548420333956496
0.44927492029953753
0.44336594928189976
0.4377494152759662
0.43242108195546747
0.4273809977570422
0.42263357266033397
0.4181875234763164
0.41405601411562687
0.41025728453459875
0.40681621376118793
0.40376787449996865
0.40116617586994385
0.3991080644165669
0.39781630643941956
0.39805975680814465
0.3925606079777295
0.39044561308548975
0.38910159353311735
0.38801500347803897
0.3870036734328659
0.3859981190072471
0.3849729942803036
0.38403244741938625
0.38325880760595277
0.3827205655172823
0.38248072508259645
0.37876102648737386
0.3757345872728012
0.3733956375684442
0.3717144824152696
0.3706462518044281
0.370138806223704
0.3701397805330293
0.3681727255617727
0.36682323146348794
0.3660307969274418
0.3657315218778793
0.3658639835377041
0.3663739873596009
0.364887436119549
0.36391409543770825
0.3633976833971101
0.3632837970222281
0.36352142618102146
0.3640645378416524
0.3630282572867277
0.36242872045959607
0.3622144164258403
0.3623359186680267
0.36274743144685695
0.36340832879022855
0.364284531803175
0.3631930486427135
0.3624711251385331
0.3620789008447549
0.36197704136800757
0.36212792977134345
0.3624969754545082
0.3630537480732652
0.3637728086541494
0.36275897373796306
0.36209220644780027
0.3617430437412712
0.3616804905964215
0.3618727138338165
0.3622883167333608
0.36289789983516885
0.3621085735543673
0.3616104828780985
0.361371573339727
0.36136198643447637
0.3615540170133118
0.3619222979744019
0.3624441199462789
0.3616520909605897
0.36116008476795336
0.36093905320046427
0.3609604467524463
0.3611967402757731
0.36162211077730666
0.3622131468031139
0.3614684033964636
0.36099365519340354
0.3607609931969761
0.36074299589151737
0.3609131560844163
0.3612465728114077
0.36172070593509664
0.36105464230374495
0.36065796196444844
0.3605056777990904
0.360572894885667
0.3608350259145836
0.361268326284098
0.36070876788482187
0.36038823614684334
0.3602812442469535
0.36036356753045784
0.3606123853670238
0.36100658293822796
0.36045903330491424
0.36015791510832385
0.3600769080200579
0.3601902831909881
0.3604734861384712
0.3609038092949831
0.3603450025398488
0.3600162537320365
0.35989459738896956
0.3599574451630325
0.36018276344882794
0.360549517246056
0.3610382388040916
0.3604027621436282
0.3600047413220038
0.35982081261675325
0.3598279376603063
0.3600036592878877
0.3603265553399797
0.36077679135106777
0.3613366801368749
0.3606335245956809
0.360167696141136
0.3599168397366147
0.3598585850928957
0.35997071354105825
0.36023159398170845
0.3606207456476773
0.3611194081509338
0.36171103141402305
0.36094835985396556
0.36042948794709195
0.36013341371671936
0.3600382792444372
0.36012172209990423
0.3603615506346317
0.3607365668913328
0.3612273747386969
0.3618170495012921
0.3610709305444251
