0.8002720295648715
0.751954095856204
0.7500788505186226
0.7481885024827917
0.7462853133303067
0.7443706899926759
0.7424454224838519
0.740509968168031
0.7385645987026128
0.7366094762851882
0.7346446955455971
0.7326703079477128
0.7306863367627083
0.7286927866813866
0.726689650231013
0.7246769122066339
0.7226545528224853
0.7206225500106882
0.718580881134605
0.7165295242892264
0.7144684593027218
0.7123976685166178
0.710317137398379
0.7082268550245543
0.7061268144621247
0.7040170130684852
0.701897452725458
0.6997681400191551
0.6976290863749546
0.6954803081549481
0.6933218267238257
0.6911536684880955
0.6889758649127222
0.6867884525186134
0.6845914728638918
0.6823849725114479
0.6801690029849541
0.677943620715208
0.6757088869784436
0.673464867828028
0.6712116340207854
0.6689492609390273
0.666677828509213
0.6643974211180605
0.6621081275267944
0.6598100407841234
0.6575032581384594
0.6551878809497911
0.6528640146015725
0.6505317684129097
0.6481912555512763
0.6458425929459504
0.6434859012022955
0.6411213045169999
0.6387489305943364
0.6363689105634796
0.6339813788969022
0.6315864733298358
0.6291843347807831
0.6267751072730381
0.624358937857169
0.6219359765344084
0.6195063761808797
0.6170702924726035
0.614627883811202
0.6121793112502312
0.609724738422067
0.6072643314652735
0.6047982589523793
0.6023266918179884
0.599849803287166
0.5973677688040329
0.5948807659605011
0.5923889744251081
0.5898925758718865
0.5873917539092266
0.5848866940086899
0.5823775834337364
0.5798646111683252
0.5773479678453735
0.5748278456750371
0.5723044383727971
0.569777941087344
0.5672485503282374
0.5647164638933468
0.5621818807960592
0.5596450011922673
0.5571060263071319
0.554565158361632
0.5520226004989193
0.5494785567104845
0.5469332317621547
0.5443868311199471
0.5418395608758029
0.5392916276732176
0.5367432386328059
0.5341946012778314
0.5316459234597268
0.529097413283639
0.5265492790340454
0.524001729100463
0.5214549719033028
0.5189092158198925
0.5163646691107331
0.5138215398459971
0.5112800358323424
0.5087403645400645
0.5062027330306365
0.5036673478846803
0.5011344151304147
0.49860414017261523
0.4960767277221413
0.49355238172606897
0.4910313052984665
0.4885137006518693
0.48599976902948505
0.48348971063817414
0.48098372458225747
0.4784820087981688
0.4759847599900243
0.47349217356611506
0.47100444357638926
0.4685217626509447
0.46604432193957557
0.4635723110524038
0.4611059180016388
0.4586453291444855
0.45619072912724923
0.45374230083064937
0.4513002253163926
0.4488646817750128
0.4464358474750224
0.4440138977133872
0.44159900576736
0.4391913428476889
0.43679107805321626
0.4343983783269064
0.4320134084132994
0.4296363308174226
0.4272673057651637
0.42490649116513135
0.4225540425720019
0.42021011315137957
0.4178748536461566
0.4155484123444064
0.4132309350487945
0.41092256504752245
0.40862344308681486
0.4063337073449248
0.4040534934076925
0.4017829342456273
0.3995221601925286
0.3972712989256314
0.39503047544727254
0.3927998120680807
0.39057942839166293
0.38836944130079987
0.3861699649451197
0.3839811107302554
0.3818029873084622
0.37963570057067997
0.3774793536400356
0.3753340468667572
0.3731998778244887
0.3710769413079904
0.3689653293321953
0.36686513113261
0.364776433167037
0.36269931911859243
0.36063386990000523
0.3585801636591611
0.3565382757858826
0.35450827891991
0.35249024296005327
0.350484235074509
0.3484903197122907
0.3465085586157638
0.3445390108342552
0.34258173273868964
0.3406367780372618
0.3387041977920815
0.33678404043677856
0.33487635179503406
0.33298117510001835
0.331098551014687
0.32922851765292893
0.32737111060150836
0.32552636294280834
0.32369430527830223
0.32187496575276253
0.32006837007915456
0.31827454156419055
0.3164935011345178
0.31472526736350914
0.3129698564986221
0.31122728248931397
0.3094975570154582
0.3077806895162576
0.3060766872196087
0.30438555517191235
0.3027072962682623
0.3010419112830315
0.2993893989008014
0.297749755747608
0.29612297642248775
0.2945090535293007
0.29290797770878463
0.29131973767084185
0.2897443202270201
0.2881817103231582
0.2866318910721942
0.28509484378708316
0.2835705480138301
0.2820589815646034
0.2805601205509024
0.2790739394167727
0.2776004109720335
0.27613950642550866
0.2746911954182373
0.27325544605664354
0.2718322249456566
0.270421497221748
0.2690232265858854
0.26763737533637233
0.2662639044015743
0.2649027733724917
0.2635539405351949
0.26221736290308506
0.2608929962489669
0.25958079513694177
0.2582807129540773
0.25699270194187296
0.2557167132274841
0.2544526968547105
0.25320060181472603
0.2519603760765583
0.2507319666172777
0.24951531945192673
0.24831037966314085
0.24711709143048577
0.24593539805948172
0.24476524201032002
0.24360656492625166
0.24245930766166923
0.2413234103098313
0.24019881223027728
0.23908545207587784
0.2379832678195556
0.23689219678064477
0.2358121756509034
0.23474314052016265
0.23368502690162074
0.2326377697567623
0.23160130351992525
0.23057556212249208
0.22956047901671284
0.22855598719915216
0.2275620192337694
0.22657850727462636
0.22560538308821065
0.22464257807539967
0.22369002329303445
0.22274764947513026
0.22181538705371395
0.22089316617927024
0.21998091674084552
0.21907856838574846
0.21818605053890872
0.2173032924218461
0.21643022307128124
0.21556677135738267
0.21471286600165296
0.21386843559444102
0.21303340861211117
0.2122077134338496
0.21139127835811466
0.21058403161874317
0.20978590140070352
0.20899681585550345
0.2082167031162624
0.20744549131244028
0.2066831085842299
0.20592948309662085
0.2051845430531355
0.20444821670923385
0.20372043238540938
0.20300111847994984
0.2022902034814038
0.2015876159807206
0.2008932846830902
0.20020713841948812
0.19952910615790975
0.19885911701431525
0.19819710026328607
0.1975429853483931
0.19689670189228048
0.19625817970647674
0.1956273488009218
0.1950041393932368
0.19438848191771074
0.1937803070340448
0.19317954563582196
0.19258612885873028
0.19199998808853536
0.19142105496880812
0.19084926140840663
0.19028453958872282
0.1897268219706979
0.18917604130160048
0.18863213062158735
0.18809502327004013
0.187564652891675
0.18704095344245797
0.18652385919528547
0.18601330474547517
0.18550922501605938
0.1850115552628545
0.18452023107936233
0.18403518840146826
0.1835563635119496
0.1830836930448042
0.18261711398939673
0.182156563694435
0.18170197987175973
0.18125330059997447
0.18081046432790793
0.18037340987791106
0.17994207644899607
0.17951640361981658
0.17909633135150071
0.17868179999032552
0.17827275027025735
0.1778691233153279
0.17747086064190032
0.17707790416076596
0.1766901961791323
0.1763076794024605
0.175930296936193
0.17555799228733537
0.17519070936593195
0.17482839248641546
0.1744709863688364
0.17411843613998534
0.17377068733439394
0.17342768589523516
0.17308937817511827
0.17275571093676545
0.1724266313536046
0.17210208701025353
0.1717820259029067
0.17146639643963335
0.17115514744058113
0.17084822813808265
0.17054558817669097
0.1702471776131128
0.16995294691607088
0.1696628469660757
0.16937682905512796
0.16909484488633464
0.16881684657346474
0.16854278664040956
0.1682726180205938
0.16800629405630996
0.1677437684979809
0.1674849955033615
0.16722992963668082
0.16697852586771533
0.16673073957080398
0.16648652652381146
0.1662458429070255
0.1660086453020062
0.1657748906903801
0.16554453645257905
0.16531754036653667
0.16509386060632814
0.16487345574077006
0.16465628473196647
0.16444230693381767
0.16423148209048544
0.16402377033481275
0.16381913218670252
0.1636175285514717
0.16341892071814745
0.16322327035773532
0.16303053952146274
0.16284069063897222
0.1626536865164968
0.16246949033498959
0.16228806564823295
0.16210937638092027
0.16193338682670222
0.16176006164620793
0.1615893658650468
0.16142126487177644
0.1612557244158519
0.16109271060555652
0.16093218990589564
0.1607741291364877
0.16061849546942542
0.16046525642712106
0.16031437988012553
0.16016583404494422
0.16001958748182965
0.1598756090925505
0.1597338681181638
0.15959433413675406
0.15945697706117512
0.1593217671367655
0.15918867493906552
0.15905767137151816
0.1589287276631528
0.15880181536627214
0.15867690635411857
0.15855397281854344
0.1584329872676583
0.15831392252348964
0.15819675171961745
0.1580814482988151
0.15796798601068762
0.15785633890928874
0.15774648135076064
0.15763838799094232
0.15753203378299696
0.15742739397502803
0.1573244441076952
0.1572231600118238
0.15712351780602773
0.15702549389431641
0.15692906496371395
0.15683420798187087
0.15674090019468434
0.15664911912391533
0.15655884256480812
0.1564700485837185
0.15638271551573313
0.15629682196230787
0.15621234678889706
0.1561292691225904
0.1560475683497623
0.1559672241137129
0.1558882163123254
0.15581052509572624
0.1557341308639456
0.1556590142645904
0.15558515619052737
0.1555125377775629
0.15544114040213408
0.15537094567901644
0.15530193545902404
0.15523409182672843
0.1551673970981836
0.1551018338186605
0.15503738476038442
0.15497403292029144
0.15491176151778674
0.15485055399251324
0.15479039400213468
0.15473126542012816
0.1546731523335746
0.1546160390409801
0.15455991005009695
0.15450475007574915
0.154450544037681
0.15439727705841333
0.15434493446110542
0.15429350176743695
0.15424296469549625
0.15419330915767893
0.15414452125860711
0.15409658729304931
0.15404949374386379
0.15400322727994264
0.1539577747541815
0.15391312320145112
0.15386925983658395
0.15382617205238025
0.15378384741762086
0.15374227367509352
0.1537014387396317
0.15366133069617305
0.15362193779781974
0.15358324846392868
0.15354525127819718
0.15350793498677195
0.15347128849637448
0.15343530087243362
0.15339996133723244
0.15336525926807243
0.1533311841954519
0.15329772580125278
0.153264873916946
0.15323261852181347
0.15320094974117293
0.15316985784462922
0.15313933324433437
0.1531093664932648
0.15307994828349647
0.15305106944452718
0.1530227209415811
0.1529948938739386
0.15296757947328732
0.15294076910207988
0.15291445425190486
0.15288862654187518
0.15286327771703156
0.1528383996467556
0.15281398432320492
0.1527900238597476
0.15276651048943146
0.15274343656344724
0.1527207945496204
0.15269857703090883
0.1526767767039171
0.1526553863774257
0.152634398970934
0.15261380751321407
0.15259360514087972
0.15257378509697606
0.15255434072957097
0.152535265490367
0.15251655293333055
0.1524981967133271
0.1524801905847747
0.1524625284003065
0.15244520410945606
0.15242821175734633
0.15241154548339608
0.15239519952003777
0.15237916819145625
0.1523634459123292
0.1523480271865868
0.1523329066061868
0.15231807884989912
0.15230353868210056
0.15228928095159233
0.15227530059041994
0.15226159261270844
0.15224815211351672
0.15223497426769939
0.15222205432877434
0.15220938762781966
0.15219696957236828
0.15218479564531984
0.1521728614038652
0.15216116247842704
0.1521496945716011
0.15213845345712163
0.15212743497883807
0.15211663504968598
0.1521060496506984
0.15209567483000563
0.15208550670185828
0.15207554144565327
0.15206577530498466
0.15205620458669056
0.1520468256599199
0.15203763495521538
0.15202862896359004
0.15201980423563644
0.1520111573806321
0.15200268506565784
0.1519943840147321
0.1519862510079557
0.1519782828806573
0.151970476522565
0.1519628288769731
0.15195533693993157
0.1519479977594349
0.15194080843463376
0.15193376611504472
0.15192686799977573
0.1519201113367611
0.15191349342200622
0.15190701159884235
0.15190066325719043
0.15189444583283285
0.15188835680669943
0.1518823937041568
0.15187655409431178
0.15187083558932057
0.15186523584371392
0.15185975255371886
0.1518543834566023
0.1518491263300158
0.1518439789913525
0.15183893929710857
0.1518340051422612
0.15182917445964772
0.15182444521935257
0.15181981542811185
0.15181528312871595
0.151810846399424
0.15180650335338974
0.15180225213809173
0.15179809093477026
0.15179401795787661
0.15179003145452652
0.15178612970396266
0.15178231101702433
0.15177857373562453
0.1517749162322346
0.1517713369093815
0.15176783419913964
0.15176440656263912
0.1517610524895855
0.15175777049777273
0.1517545591326176
0.15175141696668948
0.15174834259925607
0.15174533465582762
0.15174239178771254
0.1517395126715807
0.15173669600903306
0.1517339405261704
0.15173124497317758
0.1517286081239101
0.1517260287754868
0.15172350574788795
0.15172103788356262
0.15171862404704106
0.15171626312454733
0.15171395402362275
0.15171169567276233
0.15170948702103804
0.15170732703774847
0.15170521471205334
0.15170314905263727
0.15170112908735878
0.15169915386290944
0.15169722244449024
0.15169533391547418
0.15169348737708843
0.15169168194809624
0.1516899167644823
0.15168819097914898
0.15168650376160908
0.15168485429769174
0.1516832417892452
0.15168166545385076
0.15168012452453983
0.15167861824951123
0.15167714589185877
0.1516757067292983
0.15167430005390592
0.15167292517185038
0.1516715814031423
0.15167026808137385
0.15166898455347333
0.151667730179462
0.15166650433220585
0.15166530639718634
0.1516641357722649
0.15166299186744814
0.15166187410467014
0.1516607819175686
0.15165971475125894
0.15165867206213213
0.1516576533176358
0.15165665799606876
0.1516556855863791
0.15165473558795828
0.15165380751045265
0.1516529008735611
0.15165201520685068
0.1516511500495682
0.15165030495045262
0.15164947946756058
0.1516486731680845
0.15164788562817522
0.15164711643278084
0.1516463651754658
0.15164563145825405
0.15164491489145882
0.151644215093532
0.15164353169089673
0.15164286431780216
0.15164221261616462
0.15164157623542185
0.15164095483238782
0.15164034807110405
0.15163975562270482
0.15163917716527264
0.15163861238370668
0.15163806096958232
0.15163752262102836
0.15163699704259104
0.1516364839451102
0.15163598304559311
0.15163549406709442
0.1516350167385948
0.15163455079488053
0.15163409597643362
0.15163365202931212
0.15163321870504254
0.1516327957605078
0.15163238295784132
0.15163198006432166
0.1516315868522664
0.1516312030989332
0.1516308285864184
0.15163046310155925
0.1516301064358384
0.15162975838528858
0.15162941875040048
0.15162908733603297
0.1516287639513213
0.15162844840958867
0.15162814052826745
0.1516278401288078
0.15162754703659498
0.1516272610808742
0.1516269820946654
0.15162670991468608
0.15162644438127837
0.1516261853383275
0.15162593263319557
0.1516256861166433
0.15162544564275982
0.15162521106889926
0.15162498225560261
0.1516247590665395
0.15162454136843706
0.15162432903102152
0.15162412192694408
0.15162391993173407
0.15162372292372617
0.15162353078400548
0.15162334339635086
0.15162316064717374
0.15162298242546568
0.1516228086227409
0.15162263913298446
0.15162247385259897
0.15162231268034942
0.15162215551731917
0.15162200226685474
0.15162185283451868
0.1516217071280428
0.15162156505727875
0.15162142653415545
0.15162129147263326
0.15162115978865653
0.15162103140011618
0.1516209062268029
0.15162078419036684
0.15162066521427864
0.15162054922378687
0.15162043614588405
0.1516203259092599
0.1516202184442731
0.1516201136829095
0.15162001155874671
0.15161991200691993
0.1516198149640875
0.15161972036839855
0.1516196281594545
0.15161953827828434
0.1516194506673071
0.15161936527030384
0.15161928203238473
0.15161920089996306
0.1516191218207248
0.15161904474359467
0.15161896961871835
0.15161889639742465
0.15161882503220914
0.15161875547669812
0.15161868768562992
0.15161862161482587
0.1516185572211669
0.1516184944625728
0.1516184332979712
0.15161837368728348
0.15161831559139394
0.15161825897213388
0.15161820379225677
0.1516181500154179
0.15161809760615386
0.15161804652986188
0.15161799675278254
0.15161794824197428
0.1516179009653026
0.15161785489141444
0.15161780998972274
0.15161776623039103
0.15161772358431236
0.1516176820230929
0.15161764151903856
0.15161760204513663
0.1516175635750363
0.1516175260830389
0.15161748954408072
0.15161745393371595
0.15161741922810412
0.15161738540399827
0.15161735243872443
0.15161732031017372
0.1516172889967886
0.15161725847754648
0.15161722873195027
0.15161719974001409
0.15161717148225262
0.1516171439396664
0.1516171170937345
0.15161709092639952
0.15161706542005893
0.1516170405575511
0.15161701632214897
0.15161699269754303
0.15161696966784266
0.1516169472175536
0.15161692533157511
0.15161690399518835
0.15161688319405053
0.1516168629141803
0.15161684314195423
0.15161682386409436
0.1516168050676613
0.15161678674004697
0.1516167688689639
0.15161675144244136
0.15161673444881318
0.1516167178767125
0.1516167017150668
0.15161668595308564
0.15161667058025585
0.1516166555863373
0.15161664096135397
0.1516166266955854
0.15161661277956406
0.15161659920406756
0.15161658596011118
0.1516165730389445
0.1516165604320454
0.15161654813111047
0.15161653612805492
0.15161652441500317
0.15161651298428735
0.1516165018284371
0.15161649094017748
0.1516164803124278
0.15161646993828937
0.15161645981104377
0.1516164499241528
0.15161644027124677
0.15161643084612597
0.15161642164275146
0.15161641265524706
0.15161640387788833
0.15161639530510407
0.15161638693146962
0.15161637875170564
0.15161637076066958
0.15161636295335823
0.15161635532490125
0.1516163478705569
0.15161634058570872
0.15161633346586412
0.1516163265066529
0.1516163197038165
0.1516163130532141
0.15161630655081426
0.15161630019269412
0.15161629397503484
0.15161628789412107
0.15161628194633758
0.15161627612816464
0.1516162704361782
0.15161626486704682
0.15161625941752865
0.15161625408446977
0.15161624886479874
0.15161624375553073
0.15161623875375996
0.15161623385665912
0.15161622906147876
0.15161622436554179
0.15161621976624506
0.1516162152610564
0.15161621084751287
0.1516162065232166
0.1516162022858376
0.15161619813310612
0.15161619406281945
0.1516161900728279
0.15161618616104766
0.15161618232544616
0.15161617856404952
0.15161617487493728
0.15161617125624227
0.15161616770614506
0.15161616422288182
0.15161616080473317
0.1516161574500261
0.15161615415713692
0.15161615092448333
0.15161614775053056
0.15161614463378104
0.15161614157278247
0.15161613856612066
0.1516161356124216
0.15161613271034613
0.15161612985859785
0.15161612705591
0.1516161243010532
0.15161612159283366
0.1516161189300882
0.1516161163116877
0.1516161137365316
0.15161611120355378
0.15161610871171416
0.151616106260002
0.15161610384743573
