0.8064824367943898
0.7267463459961154
0.7257720721335126
0.7247952805610385
0.7238162965213786
0.7228352124267887
0.7218520574595592
0.7208668367824975
0.7198795446370536
0.7188901697729355
0.7178986980530464
0.7169051138457785
0.7159094008348517
0.7149115425238
0.7139115225684893
0.7129093250066278
0.7119049344221076
0.7108983360660026
0.7098895159473553
0.7088784609019925
0.7078651586447273
0.7068495978085569
0.7058317679733841
0.7048116596861003
0.703789264473409
0.7027645748484728
0.7017375843122557
0.7007082873502926
0.6996766794255023
0.6986427569675983
0.6976065173595742
0.6965679589216993
0.6955270808934167
0.6944838834135036
0.6934383674988125
0.6923905350218889
0.6913403886877381
0.6902879320099732
0.6892331692865641
0.6881761055753843
0.6871167466697201
0.6860550990739002
0.68499116997917
0.6839249672399307
0.6828564993504358
0.6817857754220245
0.6807128051609671
0.6796375988469656
0.6785601673123589
0.6774805219220617
0.6763986745542596
0.6753146375818722
0.6742284238547915
0.6731400466828972
0.6720495198198375
0.6709568574475682
0.6698620741616371
0.6687651849571894
0.6676662052156768
0.6665651506922468
0.6654620375037876
0.6643568821175969
0.6632497013406584
0.6621405123094837
0.6610293324805048
0.6599161796209798
0.65880107180039
0.6576840273822961
0.6565650650166328
0.6554442036324042
0.6543214624307736
0.6531968608784984
0.6520704187017106
0.6509421558800004
0.6498120926407982
0.6486802494540189
0.64754664702696
0.6464113062994277
0.6452742484390794
0.6441354948369624
0.642995067103227
0.6418529870630159
0.6407092767524973
0.6395639584150405
0.6384170544975156
0.6372685876467117
0.6361185807058571
0.634967056711232
0.6338140388888722
0.6326595506513428
0.6315036155945868
0.6303462574948258
0.6291875003055258
0.6280273681544006
0.6268658853404658
0.6257030763311209
0.6245389657592701
0.6233735784204655
0.6222069392700746
0.6210390734204674
0.6198700061382132
0.6186997628412996
0.6175283690963502
0.6163558506158544
0.6151822332553998
0.6140075430109053
0.612831806015856
0.6116550485385324
0.6104772969792398
0.6092985778675297
0.6081189178594164
0.6069383437345828
0.6057568823935848
0.6045745608550352
0.6033914062527888
0.6022074458331088
0.6010227069518228
0.5998372170714734
0.5986510037584456
0.5974640946800904
0.5962765176018341
0.5950883003842713
0.5938994709802472
0.59271005743193
0.5915200878678626
0.5903295905000105
0.5891385936207909
0.5879471256000908
0.586755214882277
0.5855628899831857
0.5843701794871077
0.5831771120437625
0.581983716365255
0.5807900212230275
0.5795960554448019
0.5784018479115061
0.5772074275541992
0.5760128233509842
0.5748180643239105
0.5736231795358708
0.5724281980874961
0.5712331491140323
0.5700380617822245
0.5688429652871854
0.5676478888492633
0.5664528617109088
0.5652579131335311
0.5640630723943569
0.5628683687832883
0.5616738315997514
0.5604794901495518
0.5592853737417292
0.558091511685407
0.5568979332866462
0.5557046678453039
0.5545117446518908
0.5533191929844317
0.552127042105329
0.5509353212582386
0.5497440596649388
0.548553286522212
0.5473630309987343
0.5461733222319711
0.5449841893250738
0.5437956613437969
0.5426077673134151
0.5414205362156546
0.540233996985634
0.5390481785088168
0.5378631096179749
0.5366788190901657
0.5354953356437215
0.5343126879352551
0.5331309045566781
0.5319500140322335
0.530770044815545
0.5295910252866862
0.5284129837492619
0.5272359484275093
0.5260599474634187
0.5248850089138706
0.5237111607477936
0.5225384308433456
0.52136684698511
0.5201964368613192
0.5190272280610915
0.5178592480717044
0.5166925242758735
0.5155270839490718
0.5143629542568604
0.5132001622522515
0.5120387348730937
0.5108786989394831
0.5097200811511988
0.5085629080851715
0.5074072061929715
0.5062530017983269
0.5051003210946752
0.5039491901427349
0.5027996348681119
0.5016516810589342
0.5005053543635136
0.4993606802880418
0.4982176841943162
0.4970763912974916
0.4959368266638722
0.4947990152087296
0.49366298169415235
0.4925287507269286
0.4913963467564665
0.49026579407274185
0.48913711680427796
0.48801033891616796
0.48688548420812006
0.4857625763125465
0.48464163869268007
0.48352269464072883
0.48240576727606743
0.48129087954345673
0.480178054211307
0.4790673138699735
0.47795868093008564
0.47685217762091425
0.4757478259887735
0.47464564789546493
0.4735456650167488
0.4724478988408568
0.4713523706670427
0.47025910160416773
0.4691681125693232
0.4680794242864873
0.46699305728522467
0.46590903189942023
0.46482736826604765
0.4637480863239768
0.4626712058128196
0.46159674627181435
0.46052472703873937
0.4594551672488748
0.4583880858339907
0.45732350152138224
0.4562614328329344
0.45520189808422706
0.4541449153836755
0.45309050263171036
0.4520386775199903
0.45098945753065534
0.449942859935614
0.4488989017958671
0.4478575999608715
0.44681897106793245
0.44578303154164145
0.44474979759334055
0.44371928522062876
0.442691510206905
0.4416664881209378
0.44064423431648103
0.43962476393191374
0.4386080918899271
0.4375942328972343
0.43658320144432117
0.4355750118052296
0.4345696780373739
0.4335672139813893
0.4325676332610231
0.43157094928304296
0.43057717523719075
0.42958632409616593
0.4285984086156379
0.4276134413342927
0.4266314345739155
0.42565240043949204
0.4246763508193562
0.4237032973853593
0.42273325159307196
0.4217662246820163
0.42080222767592657
0.4198412713830407
0.41888336639642454
0.41792852309431316
0.41697675164049797
0.41602806198472375
0.4150824638631291
0.4141399667987006
0.4132005801017665
0.41226431287050835
0.41133117399150154
0.4104011721402844
0.4094743157819457
0.40855061317174723
0.407630072355763
0.4067127011715449
0.40579850724881783
0.4048874980101881
0.4039796806718844
0.40307506224451595
0.4021736495338589
0.4012754491416556
0.40038046746644607
0.3994887107044115
0.39860018485024706
0.3977148956980453
0.3968328488422128
0.39595404967839076
0.39507850340440875
0.39420621502124875
0.3933371893340343
0.3924714309530256
0.39160894429465254
0.3907497335825406
0.38989380284857766
0.3890411559339767
0.3881917964903693
0.3873457279809034
0.38650295368137033
0.3856634766813315
0.3848272998852671
0.38399442601374345
0.3831648576045853
0.38233859701406325
0.3815156464181003
0.3806960078134841
0.379879683019094
0.3790666736771414
0.37825698125441864
0.37745060704356037
0.37664755216431656
0.3758478175648311
0.3750514040229399
0.37425831214746696
0.3734685423795371
0.3726820949938988
0.3718989701002472
0.37111916764456154
0.37034268741045284
0.369569529020512
0.3687996919376676
0.36803317546655434
0.36726997875488077
0.3665101007948114
0.36575354042434527
0.36500029632870745
0.3642503670417434
0.3635037509473127
0.36276044628070025
0.36202045113001347
0.36128376343760193
0.3605503810014644
0.359820301476672
0.35909352237678294
0.35837004107527104
0.357649854806945
0.35693296066937974
0.3562193556243457
0.3555090364992317
0.3548019999884876
0.35409824265504564
0.3533977609317588
0.3527005511228367
0.35200660940527106
0.35131593183027165
0.3506285143247051
0.34994435269251556
0.34926344261616615
0.3485857796580597
0.34791135926197503
0.3472401767544865
0.3465722273463946
0.34590750613414445
0.34524600810124917
0.34458772811970373
0.3439326609514052
0.34328080124956084
0.34263214356009697
0.34198668232306917
0.3413444118740575
0.3407053264455703
0.3400694201684339
0.3394366870731881
0.3388071210914665
0.33818071605738187
0.3375574657089012
0.33693736368921645
0.33632040354811643
0.33570657874334053
0.33509588264194057
0.33448830852163536
0.3338838495721448
0.3332824988965406
0.3326842495125746
0.3320890943540076
0.33149702627193
0.3309080380360806
0.3303221223361493
0.3297392717830867
0.329159478910393
0.3285827361754118
0.3280090359606094
0.3274383705748489
0.32687073225466445
0.32630611316551394
0.32574450540303435
0.3251859009942929
0.32463029189901926
0.3240776700108402
0.32352802715850093
0.32298135510708226
0.32243764555920607
0.32189689015623646
0.3213590804794747
0.3208242080513358
0.3202922643365306
0.3197632407432298
0.3192371286242258
0.31871391927808224
0.31819360395027585
0.3176761738343309
0.31716162007294857
0.3166499337591189
0.316141105937232
0.315635127604181
0.31513198971044776
0.3146316831611923
0.31413419881732096
0.31363952749655566
0.3131476599744908
0.31265858698564
0.31217229922447487
0.31168878734645755
0.3112080419690578
0.3107300536727733
0.3102548130021253
0.30978231046665894
0.3093125365419275
0.308845481670469
0.30838113626277563
0.30791949069825286
0.30746053532616946
0.30700426046659857
0.3065506564113515
0.3060997134248997
0.3056514217452925
0.305205771585057
0.3047627531321052
0.3043223565506089
0.3038845719818898
0.30344938954528633
0.3030167993390124
0.3025867914410133
0.3021593559098088
0.3017344827853262
0.30131216208972955
0.3008923838282366
0.30047513798992365
0.3000604145485323
0.29964820346325416
0.29923849467951813
0.29883127812976207
0.2984265437342013
0.2980242814015782
0.29762448102992156
0.29722713250727706
0.29683222571244183
0.29643975051569027
0.296049696779483
0.29566205435917914
0.29527681310372633
0.29489396285636127
0.2945134934552792
0.29413539473431516
0.2937596565236058
0.29338626865024586
0.29301522093893995
0.2926465032126372
0.2922801052931704
0.2919160170018774
0.2915542281602175
0.29119472859037965
0.2908375081158908
0.2904825565621959
0.29012986375725613
0.2897794195321204
0.28943121372149694
0.28908523616431536
0.2887414767042835
0.28839992519043245
0.2880605714776596
0.2877234054272587
0.28738841690744954
0.28705559579389084
0.2867249319701961
0.2863964153284333
0.2860700357696224
0.2857457832042294
0.28542364755264493
0.2851036187456574
0.2847856867249271
0.284469841443446
0.28415607286599076
0.2838443709695756
0.2835347257438863
0.2832271271917244
0.2829215653294269
0.28261803018729603
0.2823165118100043
0.2820170002570155
0.28171948560297766
0.2814239579381237
0.2811304073686576
0.2808388240171459
0.2805491980228835
0.2802615195422735
0.279975778749192
0.2796919658353435
0.2794100710106161
0.2791300845034296
0.2788519965610762
0.27857579745005767
0.2783014774564133
0.2780290268860437
0.2777584360650329
0.27748969533995893
0.27722279507820324
0.27695772566825017
0.2766944775199862
0.2764330410649888
0.2761734067568171
0.275915565071287
0.2756595065067482
0.2754052215843591
0.27515270084834675
0.2749019348662709
0.27465291422927385
0.2744056295523375
0.27416007147452415
0.27391623065922077
0.2736740977943679
0.2734336635927005
0.273194918791964
0.27295785415514473
0.2727224604706818
0.27248872855268047
0.2722566492411197
0.2720262134020589
0.27179741192783224
0.27157023573724715
0.27134467577577304
0.2711207230157284
0.270898368456462
0.2706776031245285
0.27045841807386717
0.2702408043859691
0.2700247531700407
0.2698102555631666
0.2695973027304701
0.26938588586526013
0.2691759961891904
0.2689676249523969
0.2687607634336445
0.2685554029404661
0.2683515348092932
0.26814915040559206
0.2679482411239893
0.2677487983883956
0.2675508136521262
0.2673542783980193
0.267159184138548
0.26696552241593385
0.2667732848022495
0.2665824628995238
0.26639304833984623
0.2662050327854567
0.26601840792884646
0.2658331654928432
0.2656492972307064
0.26546679492620007
0.2652856503936878
0.265105855478204
0.26492740205552845
0.26475028203226225
0.2645744873458976
0.2644000099648842
0.2642268418886925
0.264054975147875
0.2638844018041292
0.26371511395034763
0.2635471037106756
0.26338036324056013
0.26321488472679766
0.26305066038757874
0.2628876824725368
0.2627259432627801
0.26256543507093777
0.2624061502411895
0.26224808114929943
0.26209122020265363
0.2619355598402796
0.2617810925328762
0.2616278107828416
0.2614757071242876
0.2613247741230653
0.2611750043767781
0.26102639051480037
0.26087892519828493
0.2607326011201828
0.2605874110052443
0.26044334761002685
0.26030040372290575
0.2601585721640699
0.2600178457855259
0.2598782174710964
0.2597396801364189
0.25960222672893574
0.25946585022789603
0.25933054364433783
0.25919630002108407
0.2590631124327286
0.2589309739856228
0.25879987781785774
0.25866981709925085
0.2585407850313235
0.2584127748472843
0.2582857798120014
0.25815979322198535
0.25803480840535975
0.2579108187218312
0.257787817562671
0.25766579835067516
0.2575447545401387
0.2574246796168197
0.25730556709790753
0.2571874105319846
0.2570702034989939
0.2569539396101961
0.25683861250812756
0.25672421586656957
0.2566107433904944
0.2564981888160264
0.2563865459104008
0.25627580847191067
0.25616597032986155
0.25605702534452845
0.2559489674070976
0.25584179043961985
0.2557354883949582
0.2556300552567373
0.2555254850392803
0.25542177178756365
0.2553189095771561
0.25521689251415813
0.2551157147351485
0.25501537040712163
0.2549158537274282
0.25481715892371204
0.25471928025385004
0.2546222120058834
0.25452594849796206
0.2544304840782704
0.2543358131249639
0.25424193004610485
0.2541488292795898
0.25405650529308454
0.2539649525839479
0.2538741656791742
0.2537841391353043
0.25369486753836756
0.25360634550380157
0.2535185676763829
0.25343152873014674
0.253345223368317
0.2532596463232287
0.2531747923562516
0.25309065625770877
0.2530072328468046
0.25292451697154494
0.2528425035086542
0.2527611873634945
0.25268056346999357
0.2526006267905544
0.2525213723159784
0.25244279506537903
0.2523648900861031
0.2522876524536447
0.2522110772715611
0.25213515967138844
0.25205989481255564
0.2519852778823023
0.25191130409558704
0.2518379686950035
0.2517652669506951
0.2516931941602617
0.2516217456486797
0.25155091676820496
0.2514807028982893
0.2514110994454887
0.2513421018433756
0.251273705552443
0.2512059060600237
0.2511386988801876
0.25107207955365973
0.2510060436477225
0.25094058675612796
0.2508757044990032
0.25081139252275253
0.2507476464999764
0.2506844621293641
0.2506218351356102
0.2505597612693172
0.2504982363068994
0.25043725605048917
0.2503768163278407
0.2503169129922421
0.25025754192240945
0.2501986990223982
0.2501403802215014
0.25008258147416285
0.25002529875987156
0.2499685280830687
0.24991226547305068
0.24985650698387385
0.24980124869425335
0.2497464867074699
0.2496922171512681
0.24963843617776293
0.24958513996333975
0.2495323247085549
0.24947998663804327
0.24942812200040987
0.2493767270681414
0.24932579813750244
0.2492753315284406
0.24922532358447913
0.24917577067263075
0.24912666918329007
0.24907801553013387
0.24902980615002812
0.24898203750292247
0.2489347060717565
0.2488878083623568
0.24884134090333998
0.2487953002460067
0.24874968296425493
0.24870448565446568
0.24865970493541678
0.2486153374481722
0.24857137985599043
0.24852782884422153
0.24848468112020916
0.2484419334131852
0.24839958247418092
0.24835762507591552
0.24831605801270717
0.24827487810036641
0.24823408217609766
0.24819366709840385
0.24815362974698163
0.24811396702262545
0.24807467584712573
0.24803575316317572
0.24799719593425973
0.2479590011445696
0.24792116579889167
0.2478836869225184
0.24784656156114238
0.24780978678075982
0.2477733596675744
0.24773727732789042
0.24770153688802565
0.24766613549420446
0.24763107031246268
0.2475963385285459
0.24756193734781773
0.24752786399515714
0.24749411571485558
0.2474606897705337
0.24742758344502847
0.24739479404030462
0.2473623188773525
0.2473301552960948
0.24729830065528635
0.24726675233241957
0.24723550772362257
0.24720456424356907
0.2471739193253798
0.24714357042052104
0.2471135149987168
0.24708375054784637
0.2470542745738511
0.24702508460063777
0.24699617816998298
0.24696755284143945
0.2469392061922414
0.2469111358172018
0.24688333932863227
0.24685581435623183
0.2468285585470077
0.24680156956516797
0.24677484509203573
0.24674838282595635
0.24672218048219785
0.24669623579285982
0.24667054650678366
0.24664511038945358
0.24661992522291198
0.24659498880565733
0.24657029895256033
0.24654585349476765
0.24652165027961048
0.246497687170513
0.24647396204690197
0.24645047280411447
0.24642721735330986
0.24640419362137556
0.24638139955083682
0.24635883309977047
0.24633649224171095
0.24631437496556263
0.24629247927550857
0.24627080319092665
0.24624934474629268
0.2462281019911
0.24620707298976396
0.2461862558215372
0.24616564858042478
0.2461452493750914
0.24612505632877546
0.24610506757920492
0.24608528127850804
0.24606569559312585
0.24604630870373023
0.24602711880513184
0.2460081241062021
0.24598932282977914
0.24597071321259156
0.245952293505168
0.2459340619717515
0.2459160168902198
0.2458981565520011
0.24588047926198797
0.2458629833384478
0.2458456671129592
0.2458285289303057
0.2458115671484098
0.24579478013824485
0.2457781662837516
0.24576172398176122
0.24574545164190764
0.24572934768655486
0.24571341055070706
0.24569763868193661
0.2456820305402979
0.2456665845982524
0.24565129934058183
0.24563617326431852
0.24562120487866013
0.2456063927048926
0.2455917352763124
0.24557723113814767
0.2455628788474814
0.24554867697317462
0.2455346240957882
0.24552071880750337
0.24550695971205638
0.24549334542464674
0.2454798745718728
0.24546654579165317
0.2454533577331489
0.24544030905669312
0.24542739843371464
0.24541462454666185
0.24540198608893038
0.24538948176479058
0.2453771102893153
0.2453648703883008
0.24535276079820223
0.24534078026605444
0.24532892754940638
0.24531720141624402
0.24530560064491969
0.24529412402408723
0.24528277035262225
0.24527153843955718
0.2452604271040122
0.24524943517512232
0.24523856149196932
0.24522780490351204
0.24521716426851714
0.2452066384554965
0.24519622634262583
0.2451859268176939
0.2451757387780219
0.24516566113040295
0.2451556927910311
0.24514583268543932
0.24513607974842822
0.24512643292400538
0.24511689116531665
0.24510745343458085
0.2450981187030279
0.24508888595082823
0.2450797541670361
0.24507072234952032
0.2450617895049021
0.2450529546484912
0.24504421680422528
0.24503557500460482
0.24502702829063117
0.24501857571174723
0.24501021632577002
0.245001949198834
0.24499377340533035
0.24498568802784337
0.24497769215709175
0.24496978489186827
0.24496196533897907
0.24495423261318539
0.24494658583714468
0.24493902414135238
0.2449315466640769
0.24492415255131306
0.24491684095671362
0.24490961104153897
0.24490246197459242
0.24489539293217266
0.24488840309800886
0.24488149166320905
0.24487465782620255
0.24486790079268428
0.2448612197755592
0.24485461399488828
0.24484808267783176
0.24484162505859886
0.24483524037838722
0.2448289278853356
0.2448226868344644
0.24481651648762792
0.24481041611345822
0.2448043849873125
0.24479842239122274
0.24479252761384285
0.24478669995039448
0.24478093870261863
0.24477524317872568
0.24476961269334063
0.24476404656745154
0.24475854412837006
0.24475310470966927
0.24474772765113684
0.24474241229873195
0.24473715800452933
0.24473196412667308
0.2447268300293297
0.24472175508263783
0.24471673866266042
0.24471178015133976
0.24470687893644716
0.24470203441153915
0.2446972459759058
0.24469251303452955
0.24468783499803914
0.24468321128265724
0.24467864131016237
0.24467412450784165
0.24466966030844395
0.24466524815013446
0.2446608874764561
0.24465657773627836
0.24465231838375734
0.24464810887829325
0.24464394868448458
0.24463983727208338
0.2446357741159586
0.24463175869605047
0.24462779049732608
0.2446238690097401
0.24461999372819354
0.24461616415249032
0.24461237978730066
0.24460864014211214
0.24460494473119798
0.2446012930735728
0.24459768469295018
0.24459411911770923
0.24459059588084908
0.24458711451995285
0.24458367457714836
0.2445802755990688
0.24457691713681518
0.2445735987459169
0.2445703199862962
0.2445670804222272
0.2445638796223023
0.24456071715939265
0.24455759261060972
0.24455450555727387
0.244551455584875
0.2445484422830334
0.24454546524546872
0.2445425240699648
