0.9997066483595719
0.9996850761354182
0.9996659867481806
0.9996444539398727
0.9996201765565559
0.9995929910154223
0.9995627379453517
0.999529151469165
0.9994922182936611
0.9994512042626178
0.9994058261699754
0.9993559362521691
0.9993010363575574
0.9992401544066232
0.9991739571875486
0.9991020805344398
0.9990237394748773
0.9989380413384921
0.9988459661218696
0.9987467359375469
0.9986396517124037
0.9985243336725816
0.998400966612898
0.9982689385330528
0.9981280282967074
0.9979782074733523
0.9978177072838212
0.9976451179613726
0.9974619821307991
0.9972667588593542
0.9970578438585171
0.9968345736346941
0.9965981083652891
0.9963481394086692
0.9960829290206079
0.9958021689030037
0.995507066854834
0.9951976205485222
0.9948736331367384
0.9945307926301685
0.9941722733066332
0.9937988613308686
0.9934088290095069
0.9930013872832745
0.9925778446910873
0.9921392813371764
0.9916857079101163
0.9912161539324928
0.9907273046062435
0.9902247534068385
0.9897074794788574
0.9891731871898175
0.9886259552536338
0.9880695189553544
0.9874969088811106
0.9869089015662609
0.9863142027289925
0.985706401907916
0.9850877660004307
0.9844655309357108
0.9838415624486511
0.9832069408063763
0.9825633370008315
0.9819161106470109
0.9812805967520492
0.9806468736960102
0.9800048876824908
0.9793447796991797
0.9786846793140115
0.9780174549798055
0.9773515291279744
0.9766884809689358
0.9760289290353663
0.9753740235281937
0.9747058807686864
0.9740406762823831
0.973387508651774
0.9727424130013613
0.972099665396619
0.9714619473504023
0.9708417440139114
0.9702466508631838
0.9696517296577123
0.9690419052212002
0.9684498117501983
0.967878168079928
0.9673199734293801
0.966781436098493
0.9662465186888021
0.9657224755296742
0.9652039229190151
0.964678139092159
0.9641657468965938
0.9636647583326696
0.9632040247481825
0.9627595034603992
0.9623201769916935
0.9618985802313282
0.9614988783809391
0.9611212713895272
0.9607521601085998
0.9604098565262805
0.9601003906720228
0.9597894604718109
0.9594993160258909
0.959231780331923
0.9589531062089622
0.9586640887146164
0.9583788359785321
0.9581116047635763
0.9578503323482626
0.957619395651614
0.9574022443558893
0.9572039390318907
0.9569932301673314
0.9568015348860167
0.9566084524084598
0.9564024023501979
0.956210702886323
0.9560195181781732
0.9558537069734769
0.9556962063279986
0.9555365965740001
0.955394105289563
0.9552630890180854
0.9551058113045926
0.954947080410375
0.9548022992208833
0.954643042250825
0.9545025797990738
0.9543920864142212
0.9542725797447185
0.9541594918700478
0.9540524936637172
0.9539895605812339
0.9538984220569482
0.9538008896356908
0.9536929901458269
0.9535767564225749
0.9534695593622955
0.9533592040452747
0.9532658857361275
0.9531815713798377
0.9530466286271368
0.9529157300661246
0.95279643379968
0.952685069913376
0.9525742892671997
0.9524693898710184
0.9523790931960499
0.9523027236539429
0.9522521219269692
0.9521951431541551
0.9521616528836376
0.9521092306011284
0.9520492455859039
0.951987432667463
0.9519658686191199
0.9519212422642067
0.9518805807615133
0.9518345438777022
0.951822668207555
0.9517723645954006
0.951710412646271
0.9516818706987432
0.9516545231788108
0.9516413410443758
0.951631148079042
0.9516176425681884
0.9516105887397168
0.951600223883244
0.9516073029545316
0.9516286925272633
0.9516131231558668
0.9516010929047392
0.9515972437579707
0.951603379450589
0.9516350611354787
0.9516634551499653
0.9516688240321477
0.9516491722495654
0.9516476130974552
0.9516374069634195
0.9516324678780311
0.9516457229984543
0.951653383725585
0.9516806141235999
0.9516893535564653
0.9517008372536279
0.9517009884202117
0.9517175428988324
0.9517333502411456
0.9517729628929902
0.9517932027669478
0.9517860308324086
0.9517685763975336
0.9517859702020399
0.9517843793946023
0.9518046682372013
0.9518080116571526
