0.8787278853310422
0.8727271603335571
0.8684235035185452
0.8640432198977092
0.8595726066237966
0.85501599418046
0.8503769891585589
0.8456581772338724
0.8408616360355543
0.8359891879408688
0.8310425359609732
0.8260233415630613
0.8209332710584015
0.8157740239071961
0.8105473501235138
0.8052550608513585
0.7998990344779685
0.7944812196000648
0.7890027836223796
0.7834666796963616
0.7778750606050591
0.7722301309068985
0.7665341241550844
0.7607892630826247
0.7549976912311155
0.7491613567294428
0.7432818159681274
0.7373599043570593
0.7313951939795174
0.725385143921581
0.7193239439829872
0.71320155308295
0.7070047695374362
0.7007232015892653
0.6943584169007143
0.687926173690214
0.6814485641767216
0.6749461111590611
0.6684352574994865
0.6619289717500371
0.6554379317204253
0.6489714267011695
0.6425379097529161
0.6361453054031042
0.6298011696758993
0.6235127652557524
0.6172870887262372
0.6111308710794895
0.6050505637083672
0.5990523170442468
0.593141956144278
0.5873249558808166
0.5816064174049007
0.5759910469519142
0.5704831376701287
0.5650865548925257
0.5598047250892952
0.5546406286043299
0.5495967961777177
0.5446753091781993
0.5398778034090888
0.5352054763047253
0.5306590972995591
0.5262390211266665
0.5219452037851033
0.5177772209045676
0.5137342882298633
0.5098152839451802
0.5060187725579568
0.5023430300628542
0.4987860701072661
0.4953456708802169
0.4920194024462947
0.4888046542457373
0.48569866248166615
0.482698537116987
0.47980128820803725
0.4770038513112924
0.47430311171469586
0.4716959272674446
0.46917914961164275
0.4667496436555767
0.4644043051701131
0.4621400764346798
0.45995395990486304
0.45784302991703846
0.45580444248410085
0.45383544326827036
0.4519127345814268
0.45005377100004257
0.44825641761468926
0.44651861086856864
0.4448383595090058
0.44321374494507887
0.44164292108086695
0.44012411367746607
0.43865561928409846
0.4372358037699031
0.4358631004835145
0.4345360080669331
0.43325308795280937
0.4320129615791829
0.4308143073619367
0.4296558574717273
0.4285363944680572
0.4274547478476753
0.4264097905671605
0.4254004355999883
0.4244256325865576
0.4234843646316555
0.4225756452979173
0.42169851583638196
0.4208520426866857
0.42003531527024274
0.41924744409036596
0.41848755914412916
0.41775480864214704
0.4170483580247001
0.41636738925588784
0.41571110037193565
0.41507870525544155
0.41446943360423805
0.4138825310616387
0.413317259474036
0.41277289724203825
0.4122487397324402
0.4117440997202041
0.4112583078321227
0.4107907129668325
0.41034068266920065
0.4099076034406885
0.40949088097100145
0.4090899402800333
0.40870422576273513
0.4083332011329756
0.4079763492656573
0.40763317193924853
0.4073031894834328
0.40698594033875923
0.406680980536947
0.4063878831118867
0.40610623745237334
0.4058356486082182
0.4055757365616647
0.40532613547596985
0.4050864929326908
0.404856469168621
0.4046357363225528
0.4044239777010828
0.40422088707161413
0.40402616798955937
0.40383953316554205
0.40366070387718955
0.4034894094289065
0.40332538666186535
0.40316837951535756
0.4030181386396306
0.4028744210594237
0.40273698988658685
0.40260561407946943
0.40248006824616095
0.4023601324881808
0.40224559228084233
0.40213623838623874
0.4020318667946318
0.40193227868993997
0.40183728043502437
0.40174668357255766
0.40166030483738985
0.40157796617654373
0.4014994947732078
0.4014247230713905
0.4013534887982162
0.4012856349811855
0.4012210099580811
0.40115946737756075
0.40110086618885366
0.40104507061933053
0.4009919501390754
0.40094137941192265
0.40089323823274337
0.40084741145105807
0.40080378888132656
0.4007622652005062
0.40072273983368156
0.4006851168287524
0.4006493047213098
0.4006152163909544
0.40058276891039146
0.40055188338869185
0.40052248481013614
0.4004945018700561
0.40046786680905877
0.40044251524696944
0.4004183860177639
0.4003954210066635
0.4003735649904746
0.4003527654821373
0.4003329725803243
0.40031413882480993
