0.9987933784596954
0.9987408021098574
0.9986970404881739
0.998649000092626
0.9985979642312888
0.9985433821810079
0.9984852127664273
0.9984235319748082
0.9983583282334992
0.9982894116529276
0.9982157444994281
0.9981376395027827
0.9980557034577515
0.9979693940731376
0.9978774166899915
0.9977812521150582
0.997680585150605
0.9975736710761323
0.9974581623422687
0.9973348608873804
0.9972025238754931
0.9970647437140313
0.9969204223293315
0.9967692854698859
0.9966103219414526
0.9964425702069888
0.9962685680608634
0.9960843550648573
0.9958888908253395
0.9956830807499445
0.9954697398710846
0.995244211755058
0.9950103339678357
0.9947677043032215
0.9945090397709211
0.9942413383395652
0.9939617046856766
0.993673116309377
0.9933770016854088
0.9930714896909114
0.9927473974817477
0.992415645052668
0.9920707149521814
0.9917188157038124
0.9913655839832021
0.990996758961778
0.9906257407283302
0.9902523964413876
0.989873058298482
0.9894875673243153
0.9890961214091085
0.9886857829163018
0.9882662074245887
0.9878423741271644
0.9874094022189336
0.9869802968534882
0.9865508857289584
0.9861130274458304
0.985671567226491
0.9852284362519915
0.984776135913097
0.9843160271732833
0.9838594520828812
0.9833998537964871
0.9829403854896417
0.982483191210727
0.9820331143734597
0.9815912522831284
0.9811495301434935
0.9807123491933365
0.9802858005130486
0.9798733682661025
0.9794657851513028
0.979057078133434
0.978660013764308
0.9782789490625294
0.9779161759187012
0.9775658172554547
0.9772055192187298
0.9768286964826671
0.9764558750939123
0.9760830348141868
0.9757306838778884
0.9753807184854594
0.9750382892351878
0.9747076301323235
0.9744096596940535
0.9741177193485604
0.9738461778001835
0.9735785199270337
0.9733391909452683
0.9730752907727318
0.9728322835618184
0.9725586286670064
0.9723096217342531
0.9720706534927989
0.9718430770178322
0.9715913151892445
0.9713251813425298
0.9710766574675772
0.9708263157674011
0.9706029871584314
0.9704037135754758
0.9701920342852093
0.9699938397485028
0.9698096104775321
0.9696451679631661
0.9694669793159764
0.9693326317924686
0.9692523984168703
0.9691089017784096
0.9689394911139241
0.9687776815528181
0.9686435847020027
0.9685419674162838
0.9684571658089085
0.9683395777742977
0.9682241080320525
0.9681299928333124
0.9680720932483236
0.9680514575746114
0.9680110938625246
0.9679547023388918
0.9679022664523946
0.9678335955750412
0.9677700430898741
0.9677054732845355
0.9676570424937155
0.9676373838873511
0.9676239132379187
0.9676351955413127
0.967613314202069
0.9676001388380213
0.9676019308576548
0.9675937870767255
0.9675871716245632
0.967598181458061
0.9676066317545964
0.967598114510817
0.967588961505557
0.9676023071557036
0.9675967864306894
0.9676126142391172
0.9676314227304106
0.9676633102736675
0.967686209763861
0.9677053719651905
0.9677047107984851
0.9676749021095434
0.9676265033840589
0.9675821087860694
0.9675493137090996
0.9675402064115839
0.9675476846794726
0.9675858353218035
0.9676469589068972
0.9676815323145733
0.9676811939175484
0.9676454544275391
0.9676434930343433
0.9676535713777462
0.9676751495296061
0.9677097970804622
0.9677287869870376
0.9677409723022818
0.9677387434875917
0.9677245782742386
0.9677114803592708
0.9677048807197598
0.9676892566031909
0.9677077666121658
0.9677015062221913
0.9677155350613534
0.9677155887005848
0.9677101229272812
0.967726313201967
0.967755727702677
0.9677716039625254
0.9677965139282756
0.9678404602113515
0.9678428896703328
0.9678259547708927
0.9678021928626056
0.9677946904692089
0.967789703461654
0.9677951915589673
0.9678083356184967
0.9678114653759776
0.9678340410634519
0.9678409309653558
0.967842653719769
0.967837295796097
0.9678257756610816
0.96782059446095
0.9678199933048467
0.9678326106317754
0.9678556565224418
0.9678652933976762
0.9678801235961959
0.9678858772081667
