0.8400125237737447
0.9667174053225871
0.9651830652414813
0.9634635955927471
0.9615811075200048
0.9595319079414171
0.9573075427181967
0.9548972325963286
0.952288568346302
0.9494678080222965
0.9464200287176117
0.9431292165347529
0.939578331021606
0.9357493624076767
0.931623392132951
0.9271806634005831
0.9224006665421715
0.9172622428964103
0.9117437102187732
0.9058230121355937
0.8994778937086245
0.8926861047156761
0.8854256317365521
0.8776749595344749
0.8694133615254633
0.8606212183238362
0.8512803624407622
0.8413744462014987
0.8308893288503196
0.8198134776528564
0.8081383766148101
0.7958589352533709
0.7829738887308222
0.7694861796436504
0.75540331091554
0.7407376586329439
0.7255067333520593
0.7097333784574469
0.6934458946194135
0.6766780803217896
0.6594691798393668
0.6418637319389733
0.6239113149385846
0.6056661865349884
0.587186819922465
0.5685353410632372
0.5497768753989545
0.5309788156536543
0.5122100255015998
0.4935399965840629
0.47503797849222584
0.45677210274559377
0.4388085223777378
0.42121058843068837
0.4040380834468845
0.38734652998246155
0.37118658935459325
0.355603562436552
0.34063700052500756
0.32632043034657865
0.3126811933725775
0.2997403959860204
0.2875129638764041
0.2760077914627054
0.2652279752467077
0.25517111880264143
0.24582969658630305
0.23719146382264122
0.22923990029667862
0.2219546768010544
0.21531213415240413
0.20928576595478932
0.203846697557291
0.1989641548454909
0.1946059175727175
0.19073875285274255
0.18732882520170868
0.18434208015082076
0.18174459898206596
0.17950292260003142
0.17758434297618386
0.17595716101442027
0.17459091010649475
0.17345654508242936
0.17252659671404125
0.17177529239187772
0.1711786440544637
0.1707145048876022
0.17036259671452403
0.17010451034939822
0.16992368147527637
0.1698053448241802
0.16973646957784772
0.16970567897230948
0.16970315708175876
0.1697205456833476
0.16975083397361213
0.16978824372878754
0.16982811228625516
0.16986677548303097
0.1699014524293493
0.16993013373025623
0.16995147450310455
0.16996469328067654
0.16996947764345183
0.16996589719419652
0.1699543242767163
0.1699353626497585
0.16990978415818392
0.16987847329665884
0.16984237943622793
0.16980247638053936
0.16975972883515789
0.16971506530915692
0.16966935692156015
0.16962340155464206
0.16957791277999845
0.16953351298001718
0.16949073009521287
0.16944999744519862
0.16941165609634223
0.16937595928073657
0.1693430784076856
0.16931311024900741
0.16928608492196473
0.16926197433727463
0.1692407008235275
0.16922214568257965
0.16920615747215484
0.1691925598516355
0.16918115886405316
0.16917174956143766
0.16916412191150354
0.16915806595110838
0.16915337617577597
0.16914985517505599
0.16914731654036486
0.16914558708571048
0.16914450843221118
0.16914393801506666
0.16914374957667988
0.16914383321241433
0.16914409503617034
0.16914445653192756
0.1691448536549397
0.16914523574256413
0.16914556429021033
0.16914581164259035
0.169145959644888
0.1691459982925081
0.16914592441218124
0.1691457404013531
0.16914545304719286
0.16914507244126165
0.16914461100107314
0.16914408260531977
0.16914350184570692
0.16914288339495076
0.16914224148766277
0.16914158950852942
0.16914093968039123
0.16914030284346115
0.16913968831600812
0.1691391038263078
0.16913855550546497
0.1691380479308222
0.16913758421002445
0.16913716609635399
0.16913679412667948
0.1691364677741527
0.16913618560871824
0.16913594545941935
0.16913574457342218
0.16913557976763738
0.16913544756969667
0.16913534434585153
0.1691352664141882
0.1691352101421787
0.1691351720282358
0.1691351487674343
0.1691351373019896
0.16913513485743714
0.16913513896571664
0.1691351474765307
0.16913515855849426
0.16913517069162698
0.16913518265273952
0.16913519349524309
0.1691352025248083
0.16913520927221082
0.16913521346454952
0.16913521499592588
0.16913521389844544
0.16913521031434386
0.16913520446980146
0.1691351966509349
0.16913518718227216
0.16913517640791753
0.1691351646755076
0.16913515232294485
