0.9720200132223875
0.9507254472698015
0.948301533039706
0.9456926258924283
0.9429454059235226
0.9400282483512767
0.9369918595529033
0.9338526375337128
0.9304539916881608
0.9271701340876015
0.9237947792244896
0.9203414203147644
0.9167906059858084
0.9129923297800847
0.909034631274488
0.9049302457937203
0.9006859299154892
0.8964390774458729
0.8920621007305729
0.8875682098361939
0.8828710196842557
0.8779988990800494
0.8723530950081089
0.8664910908657193
0.8604746344134045
0.8543002152402102
0.847967857789568
0.8414857205274052
0.835154439048256
0.828707302774723
0.8221700601495401
0.8155720146607599
0.8089217903307184
0.8022564411189105
0.7955984847882774
0.7889669016915073
0.7823781464862944
0.7758463744373243
0.7693834112733933
0.7629993512461086
0.7567036417425705
0.7505059780236272
0.7441005547948675
0.7378248927544344
0.7316835277647192
0.725678254599224
0.7198126268292118
0.7140976057043271
0.7085564827482074
0.7032284026980058
0.6981644481039084
0.6928450544345105
0.6878866600466157
0.6832051402552818
0.6788976477264763
0.6749489221842604
0.6713400922511552
0.6678430176103154
0.6646155584214426
0.6616587754976877
0.6589977079704914
0.6566667115040854
0.6547133398662773
0.6523316143115567
0.6503929977956958
0.6489265476902526
0.6477288844500755
0.6468068757651158
0.6454558405922377
0.6444122917642152
0.6430893207458726
0.6421249673502295
0.6415013281372701
0.6411798590660167
0.6411208162580369
0.6410639682215095
0.6400749536681165
0.639371647145424
0.6389439437572428
0.638771863146183
0.6388335784647943
0.6391115026004413
0.6385437423927428
0.6381690781885816
0.6378252503965591
0.6376749135037578
0.6376978179989465
0.6374821440111036
0.637443061643185
0.6372066818219323
0.6370704394698448
0.6367714279489317
0.636652852244984
0.6367027985473401
0.6366081212789243
0.6365826088863749
0.6362623582878748
0.6361163935520383
0.6361241965690725
0.6361708111369968
0.6361099363480363
0.6362150744003832
0.6358558481767131
0.6357162247089168
0.635780839196724
0.6360286236058132
0.6360173481857292
0.635677780628113
0.6355326318406347
0.6355683637244965
0.635771265603135
0.6358706009824264
0.6361294520208765
0.6357415380907836
0.6355880504214347
0.6356950503855501
0.636127820142018
0.6367177204611487
0.6362811098728344
0.6361397479899188
0.6362412103106445
0.6360500593029363
0.6361166365735893
0.6361305011620928
0.6361860108543347
0.6364479308390945
0.6369014304124072
0.6370686899079232
0.637389296367926
0.637724012665033
0.6369491424090515
0.6365658460814502
0.6364566512930039
0.6362135897943145
0.6363121737035082
0.6364709149501189
0.6368623369342309
0.6364128209702611
0.6362691670209176
0.6364390590468096
0.6362301874052185
0.636396167726498
0.6366941333257533
0.6372614185479777
0.6366825421751237
0.6364347628792846
0.6365104899232812
0.6361665223291433
0.6360151664819245
0.6361791498973176
0.6364957285718671
0.6370922689839915
0.6380155966652978
0.637319347380574
0.6368963670986407
0.6367149245714437
0.6364281143049619
0.6363894164139177
0.6362659209862742
0.6362626362122167
0.6364998664964738
0.6368456801451619
0.6369490335185567
0.6363882935604743
0.6361317647455942
0.6361328495276128
0.6357223990294372
0.6355409307737638
0.6355572105983994
0.6357541125329913
0.6358610492963095
0.6359419873957068
0.6355337356693602
0.6352455674962598
0.6352087307451717
0.635298794688778
0.6353730539024991
0.63554183272937
0.6358544693066235
0.636023469524972
0.635534413444163
0.6352905583719828
0.635103994927885
0.635137542169684
0.6351893314984003
0.6353783067502043
0.635497764485401
0.6357202074902175
0.6355011523865473
0.6354580842697707
0.63516796807744
0.6350845778249692
0.635175134298444
0.6354240260606612
0.6356317893815713
0.6354749591994846
0.635456689818276
0.6353713760349926
0.6354490809428246
0.6356884722203588
