0.7823149018688725
0.9891581427116242
0.9888815254110734
0.9883230350275446
0.9875071029726946
0.9863531872156993
0.9849574287018746
0.9834023292209426
0.9816850914928644
0.9797880667268662
0.9776915515685686
0.9753749690047598
0.9728167403236813
0.9699940924085737
0.9668829293175288
0.9634577640094809
0.9596916976889085
0.9555564395583369
0.9510223643326451
0.9460586076396857
0.9406332009465163
0.9347132483801638
0.9282651480321715
0.9212548601919001
0.9136482245158046
0.9054113274414359
0.8965109202104574
0.8869148866830061
0.8765927587158417
0.8655162752545565
0.8536599794808696
0.8410018463970368
0.8275239311721047
0.8132130264855142
0.798061315064071
0.7820670017143774
0.7652349075124288
0.747577007541642
0.7291128927901476
0.7098701366448048
0.689884546959654
0.6692002860175061
0.6478698429037242
0.6259538458916014
0.6035207063735739
0.5806460905834654
0.5574122207067431
0.533907012776272
0.5102230647552004
0.4864565141281617
0.4627057898397736
0.43907028820924765
0.4156490061998048
0.39253916785972187
0.369834880671979
0.3476258578345698
0.32599624013200257
0.30502354715394586
0.28477778238540596
0.26532071045000727
0.24670531792427408
0.22897546208823683
0.2121657051706446
0.1963013254827134
0.1813984916373247
0.16746458204593884
0.15449862918428126
0.1424918667155598
0.13142835734880398
0.12128568010098562
0.11203565718419828
0.10364510279308814
0.0960765783720623
0.08928914128004406
0.08323907597638736
0.07788059881653997
0.07316652921873823
0.06904892134155205
0.06547965153166269
0.06241095772037175
0.059795927733023
0.057588934191967756
0.05574601439260274
0.05422519424767758
0.052986756142860636
0.05199345132363087
0.05121065822322102
0.05060648891710473
0.050151846620529295
0.04982043780136258
0.04958874303444549
0.049435951155791025
0.04934386157348414
0.04929675975326264
0.04928127092437362
0.04928619695565828
0.04930234114782461
0.04932232539354431
0.04934040379178828
0.049352276386306015
0.04935490624887018
0.049346342662799025
0.04932555269587635
0.049292262996529224
0.049246813212607266
0.04919002202600531
0.04912306642399267
0.04904737449307761
0.04896453172551851
0.04887620057299025
0.048784052766065344
0.04868971374098452
0.04859471837490503
0.04850047712520544
0.048408251594848406
0.04831913850150782
0.04823406101004479
0.04815376639293234
0.048078829008252444
0.04800965762674847
0.047946506195117755
0.0478894871893929
0.047838586786920434
0.04779368116575167
0.04775455332362144
0.047720909893012475
0.04769239751223486
0.047668618393213236
0.047649144803530774
0.04763353225195599
0.047621331232434394
0.04761209744066386
0.04760540042950823
0.04760083071451093
0.04759800537854186
0.04759657225544611
0.04759621279668258
0.04759664374273476
0.04759761773316995
0.04759892299609492
0.04760038225996732
0.04760185102910797
0.04760321535915679
0.04760438926108479
0.04760531185249972
0.04760594436363308
0.04760626709304194
0.04760627639506587
0.04760598176804087
0.04760540309933525
0.04760456811092251
0.04760351003753349
0.047602265558743695
0.04760087299666704
0.047599370782432704
0.04759779618733351
0.047596184308407175
0.04759456729331124
0.04759297378556049
0.047591428568485195
0.047589952384497036
0.047588561905404725
0.04758726982937056
0.04758608508068718
0.04758501308958352
0.047584056130833385
0.0475832137017419
0.04758248292216194
0.04758185894141409
0.047581335339225816
0.04758090451008623
0.04758055802257033
0.04758028694728844
0.04758008214902354
0.0475799345403356
0.04757983529547294
0.04757977602473862
0.04757974891056316
0.04757974680743848
0.04757976330856373
0.04757979278253932
0.04757983038377045
0.04757987204044778
0.0475799144239476
0.047579954903459676
0.047579991489437035
0.04758002276924389
0.047580047838015616
0.04758006622746447
0.047580077834914136
0.04758008285454762
0.04758008171239869
0.04758007500633055
0.04758006345184762
0.04758004783431169
0.04758002896784275
0.047580007660946166
0.04757998468871838
0.04757996077129245
0.04757993655807813
