1.6776785196322774
1.6633306052233183
1.6578085910574154
1.6514003046086325
1.6442559650894488
1.6363486329357773
1.6276981351965825
1.6182846757673435
1.6079405401747637
1.5970178158869837
1.5851265058857635
1.572449536388559
1.5588838276654011
1.544491569842969
1.5290022404129964
1.5127662954789836
1.4959104169241655
1.4784131294840508
1.460186831156472
1.441494063747416
1.4219069888124123
1.4019372570717297
1.381040227276743
1.3589010850126644
1.3360633685524368
1.3126109672749455
1.288710822663335
1.2637339612976939
1.2385699204019105
1.2127215077421472
1.1864059065033148
1.1596602980931532
1.132492563849786
1.1048815735490087
1.0768018640995154
1.0494290045728842
1.0216362444035545
0.9925209334152009
0.9628972676859402
0.9333376251755418
0.9036495869855625
0.8739310624910006
0.8440308673796902
0.8142156939903971
0.784554574874773
0.7541399654562997
0.7239966556274463
0.6941080138399202
0.6645294970357802
0.6356229577179259
0.605608270283188
0.5759197001628745
0.5464206766906885
0.5171672352879548
0.4882536855155056
0.45979886801362246
0.4319418049778132
0.4048629878516567
0.3768627817364551
0.34973948659554294
0.32375751458941054
0.29910290534276257
0.2757732487452427
0.253967917899919
0.23373174449694545
0.21456877416335776
0.1952068531659211
0.1776489152841588
0.16196040199929648
0.14821600606110907
0.1358393348830989
0.12558912411640868
0.1140191446381271
0.10454736247812546
0.09551108202200653
0.08787508697921605
0.08139522307390983
0.07603316922706127
0.07136559655139689
0.06802247976181552
0.06313576182200564
0.059764614037015364
0.05575369197053279
0.052716022438075494
0.05082361962184399
0.04991895099838514
0.04887911787637929
0.047732502021697
0.04678429131054897
0.046566505583905404
0.04333103231431838
0.04108832017479522
0.039840129050248134
0.039159865611342944
0.0400958030253575
0.03839247255343635
0.035090994261301856
0.03387153236875107
0.03275012336796225
0.032965886887092254
0.0339728187216903
0.035635302449509555
0.036070125680986366
0.035996443064733305
0.036135791008666554
0.03636554058982161
0.03676976088705044
0.0371765081907085
0.037588478843436086
0.03672494256621073
0.03610622030968333
0.03596829138813164
0.03632583878460428
0.03606277233688619
0.036192871434135125
0.0369984698845806
0.03712529892589223
0.037488713931304915
0.03826729351648679
0.038437934027429496
0.038749248477577374
0.03942417923123979
0.04053298481058376
0.04210178631631054
0.04219839890268884
0.04271252046885116
0.04423881196218283
0.04790165608965662
0.04414125048168778
0.04405751689886548
0.041533737958765575
0.04104303125981008
0.0406319640052189
0.041866600447613575
0.043914865128390206
0.046935136000992986
0.04722343674003221
0.04788252781915975
0.04756051460889993
0.042265016223198615
0.04119174077917922
0.05059892328499157
0.05087263613014429
0.052025268439530516
0.054027500568697866
0.0550109499021808
0.054045156572911535
0.05201240586968847
0.05116287862679102
0.05004365963597001
0.050081955134784445
0.051171989057506646
0.052472485557573646
0.05476245441088763
0.05406055495365786
0.05391755465834111
0.05365993691675472
0.052730755687082735
0.05240510334026143
0.053095269891072876
0.054742634760504554
0.05656733950248911
0.0569563444511765
0.055959272456823354
0.05557793915300138
0.05622729769574607
0.057795221957036534
0.058319538792194855
0.058250169566857087
0.05916863319502376
0.058568362208877914
0.05805630053648015
0.05852523163377288
0.05804854842286633
0.05847380477227612
0.059726727259327685
0.061258331443610356
0.06354434988051086
0.06229118492937765
0.061993685040488994
0.06259298924801185
0.06271006903366273
0.06232161469252853
0.06276756950730863
0.06274028496404231
0.06197091949124444
0.06151118304183296
0.06187541313103131
0.06301072335023278
0.06481956899236045
0.06563795122428133
0.06596902774202902
0.0661212808096445
0.06609508815332193
0.06681207280118086
0.06593453559697048
0.06587492734542479
0.06459655031556687
0.06414512698079285
0.06444471611054103
