1.2511380229483477
1.218922520696159
1.2079180015961912
1.1943281860045227
1.1792230826249803
1.1622622317818891
1.1436845307955161
1.123182147491545
1.1032145145835504
1.080487756773
1.0554625881135895
1.0295536555941274
1.003310910703398
0.9771392024176507
0.9506179765932047
0.9245220357712215
0.8990207027026701
0.8731637483367268
0.8462524274821059
0.8182816474081014
0.7899096825844714
0.7611296817834722
0.7318921213966278
0.702207759930193
0.6721587179754159
0.6418484182976177
0.6113254114149499
0.5798900844976375
0.5485008280575374
0.5174890274693753
0.48572212093330186
0.45545025041420834
0.4254031186846046
0.3977463639286335
0.3720123198676047
0.34818818730696716
0.326153711998003
0.30713385062936593
0.2897950385935615
0.2750208029549033
0.2616127230118447
0.2506506178203008
0.24052039659453234
0.2366860939887882
0.23114510034996727
0.22475185844008155
0.2176261624163619
0.2118820581052311
0.2091419488608721
0.20919523328429054
0.21192600269005737
0.21611710096876802
0.2136102293544773
0.20792714353485084
0.20404102444860112
0.20128897662027084
0.20045241604153094
0.20137995828426514
0.2024329147415613
0.2056618714956603
0.2018482680442401
0.19843954716463066
0.1986235694780489
0.19501190816494987
0.193821689603473
0.19585547383968718
0.19946893959088416
0.19918544170713837
0.19585012341420602
0.19618989167276055
0.19147831119632916
0.18946914397449952
0.19091077072374596
0.1930731526864442
0.19164592087219526
0.19375669250283625
0.18950880229051498
0.18559651921650366
0.1845473794657917
0.18673480528076358
0.19085418885877944
0.19193796394034765
0.18767993397184984
0.18709601004632173
0.18456982866894714
0.18516170715926272
0.1884062438439077
0.19143478291024324
0.18620438587791455
0.18425164698504962
0.18523498357827303
0.18888206182938702
0.18803426649206068
0.18972130429150422
0.1931777274319528
0.18800965344367995
0.1844261638134561
0.18419269659345133
0.18624625595710156
0.18927640408469115
0.19043609855344482
0.1939017321108722
0.18752188124265745
0.18447077473858262
0.18390211287982972
0.1850665132043859
0.18883574252272314
0.19414863611734634
0.19177716815878085
0.18635724262842232
0.18409561778198646
0.18392832943635223
0.18619220133641487
0.18630281467082602
0.18835986163473317
0.18777707241474623
0.18603325060825723
0.18684422263410477
0.18437338391011687
0.1843473332011495
0.18335703395504735
0.18471920283270687
0.18689820366486815
0.18763473368460584
0.18629870635318307
0.18400203448085642
0.18311480997998988
0.18434332349340132
0.1837991205127275
0.18517679774394954
0.1846363627764163
0.1831813114190698
0.18373103915847575
0.18313436319273488
0.1834132121192973
0.1823488315175301
0.18328291071267808
0.18349597917922433
0.18443012365248576
0.18324552426097065
0.1814548850676939
0.1817479463500978
0.18281558677519255
0.18286186089140083
0.18274189961402035
0.1811549061815343
0.18070021937064687
0.18071516350217268
0.1823392476312849
0.18450431789927196
0.18381047840188441
0.18107112177843668
0.18007931105233382
0.1793602121135151
0.18033248553981152
0.1821905252329904
0.18140311445634538
0.18232068774923627
0.18109197844148273
0.18160123462133462
0.17947632244919376
0.17856554429757873
0.1792758980735127
0.17982959767679152
0.18166449781432628
0.18230082692843844
0.18266900649676443
0.18078509927954778
0.18024522532407605
0.17987931576154115
0.17872648518344944
0.1789413428521357
0.17911443253624076
0.17985583185710147
0.1814543393721296
0.1825571913152882
0.18287581851614082
0.18097903719482597
0.18053821966905323
0.17983026080446385
0.178744044334654
0.1786626016963647
0.17929665446411677
0.1799294011707954
0.18136112401787235
0.18167158687192497
0.1829362085007038
0.1810523326013817
0.179921345053959
0.18004836247193484
0.18100815226767372
0.1796319754440837
0.17948038806042085
0.18038597359575959
0.1821806484093624
0.18314459819839263
0.1818726090591889
0.18168688004622582
0.1804425622351511
0.18000101952661426
