1.3791763265776953
1.338729212601041
1.3258689155889318
1.3098685400971295
1.2918802914540681
1.2718402551832426
1.2498742901938016
1.2274814774606508
1.2024070317526945
1.1746553191939935
1.1455259314105786
1.1154492507986893
1.0847774141395743
1.053100314691845
1.0213159092363893
0.9899683748919614
0.9590106311884009
0.9276448745878442
0.8954933883403493
0.8630624291717045
0.830268850356967
0.7968771159785637
0.7626964762965177
0.7276049315540816
0.6916609494743804
0.6550895777887855
0.6182984090444196
0.5816997783175044
0.5410860732127124
0.4996368628236501
0.46017603662463646
0.423288213784236
0.3895746938795021
0.35700104837929986
0.32907670482074913
0.2998942009937437
0.27324288197778607
0.24944637937582423
0.22847704213137485
0.21099353923640876
0.19704770916262837
0.1810996037389977
0.1688085743223064
0.15973922059203544
0.15383568485169602
0.14539611787709303
0.13955416343734312
0.13360932342528958
0.12691005746918144
0.12278394379306364
0.12095794300492815
0.12117073738350591
0.12008523288922045
0.1209031596174485
0.11730871455738452
0.1125260836172001
0.11033938567509806
0.1074255349073332
0.10694078299314033
0.10859712101365666
0.11214052273301026
0.11466890588805471
0.10964228373401469
0.10643110234792179
0.10532869305007354
0.10460457895370848
0.10678454362939238
0.10712116079620078
0.11040541675176933
0.1058495224532961
0.10264533870407802
0.10171359332957851
0.10338400453948633
0.1033905250895707
0.10556255339005309
0.10516883736096966
0.10257740618673815
0.09995381658851095
0.1009363031154469
0.10175260229656997
0.10525152770203593
0.10619218172429022
0.1022209687640365
0.10136933789672885
0.10335410895648295
0.10266787372237046
0.10512974640406704
0.10665796052952094
0.10315908355570279
0.10359769359034537
0.10172159553705325
0.10263769661035331
0.10153044916654369
0.10075441096901934
0.10306213289247117
0.10822004886670263
0.11007679506493767
0.11458067669642115
0.11209510787180388
0.11035504475921229
0.11029226082688197
0.11217474819144882
0.11592463678644659
0.1198287710401129
0.11914978821296494
0.11370270974268139
0.11108245815995821
0.11123520325699353
0.11244914421024257
0.11679559442699115
0.12453019938533139
0.13649265584450115
0.12900175647574844
0.11667677445250932
0.1112031689450773
0.11189710708650248
0.11817818406068738
0.1302526357634346
0.12360858974632495
0.11672764133832877
0.11629722765330491
0.1208737088433876
0.12014089106131476
0.12183113469285443
0.1245498429230718
0.12852945669253246
0.1276243921162474
0.1288270385807078
0.13195725452096124
0.13669453519494162
0.13700940551429003
0.13656620253564736
0.13424529441823949
0.12946350770069778
0.1297171625680088
0.13346691189443904
0.14001103751554028
0.14915043740883863
0.15573810219836406
0.16073852327611934
0.16113617769445718
0.16351712144277547
0.15832258316258904
0.15686504734246165
0.1575010854926295
0.15763497480594565
0.15684680167462914
0.15956047815826363
0.1667967020011575
0.17897929916532326
0.16993463358380112
0.16328643381340935
0.16144228536500108
0.1636316099165048
0.16947036516832414
0.17489507453879957
0.16397212375457587
0.15922515680011967
0.15455104695404107
0.15565009795272158
0.1679060109444176
0.15312677636478658
0.14936062625292953
0.1505808881530213
0.15686524205724303
0.14286206335917345
0.13243158216970835
0.12666217507618968
0.12538851206659732
0.12726689547592815
0.12917048493857083
0.13000509587289494
0.13226378512025108
0.13486247632730558
0.12628179828902072
0.12170008081431101
0.1189806433537888
0.11957371525702609
0.11994890434442364
0.12119281007177782
0.12500439863464388
0.13040557219888912
0.12485770406527598
0.12159605697489966
0.12040600721143281
0.12099715937004372
0.12020759097121213
0.12023631486126109
0.12180481528492218
0.12543015589477685
0.12052054645149733
0.11820540793983125
0.11825138353811485
0.11913120395955383
0.11911642219651856
0.12148716921779235
0.12409308026453172
0.12857794698887293
0.1256901475474342
0.12405115116788545
