0.9743839070630985
0.9575145711904888
0.9557563832688133
0.9537427158638367
0.9516385682517312
0.9494444688399382
0.9471700887325696
0.9448253257316873
0.9424193774121232
0.9399608381005207
0.9374581161022659
0.9349202269569031
0.9323610465600938
0.9295841139981699
0.9267147358879219
0.9237585071293262
0.920723745075105
0.9175609796985711
0.9142932865606024
0.910930515043203
0.9074876799362956
0.9038348058468657
0.9001551733831981
0.8958947185239495
0.8914888762441263
0.8869746699759375
0.8823504189351669
0.8778528972611549
0.8732682617090316
0.8685943654876943
0.8638161911010195
0.8589379467138898
0.8539911595884234
0.8490072851623454
0.8440068360747062
0.8390068901013529
0.8340214391324363
0.8290615595562554
0.824135753052208
0.8192508859965459
0.8144137249620861
0.8094511123324588
0.8045662549602521
0.7997750706497243
0.7950916157228938
0.7905271596602031
0.786090252618031
0.7817875034527638
0.7776245423824609
0.7736067204578372
0.7697383349072192
0.7660222315800962
0.7622235469879095
0.7585952936012241
0.7551645426371925
0.7519663406097572
0.7490242436287526
0.7463416956354822
0.7439066553829629
0.7415033694528619
0.7391658192595165
0.7369499122226569
0.7349555772939587
0.7332091346942364
0.7317254241890281
0.7305423634743743
0.7290548471422591
0.72783898081631
0.7267486362790156
0.7259214721229266
0.7253239562241707
0.7249379126418478
0.7242629303056807
0.7237752546806605
0.723328606294538
0.723071390231765
0.7230058592340631
0.7227340910618358
0.7224614778324283
0.7222551440888856
0.7221020516961698
0.7220134771396454
0.7220309289468143
0.7217962956553703
0.7217212161331008
0.7217231782326246
0.7218098914043509
0.7219968583002127
0.7219133200389453
0.721912167631592
0.7220143248091859
0.7222523620408567
0.7225607687044538
0.7244531960623659
0.7239070661570226
0.7234389771523975
0.72299151403581
0.7224521210458985
0.7222203435025267
0.7222999049569074
0.7218732461564035
0.7215910511972699
0.7215054964263874
0.7212752218862297
0.7212042038051023
0.7212899616264019
0.7209129983898637
0.7209389884161224
0.7212012605853662
0.7213500248165988
0.7216298322695271
0.7214827648904794
0.7214245150896393
0.721469835364146
0.721610361830823
0.7215069785384463
0.7214822619387781
0.7212781359207315
0.7212516040657786
0.7209788388535596
0.72097395509955
0.7213094167957066
0.7223992866344642
0.7223633015298945
0.7226399937819306
0.7232323029026653
0.7240583047090774
0.7231918094015961
0.7224434172455672
0.7219376678724967
0.721696550295123
0.7216941744864227
0.721912981599838
0.7223401910828949
0.7223157046838922
0.7223707043422525
0.7224138237451806
0.7225574120613277
0.7228116238758364
0.7231497635719347
0.7233291402573717
0.7226778432726264
0.7221132595182291
0.7216880237652221
0.7214179327668208
0.721308373176015
0.7213591349496963
0.7215755316489576
0.7214512397990263
0.7214786608942401
0.7214147593261375
0.721403053447929
0.7214858195466876
0.7216260788579433
0.7217918732977215
0.7216226622007411
0.721553929391598
0.7216088535059049
0.721520996858309
0.7216011337557495
0.7218395392933235
0.722257105312851
0.7230385273057849
0.7218024159885605
0.7210563955540915
0.7206250267778922
0.7204636129839096
0.7205477881144273
0.7206050421638897
0.7208423626234854
0.7211048495587762
0.7213175813212211
0.7214888077628365
0.7216356598507703
0.7214896444016321
0.721381184191568
0.721054703890461
0.7208155915704832
0.720671602234428
0.7206275770417783
0.7206917593080173
0.7208900477698976
0.7212197787252992
0.721157499219276
0.7212062769724608
0.7213504656103051
0.7215750319221713
0.7218475309605854
0.7220826119653545
0.722195793357814
0.7222234302592521
0.7219987374818323
0.721587638844102
0.7212669386068846
0.7210409763238939
0.720910194035324
0.7208730766299498
0.7209272725169347
0.7208500000639776
0.720892946112921
