1.7630268870941928
1.7478053518742112
1.7419760829697293
1.7351325268496869
1.7274641438639398
1.7190842173538168
1.709915116031573
1.6999282452196463
1.6889635337413396
1.6775489548743672
1.6653074346172803
1.6519471155650414
1.6377094551051574
1.6226782159612771
1.6063084086571655
1.589240475207568
1.5715338258125546
1.5531743390531019
1.534148202046253
1.514453610429786
1.4942431980202426
1.4735301017659865
1.451909628364858
1.429554535612304
1.4056795824778623
1.3810967587661471
1.3559025689564792
1.3296702778120424
1.3029877546262616
1.2755480483378598
1.2474966269929681
1.218972742222013
1.1899954582565742
1.1605603943824283
1.1306398003817097
1.100230179418153
1.0697191453884212
1.0388544271726163
1.0071140455677796
0.9752823040657311
0.9437802229133821
0.9121425465640157
0.8806054733128151
0.8492378219590158
0.8178495195706211
0.7863033946134848
0.754824687228221
0.7237951837213338
0.6919529668736931
0.6603599522564754
0.6291272876345296
0.5982853670850404
0.5671791289116471
0.5364160568719379
0.5060427160937738
0.47618886589417847
0.44699093087932706
0.41859064139311986
0.3911315653711687
0.3647386327502527
0.33939056377104987
0.3136950245659378
0.2880763064157472
0.2641102244831606
0.24191381509854046
0.22149958692386676
0.20229390575397738
0.18419238006217445
0.16843940648630074
0.15533277818785304
0.1402478195226833
0.12661339267524846
0.11549312887956069
0.1038043279626769
0.09422494324933983
0.08617966841454201
0.07876213674308158
0.07294039452677921
0.06845199561048236
0.06456726169525115
0.06171305678669642
0.05862663397743555
0.05659539418933887
0.055492398177270544
0.05452039321250147
0.05061856735250339
0.047447894296680636
0.044943157907495944
0.04267611698859999
0.04098131539027815
0.03919998236189683
0.03737063681066902
0.036183074648525534
0.03505143557350201
0.03395278213041187
0.03353032358520062
0.033307823019626
0.0336973574985914
0.03491992264802667
0.036506931108771894
0.038039546372787815
0.03906413164698629
0.037659789207279554
0.037006969620026385
0.03744116236260958
0.035460132935465176
0.03447062978226842
0.033387504888701944
0.03346889298408977
0.033580327354237126
0.0339136556741367
0.03532546369155832
0.0380055376167283
0.0371820326599373
0.03828134590504487
0.03855649490497787
0.03993543177127431
0.038107368538335816
0.03663343592813404
0.03614498606144358
0.036021876353484486
0.03641023683952657
0.03740765241888663
0.039545554719767104
0.039306540480237996
0.039613316370955734
0.04115735952694094
0.03998137484697817
0.03834497165926008
0.03840607167471946
0.03917588937485022
0.04189911223703304
0.04156043166314445
0.045558482618753796
0.04356818610664501
0.043363173193880646
0.04325233953230281
0.044399147937577675
0.042583625702229254
0.041634470839114174
0.04182117966853785
0.04321443791961454
0.04443599477420251
0.046144722906976327
0.047659372643687685
0.048332001248077586
0.0495201781837713
0.04985248687446947
0.04982205371604765
0.04917178941897508
0.049429410593264785
0.04856886987978155
0.04750980368579394
0.047081625788504035
0.04778894684045837
0.048548982781867686
0.0499894208065156
0.05135422083784796
0.052878332938092985
0.05453171078519531
0.05356650379315296
0.05322119739469949
0.052342912123682715
0.052627112802052387
0.05366787272206733
0.05417791856375866
0.054240514806803385
0.0555018548407485
0.05507707875444828
0.053862099948711294
0.05382232298898872
0.0549011753070536
0.05486400078667418
0.054884325257078134
0.05611555989784794
0.055460220521563665
0.055198899083449764
0.05572702654362467
0.05571423577324895
0.05567307807584108
0.055502516171131694
0.05641021022890119
0.05669964271400285
0.05715535106183959
0.05730938205532385
0.05804701856471972
0.05823781881299685
0.058206048754525876
0.05919484794267146
0.058975522333149476
0.05818913558897729
0.057625743874646494
0.057923171052673306
0.058384336910913506
0.058276757527570416
0.058348765132744396
0.05883541967387196
0.0601458487738153
0.0623247517775548
0.0629274870422188
