0.9996408770603039
0.9995973598946617
0.9995568180411949
0.9995101783130873
0.9994573359590251
0.9993977010706392
0.9993300418121146
0.9992543902637185
0.9991698134754202
0.9990752112075355
0.998970134676706
0.9988536323224835
0.9987242524073098
0.9985818417877034
0.9984219178635354
0.9982453590176618
0.9980522326566227
0.9978409935071799
0.9976091065030235
0.9973552976221243
0.9970799706263929
0.996781300261944
0.9964590552107845
0.9961103934212023
0.9957309460007914
0.9953245236935443
0.9948842622143784
0.9944105160532722
0.9939027011421553
0.9933619219407783
0.992785009671574
0.9921657917556985
0.9915036866473947
0.9907955130981282
0.9900424554023239
0.9892503305343449
0.988409091158303
0.9875220556804054
0.9865904054079724
0.9856059480773031
0.9845791761338035
0.9834888751179147
0.9823487283755435
0.9811499701334594
0.9798980622647415
0.9785942151163072
0.9772330914828262
0.9758243587672594
0.9743636500709648
0.9728516039486642
0.9712900676617311
0.9696766026538625
0.9680184468533423
0.9663132877910274
0.9645565554281551
0.9627657702883565
0.9609333459829371
0.9590552961467944
0.9571379271433814
0.9551846048780819
0.9532114716016883
0.9511730359570315
0.9491185014862922
0.9470447868826835
0.9449501119747532
0.9428438885701366
0.9407229665158037
0.9385712948272422
0.9363988834147102
0.9341972557508808
0.9320060897532061
0.9297973726865757
0.927624830858895
0.9254503627384094
0.9233329451650151
0.9212118340720785
0.9190612059506688
0.9169390694343428
0.9148669447537697
0.9128265028815458
0.9107883127562296
0.9087631430103424
0.9067712061432485
0.9048304335363008
0.9029146461375512
0.900993674591109
0.8991766119808235
0.8974038948113016
0.8956772485097378
0.894003248969393
0.8923050650794523
0.8906111773647033
0.8889287098955776
0.8873351620492728
0.885785968347751
0.8843509410603256
0.8829558621690178
0.8816046081728864
0.8803580870758004
0.8791704428642328
0.8780401808522766
0.8768860987879301
0.8758424348094195
0.8748758812502768
0.8739853594181386
0.8731183829578731
0.872185886223468
0.8713495475611988
0.8705908911526464
0.869919072713334
0.8693352013351962
0.8687284577683236
0.8681623776984772
0.8675841003089009
0.8669862482948127
0.8664456126433948
0.8659654729566126
0.8654396058915003
0.8649592530458421
0.8644457283915424
0.8639662607626379
0.8634215742350855
0.8628510635399312
0.8623659569803493
0.8619156084207774
0.8614733315261566
0.8610445503801941
0.8606810061065475
0.8603568986922411
0.85998681096288
0.8596094416090732
0.8591934077446776
0.8588282299359447
0.8583896443871577
0.8580311636854774
0.8576449141715423
0.8572601535931096
0.8568697990124632
0.8565424993848976
0.8562210405628907
0.8559019599665381
0.8555764235909951
0.8552407533173303
0.8549728036707878
0.854723103584271
0.8544635582930846
0.8541853905279052
0.8539226050174714
0.8536439797757897
0.853413611536822
0.8532006777702157
0.8529593081088326
0.8527482965258352
0.8526692464969956
0.8524813179389545
0.8522560669047833
0.8520523354649863
0.851871331867174
0.8515965172743825
0.8513635251339713
0.8512317428751388
0.8511313984160791
0.8510254110707682
0.8509270993216136
0.8508818361235364
0.8508728786831745
0.8507742804163154
0.8507180566373214
0.8506460211052861
0.8506080915567807
0.8506383895284277
0.8506026071336721
0.850583823005804
0.8505284667113389
0.8505209361563155
0.8505022572035216
0.8504844370437218
0.8505508976446361
0.8506169874879869
0.8506094336858446
0.8506209584329463
0.8506320953073836
0.8506289187353905
0.8506454780023801
0.8506910458454434
0.8508039922511502
0.8508825130012766
0.8509113488156923
0.8508990079985403
0.8509948003576382
0.8510712380858245
0.8511655091147611
0.8512801814042044
0.8513081804361635
0.851286001116272
0.8512500773114265
0.8512622811981546
0.8512404977127618
0.8512099050191912
0.8512380872170832
