1.2029990035280167
1.1977945193121324
1.1919496944163805
1.1852492634663576
1.1778850656506283
1.1698321067734256
1.1611113880115116
1.1517375206601683
1.1417462795033944
1.1312267276203671
1.1201786285356552
1.108643781489468
1.0966721156721548
1.084135332126696
1.071114988791534
1.057661647775989
1.0438017737106087
1.0296448129477176
1.0151561203539083
1.0003667517892605
0.9853547321737065
0.9701378471524326
0.9547457397287163
0.9392109282642818
0.9235678029414118
0.9077605203902728
0.8919083210505372
0.8758473936741629
0.8597652493221174
0.8435893016372343
0.8274068893756289
0.811370436436335
0.7954680744120802
0.7795699881139819
0.7639047482803026
0.7483042723449016
0.7328776008544091
0.7177684900351128
0.7029944108354645
0.6880424380182323
0.6732806528311508
0.6590102313818161
0.6453131368694093
0.6320682099699817
0.6192006301878515
0.6069737197153381
0.5949840019635546
0.5832783519353826
0.5720453589856589
0.5614516483148805
0.5512769398787256
0.5408303470206413
0.5307198073415796
0.5208919629061755
0.511641401263563
0.5022855638594956
0.4937589244019218
0.4854184378440789
0.47758152646532914
0.46944809447204294
0.4617138698202343
0.45405225005424493
0.4467113766025449
0.43943939032964463
0.4324991440290187
0.4253444907425798
0.418191848479155
0.4109737400224288
0.4036581117886488
0.3968419166901985
0.3903940348207499
0.3842858382753504
0.3784111568774774
0.3727886862011188
0.3678519896516724
0.36244971353833627
0.35761368471223465
0.3533578171613291
0.3494768371486986
0.345649829071918
0.34223326037109614
0.33925595881439236
0.33666153090714135
0.3345760960012172
0.33250769370426947
0.3305719951474233
0.328894006084178
0.3274578244611604
0.3264411636516427
0.32554800568664877
0.32516981224450575
0.3248783637960456
0.32313391159350685
0.32215237358145454
0.3213594342824047
0.3210968547188679
0.3209209789172894
0.3207087914890127
0.32054101544027985
0.3198202416278094
0.3195633694086045
0.31983242629947417
0.3196998095142393
0.31968254149811215
0.3197341851674784
0.31958349328382657
0.3194408350290534
0.318825364251686
0.318488423835195
0.3184369344378225
0.3187673053718037
0.31899685913179887
0.3191474151682906
0.31924751111364824
0.31926368086832624
0.31894448015003424
0.3186740291416795
0.3184096948900985
0.3178629541142638
0.31796340922398747
0.31794547285759905
0.3184488823644378
0.3190742576836076
0.3193986357640772
0.32004216252478696
0.3195683714194961
0.31962381987582905
0.3199955654250972
0.32183870400717596
0.321715460428023
0.32165859297010124
0.3211419763670692
0.320991826748549
0.3208640457814062
0.3208702003077464
0.32092385426292014
0.3213161250527788
0.32099916296821296
0.3208395648008292
0.3206300210827897
0.32082842017556373
0.32108093128313725
0.32185379035273715
0.3218517049626298
0.3219082122014381
0.32156942897778457
0.32126037791642004
0.3214835408224676
0.32184757101337363
0.32117235428508517
0.32105506029554554
0.32122721555468303
0.32186428371757814
0.32306368965014937
0.3235042698584491
0.32367788550152404
0.3225330139285363
0.32185858436388326
0.32178343005761456
0.32234196557673905
0.3237380402309965
0.32372084011444086
0.32439248402792026
0.3235943220033735
0.3236393377752805
0.3234724334066851
0.3242089002691305
0.3249259926496306
0.3249852492297302
0.3252408096636215
0.3251830023242767
0.3256473406256294
0.3254234757590261
0.32544376022869187
0.32521820329491846
0.32518637057006916
0.3252920523760173
0.32568559262951025
0.32567229358906596
0.3256762030784241
0.3252308599973281
0.32499465152001306
0.32523544667339677
0.32572967004382347
0.3265686431360905
0.3280499708915013
0.32809619717920047
0.3286942461054959
0.32783119589741744
0.3274397259332929
0.3267098395225805
0.326083670876316
0.32588991083241986
0.3264166765199133
0.32677522449197277
0.3275409677154382
0.32841574420675107
0.3289522868121427
0.329429412799657
0.32971037000578174
