1.231293332414771
1.0730974076838629
1.0644855083582492
1.0538745209898286
1.0422637736845997
1.0300218256403033
1.0173315789708601
1.00430036193158
0.990998642777257
0.9774766561397895
0.9637725391834775
0.9499166891332929
0.9359342536912229
0.9218466256786753
0.9076723735704993
0.8934278340766354
0.8791274900363556
0.8647842040156772
0.8504093533290897
0.8360129075855416
0.8216035013125563
0.8071885717568456
0.7927746300147067
0.7783676796468634
0.76397369585673
0.74959900742412
0.73525046338874
0.7209353858087673
0.7066613986239854
0.6924362292071773
0.6782675390482722
0.6641628012986788
0.6501292229473771
0.6361737039700912
0.622302826781755
0.6085228716693217
0.5948398555266928
0.5812595916269344
0.5677877673706223
0.5544300351285362
0.5411921088357757
0.5280798570744965
0.5150993860276935
0.5022571252794157
0.4895599957756832
0.47701588547379337
0.4646347682368904
0.45243031476705675
0.4404205029523534
0.42862572805857724
0.41706557363658053
0.4057565447650749
0.39471133160385835
0.38393893399319673
0.37344504982279153
0.36323247794834823
0.3533014724830741
0.3436500429650675
0.33427420370615446
0.32516817401127585
0.31632453536485666
0.30773437754220795
0.2993875352624248
0.2912731269197849
0.28338060266962317
0.27570105787363247
0.2682278799080433
0.26095610863231755
0.2538811531735653
0.2469978362181887
0.24030004018881218
0.2337807536388429
0.22743229217066505
0.22124656584669203
0.21521532904103072
0.20933037980381142
0.203583714213166
0.1979677441554751
0.19247588964368187
0.1871039033005885
0.18185141576780012
0.17672188227162472
0.17172028126313674
0.16685049476690084
0.16211396078743034
0.15750948194206232
0.15303357990662242
0.14868102342910694
0.1444453797538111
0.14031954207249914
0.13629625167875312
0.132368724771283
0.12853158637380277
0.1247821559273251
0.12112139590014184
0.1175533042951767
0.11408274040335208
0.1107132194574064
0.10744577096932886
0.10427878527798211
0.10120839213488539
0.09822904910540936
0.09533419166981107
0.09251692099968478
0.08977081138566112
0.08709094681698927
0.08447501978104327
0.08192376711639625
0.07944007522860955
0.07702719170099254
0.07468714443197251
0.07241994478289336
0.07022349875480165
0.06809396552000299
0.06602636796335613
0.06401535557415773
0.06205608446289094
0.060145168458765795
0.05828149564022232
0.056466465848295684
0.054703284637724676
0.052995547138223104
0.05134582801032521
0.049754821786023445
0.04822113099286251
0.04674155139437658
0.04531167448836971
0.04392667386887638
0.04258217236243082
0.04127505295038541
0.040003981908976714
0.03876938249929415
0.03757279702299152
0.03641591136022221
0.035299665354505794
0.03422373564804766
0.033186457070798966
0.03218511193368213
0.03121647065559965
0.030277456532558374
0.029365788849828354
0.028480426529521985
0.027621638530183883
0.026790637316026985
0.025988906865190693
0.0252174946466426
0.024476515445099205
0.023764985970949504
0.023080982273003096
0.022422036669467276
0.021785656304436157
0.02116982797509045
0.020573368853938512
0.019996010802118405
0.019438188351776416
0.018900615241011554
0.01838381505352254
0.01788777007798896
0.017411784981222922
0.016954578443148054
0.01651455110717355
0.016090139070813175
0.01568014465499646
0.015283941533933374
0.014901487299670509
0.014533142742642106
0.0141793697942978
0.013840422026004676
0.013516132998685577
0.013205860830868279
0.01290858996949696
0.012623144424061523
0.012348438908311034
0.012083687348730374
0.011828503554815777
0.011582865666955579
0.011346964555331861
0.011120997239106879
0.010904981386866158
0.010698651739821312
0.010501464625503712
0.010312698623893555
0.01013161009796773
0.009957588033934019
0.009790255911764648
0.009629488441416185
0.009475342277928947
0.009327930939750609
0.00918729239659341
0.00905329633637312
0.008925619655902248
0.008803792504195699
0.008687293268975537
0.008575656320696705
0.008468554536529385
0.008365829589939817
0.008267462972383087
0.008173502474199146
0.008083973978234066
0.007998811295684761
