0.8030913921241802
0.7463616125391215
0.7453044649244969
0.7442417804769803
0.7431746195633255
0.7421036111988044
0.7410291072630351
0.7399513126949664
0.7388703506633747
0.7377862960061026
0.7366991934928955
0.7356090684165016
0.7345159330642437
0.733419790853292
0.7323206390762567
0.7312184707851388
0.7301132761212592
0.729005043277278
0.7278937592077366
0.7267794101631495
0.7256619820972863
0.7245414609813039
0.7234178330480575
0.7222910849830992
0.7211612040742881
0.720028178328767
0.718891996563881
0.7177526484770282
0.7166101246983237
0.7154644168291333
0.7143155174689025
0.7131634202322765
0.7120081197581218
0.7108496117118106
0.7096878927818928
0.7085229606721213
0.7073548140896475
0.7061834527300862
0.7050088772600569
0.7038310892977198
0.7026500913917584
0.7014658869991972
0.700278480462391
0.6990878769854691
0.697894082610492
0.6966971041935253
0.6954969493808085
0.6942936265851767
0.6930871449628542
0.6918775143907261
0.6906647454441723
0.6894488493755295
0.6882298380932301
0.6870077241416608
0.6857825206817616
0.6845542414723855
0.6833229008524255
0.6820885137237047
0.6808510955346323
0.6796106622646059
0.6783672304091466
0.6771208169657514
0.6758714394204361
0.6746191157349459
0.6733638643346087
0.6721057040968024
0.6708446543400097
0.66958073481343
0.66831396568712
0.6670443675426383
0.6657719613641588
0.6644967685300305
0.6632188108047541
0.6619381103313522
0.660654689624103
0.6593685715616138
0.6580797793802147
0.656788336667645
0.6554942673570141
0.6541975957210133
0.6528983463663609
0.6515965442284617
0.6502922145662615
0.6489853829572849
0.6476760752928339
0.6463643177733382
0.6450501369038404
0.6437335594896045
0.6424146126318346
0.6410933237234928
0.6397697204452089
0.6384438307612612
0.637115682915639
0.6357853054281544
0.6344527270906128
0.6331179769630331
0.6317810843698977
0.6304420788964433
0.6291009903849747
0.6277578489312032
0.6264126848805971
0.6250655288247471
0.6237164115977434
0.6223653642725488
0.6210124181573806
0.619657604792083
0.6183009559444996
0.6169425036068359
0.6155822799920119
0.6142203175300001
0.6128566488641527
0.6114913068475112
0.6101243245390966
0.6087557352001838
0.6073855722905561
0.6060138694647339
0.6046406605681862
0.6032659796335189
0.6018898608766377
0.6005123386928903
0.5991334476531798
0.597753222500059
0.5963716981437972
0.594988909658422
0.5936048922777402
0.5922196813913247
0.5908333125404928
0.5894458214142417
0.5880572438451757
0.5866676158054001
0.5852769734023959
0.5838853528748726
0.5824927905885919
0.5810993230321799
0.579704986812912
0.5783098186524749
0.5769138553827133
0.5755171339413592
0.5741196913677344
0.5727215647984427
0.5713227914630425
0.5699234086797027
0.5685234538508455
0.5671229644587692
0.5657219780612655
0.5643205322872187
0.5629186648321907
0.5615164134540034
0.5601138159683043
0.5587109102441234
0.5573077341994255
0.5559043257966552
0.5545007230382721
0.5530969639622823
0.5516930866377696
0.550289129160421
0.5488851296480457
0.5474811262361028
0.5460771570732215
0.5446732603167248
0.5432694741281547
0.5418658366688043
0.540462386095248
0.5390591605548791
0.5376561981814607
0.5362535370906736
0.5348512153756768
0.5334492711026815
0.5320477423065293
0.5306466669862877
0.5292460831008523
0.5278460285645694
0.5264465412428672
0.5250476589479078
0.5236494194342516
0.5222518603945432
0.5208550194552155
0.5194589341722091
0.5180636420267191
0.5166691804209624
0.5152755866739613
0.5138828980173595
0.5124911515912582
0.5111003844400772
0.5097106335084469
0.5083219356371234
0.506934327558932
0.5055478458947456
0.5041625271494876
0.5027784077081654
0.501395523831943
0.5000139116542397
0.498633607176861
0.49725464626617444
0.49587706464930825
0.494500897910394
0.4931261814868435
0.49175295066566194
0.4903812405798055
0.48901108620457034
0.4876425223540243
0.48627558367748336
0.48491030465602225
0.48354671959903195
0.48218486264081806
0.4808247677372419
0.4794664686624086
0.4781099990053934
0.47675539216702
0.47540268135667874
0.4740518995891956
0.4727030796817414
0.47135625425079863
0.47001145570916336
0.46866871626300355
0.4673280679089681
0.4659895424313327
0.4646531713992089
0.46331898616379563
0.4619870178556835
0.46065729738220307
0.4593298554248403
0.45800472243667956
0.4566819286399212
0.45536150402343667
0.4540434783403805
0.45272788110585327
0.4514147415946186
0.45010408883887354
0.4487959516260671
0.44749035849677943
0.4461873377426476
0.44488691740434827
0.4435891252696338
0.4422939888714206
0.44100153548593257
0.4397117921308974
0.43842478556379827
0.43714054228017674
0.4358590885119914
0.43458045022603153
0.43330465312238264
0.4320317226329451
0.4307616839200098
0.4294945618748841
0.4282303811165763
0.4269691659905245
0.42571094056738945
0.4244557286418974
0.4232035537317257
0.421954439076462
0.42070840763659445
0.41946548209257106
0.41822568484390177
0.4169890380083152
0.4157555634209703
0.4145252826337146
0.4132982169143985
0.4120743872462366
0.4108538143272218
0.40963651856959304
0.4084225200993451
0.4072118387557959
0.40600449409120065
0.4048005053704148
0.40359989157060416
0.40240267138100816
0.4012088632027434
0.40001848514866645
0.3988315550432714
0.39764809042264126
0.3964681085344435
0.39529162633797266
0.3941186605042397
0.39294922741610094
0.39178334316843744
0.3906210235683747
0.38946228413554873
0.3883071401024113
0.3871556064145839
0.3860076977312452
0.38486342842556764
0.38372281258519414
0.3825858640127492
0.38145259622639605
0.3803230224604335
0.3791971556659255
0.3780750085113759
0.3769565933834381
0.37584192238766023
0.37473100734927156
0.37362385981399815
0.3725204910489238
0.37142091204337546
0.37032513350984875
0.36923316588496824
0.3681450193304776
0.36706070373426514
0.3659802287114181
0.36490360360531227
0.36383083748873124
0.3627619391650104
0.3616969171692256
0.3606357797693872
0.3595785349676901
0.3585251905017689
0.3574757538459916
0.3564302322127789
0.35538863255394904
0.35435096156208334
0.353317225671928
0.3522874310618075
0.35126158365506777
0.3502396891215471
0.34922175287905854
0.3482077800949055
0.3471977756874084
0.3461917443274669
0.3451896904401187
0.3441916182061472
0.3431975315636838
0.34220743420984034
0.3412213296023596
0.3402392209612778
0.3392611112706089
0.33828700328004413
0.3373168995066651
0.33635080223667224
0.33538871352713095
0.3344306352077301
0.3334765688825526
0.3325265159318588
0.33158047751388686
0.3306384545666603
0.329700447809807
0.3287664577463931
0.32783648466476356
0.3269105286403926
0.3259885895377467
0.32507066701215337
0.32415676051167985
0.32324686927901825
0.3223409923533783
0.3214391285723909
0.32054127657401
0.3196474347984305
0.3187576014900052
0.3178717746991634
0.31698995228434634
0.31611213191393206
0.31523831106817823
0.3143684870411585
0.3135026569426994
0.3126408177003345
0.31178296606124467
0.31092909859420814
0.3100792116915475
0.3092333015710863
0.30839136427809455
0.3075533956872397
0.30671939150453964
0.30588934726931305
0.30506325835612513
0.3042411199767395
0.3034229271820593
0.3026086748640765
0.3017983577578077
0.3009919704432379
0.30018950734725225
0.29939096274556887
0.2985963307646706
0.29780560538372713
0.29701878043651275
0.2962358496133285
0.29545680646290406
0.29468164439431555
0.2939103566788711
0.2931429364520173
0.29237937671522196
0.29161967033785874
0.29086381005907924
0.29011178848968733
0.28936359811399637
0.2886192312916872
0.2878786802596581
0.28714193713385505
0.28640899391111396
0.28567984247097933
0.28495447457752376
0.28423288188114737
0.28351505592038706
0.28280098812369525
0.2820906698112303
0.28138409219662064
0.2806812463887306
0.27998212339341233
0.27928671411524564
0.27859500935927495
0.27790699983273115
0.27722267614674145
0.2765420288180359
0.2758650482706356
0.2751917248375396
0.2745220487623854
0.2738560102011208
0.2731935992236467
0.27253480581545286
0.27187961987925136
0.27122803123658434
0.27058002962943695
0.2699356047218213
0.26929474610136295
0.26865744328087204
0.26802368569989365
0.26739346272626274
0.2667667636576342
0.26614357772300634
0.2655238940842276
0.26490770183750223
0.26429499001487133
0.2636857475856873
0.26307996345808027
0.26247762648040185
0.2618787254426661
0.26128324907797706
0.2606911860639367
0.2601025250240495
0.25951725452910834
0.2589353630985717
0.25835683920192576
0.2577816712600369
0.25720984764649
0.2566413566889114
0.2560761866702883
0.2555143258302629
0.2549557623664268
0.25440048443559427
0.2538484801550639
0.2532997376038755
0.2527542448240422
0.25221198982178106
0.25167296056872457
0.2511371450031229
0.2506045310310344
0.2500751065274972
0.24954885933769877
0.2490257772781227
0.2485058481376926
0.24798905967889706
0.24747539963890564
0.24696485573066929
0.24645741564401336
0.24595306704671582
0.245451797585572
0.2449535948874496
0.24445844656033078
0.2439663401943425
0.24347726336277542
0.2429912036230899
0.24250814851790858
0.24202808557600342
0.2415510023132622
0.2410768862336502
0.24060572483015863
0.24013750558573932
0.23967221597422972
0.23920984346126628
0.23875037550518785
0.23829379955792207
0.23784010306586867
0.23738927347076644
0.23694129821054866
0.23649616472019075
0.23605386043254306
0.23561437277915587
0.23517768919109472
0.23474379709973725
0.23431268393756854
0.23388433713896184
0.23345874414094547
0.2330358923839686
0.23261576931264238
0.23219836237648572
0.23178365903064801
0.23137164673663335
0.23096231296300573
0.23055564518608385
0.23015163089063106
0.22975025757054046
0.2293515127294915
0.2289553838816175
0.22856185855214617
0.2281709242780462
0.22778256860865298
0.22739677910629152
0.2270135433468793
0.2266328489205378
0.22625468343217803
0.22587903450208435
0.2255058897664911
0.22513523687814174
0.2247670635068516
0.2244013573400473
0.22403810608331265
0.2236772974609128
0.2233189192163163
0.22296295911270736
0.2226094049334909
0.22225824448278653
0.2219094655859154
0.22156305608988258
0.22121900386384163
0.22087729679956336
0.22053792281188533
0.2202008698391641
0.21986612584370935
0.2195336788122152
0.21920351675618688
0.21887562771235458
0.21854999974308287
0.2182266209367678
0.2179054794082348
0.21758656329912318
0.21726986077826205
0.21695536004204952
0.21664304931480738
0.21633291684914624
0.21602495092631446
0.21571913985653834
0.21541547197936295
0.21511393566398362
0.2148145193095634
0.21451721134555557
0.21422200023201177
0.21392887445988995
0.2136378225513419
0.2133488330600185
0.2130618945713426
0.2127769957027983
0.2124941251041954
0.212213271457942
0.2119344234792998
0.2116575699166493
0.21138269955172528
0.21110980119987344
0.2108388637102786
0.21056987596620302
0.21030282688520907
0.21003770541938527
0.20977450055555547
0.209513201315497
0.20925379675613465
0.208996275969758
0.20874062808419502
0.20848684226302128
0.20823490770573017
0.2079848136479221
0.20773654936147246
0.2074901041547048
0.2072454673725571
0.20700262839674
0.2067615766458909
0.2065223015757297
0.2062847926792012
0.2060490394866178
0.20581503156580017
0.20558275852220387
0.20535220999905635
0.2051233756774744
0.20489624527658723
0.2046708085536556
0.20444705530417606
0.20422497536199735
0.20400455859941902
0.20378579492729398
0.20356867429512204
0.20335318669114333
0.20313932214242936
0.2029270707149613
0.20271642251371802
0.20250736768274968
0.2022998964052497
0.202093998903628
0.2018896654395782
0.20168688631413845
0.2014856518677477
0.2012859524803131
0.20108777857124915
0.2008911205995414
0.20069596906377873
0.20050231450220968
0.2003101474927721
0.2001194586531393
0.19993023864074855
0.19974247815282975
0.19955616792644404
0.19937129873849324
0.19918786140575817
0.19900584678490774
0.19882524577251814
0.19864604930508856
0.19846824835904864
0.19829183395077088
0.19811679713657426
0.19794312901272504
0.19777082071544572
0.1975998634209032
0.19743024834520762
0.1972619667444112
0.19709500991449047
0.1969293691913393
0.19676503595075356
0.19660200160841568
0.19644025761987782
0.19627979548053298
0.19612060672560405
0.19596268293010788
0.19580601570883494
0.1956505967163148
0.19549641764678893
0.1953434702341741
0.19519174625202795
0.19504123751351043
0.1948919358713459
0.19474383321778221
0.19459692148454255
0.19445119264278532
0.19430663870305676
0.19416325171523852
0.1940210237685006
0.19387994699124578
0.1937400135510613
0.1936012156546556
0.19346354554780698
0.1933269955153002
0.19319155788086928
0.19305722500713351
0.1929239892955339
0.19279184318627063
0.1926607791582281
0.19253078972891646
0.19240186745439736
0.19227400492921465
0.19214719478631703
0.19202142969699
0.19189670237077783
0.19177300555540688
0.19165033203670834
0.19152867463854273
0.19140802622271058
0.19128837968887957
0.1911697279744966
0.19105206405470765
0.19093538094226759
0.19081967168745928
0.19070492937800332
0.19059114713896752
0.1904783181326839
0.19036643555864907
0.19025549265343888
0.19014548269061693
0.19003639898063385
0.18992823487073818
0.18982098374487755
0.1897146390236082
0.18960919416398891
0.1895046426594874
0.18940097803987965
0.1892981938711541
0.18919628375539987
0.18909524133071842
0.18899506027110968
0.18889573428637707
0.18879725712201656
0.1886996225591152
0.1886028244142436
0.18850685653935317
0.18841171282166336
0.18831738718355684
0.1882238735824734
0.18813116601079527
0.18803925849574055
0.18794814509925117
0.18785781991788575
0.18776827708270172
0.18767951075914568
0.18759151514694572
0.1875042844799859
0.18741781302620508
0.18733209508747428
0.18724712499948337
0.1871628971316297
0.18707940588689276
0.18699664570172947
0.18691461104594753
0.1868332964225924
0.18675269636782899
0.18667280545082165
0.18659361827361975
0.186515129471032
0.1864373337105114
0.18636022569203792
0.18628380014799217
0.18620805184303402
0.18613297557399366
0.18605856616973437
0.18598481849104098
0.1859117274304961
0.18583928791235582
0.18576749489243005
0.18569634335795782
0.18562582832748742
0.18555594485074522
0.18548668800852253
0.18541805291254454
0.18535003470535105
0.1852826285601692
0.18521582968078898
0.1851496333014403
0.18508403468666879
0.18501902913121004
0.18495461195986396
0.18489077852736957
0.18482752421828386
0.18476484444684527
0.18470273465686404
0.18464119032158266
0.18458020694355648
0.18451978005452974
0.1844599052153023
0.1844005780156106
0.1843417940739993
0.18428354903769206
0.18422583858247144
0.1841686584125436
0.18411200426042518
0.18405587188680084
0.18400025708041268
0.18394515565791902
0.1838905634637812
0.18383647637012912
0.18378289027663686
0.18372980111039283
0.1836772048257832
0.18362509740435484
0.183573474854696
0.18352233321230527
0.18347166853946728
0.1834214769251289
0.1833717544847695
0.18332249736027517
0.1832737017198166
0.18322536375771892
0.1831774796943364
0.18313004577593028
0.18308305827453752
0.18303651348785177
0.1829904077390938
0.18294473737688355
0.1828994987751219
0.18285468833286267
0.18281030247418517
0.1827663376480705
0.18272279032828365
0.18267965701323385
0.18263693422587168
0.18259461851354075
0.18255270644787336
0.18251119462466014
0.18247007966371986
0.18242935820878559
0.18238902692737702
0.18234908251067894
0.18230952167341252
0.18227034115372442
0.18223153771304934
0.18219310813600498
0.1821550492302526
0.18211735782638716
0.18208003077781099
0.1820430649606145
0.18200645727345144
0.18197020463742186
0.18193430399595056
0.181898752314665
0.1818635465812748
0.1818286838054558
0.18179416101872814
0.18175997527433319
0.18172612364711804
0.18169260323342007
0.18165941115094064
0.1816265445386328
0.18159400055657748
0.18156177638587545
0.1815298692285171
0.18149827630727344
0.18146699486558215
0.1814360221674184
0.18140535549719317
0.1813749921596265
0.1813449294796362
0.18131516480222365
0.18128569549235396
0.1812565189348475
0.18122763253425844
0.18119903371476698
0.1811707199200615
0.18114268861322458
0.18111493727662553
0.1810874634117966
0.18106026453933566
0.18103333819877943
0.18100668194849823
0.18098029336558719
0.18095417004574677
0.18092830960318207
0.18090270967048572
0.1808773678985235
0.1808522819563393
0.1808274495310288
0.18080286832764292
0.18077853606907013
0.18075445049593653
0.18073060936649066
0.1807070104564975
0.18068365155913468
0.18066053048488173
0.18063764506141522
0.18061499313350005
0.18059257256289063
0.18057038122821423
0.18054841702487645
0.1805266778649518
0.1805051616770762
0.18048386640634995
0.1804627900142285
0.18044193047842516
0.1804212857927987
0.1804008539672609
0.18038063302766927
0.18036062101572714
0.18034081598887752
0.18032121602021156
0.18030181919836163
0.18028262362739989
0.1802636274267434
0.18024482873105063
0.1802262256901247
0.18020781646881578
0.1801895992469209
0.18017157221908586
0.18015373359470965
0.1801360815978471
0.1801186144671102
0.18010133045557686
0.18008422783068878
0.18006730487416167
0.18005055988188456
0.18003399116383456
0.18001759704397058
0.18000137586014786
0.17998532596402506
0.1799694457209654
0.1799537335099486
0.17993818772347758
0.1799228067674875
0.17990758906125548
0.1798925330373029
0.17987763714131466
0.17986289983204307
0.1798483195812186
0.17983389487346269
0.17981962420619846
0.17980550608955914
0.17979153904630463
0.1797777216117319
0.17976405233358494
0.17975052977197237
0.17973715249928057
0.17972391910008445
0.17971082817106343
0.17969787832091877
0.1796850681702843
0.17967239635164534
0.17965986150925495
0.17964746229904838
0.17963519738855938
0.17962306545684148
0.17961106519438041
0.17959919530301993
0.17958745449586833
0.17957584149723138
0.1795643550425171
0.17955299387817092
0.17954175676158224
0.17953064246101302
0.17951964975551793
0.1795087774348607
0.17949802429943995
0.17948738916021567
0.17947687083861996
0.1794664681664916
0.1794561799859945
0.17944600514953868
0.1794359425197133
0.17942599096919842
0.17941614938070327
0.17940641664688428
0.179396791670269
0.17938727336319016
0.17937786064770356
0.1793685524555223
0.17935934772793705
0.17935024541575295
0.17934124447921151
0.17933234388791697
0.17932354262077188
0.17931483966590334
0.1793062340205912
0.17929772469120098
0.17928931069311516
0.17928099105065975
0.17927276479703658
0.17926463097426126
0.17925658863308958
0.17924863683295056
0.17924077464188015
0.17923300113645257
0.1792253154017217
0.17921771653114238
0.17921020362651696
0.17920277579792243
0.1791954321636493
0.17918817185013713
0.1791809939919099
0.1791738977315105
0.17916688221943788
0.17915994661408952
0.1791530900816931
0.17914631179624563
0.17913961093945174
0.17913298670066613
0.17912643827682573
0.17911996487239346
0.17911356569929815
0.1791072399768755
0.17910098693180287
0.17909480579804582
0.17908869581679943
0.17908265623642527
0.17907668631240015
0.17907078530724807
0.17906495249049692
