0.8018985649752374
0.7491173926286754
0.7477780729438352
0.7464303017753606
0.7450755591306173
0.7437147428539784
0.7423483564577719
0.7409766926321715
0.7395999264853999
0.7382181636340255
0.7368314665363824
0.7354398697905598
0.7340433894956586
0.732642029242184
0.7312357840955765
0.7298246433344362
0.7284085923873231
0.7269876142368177
0.7255616904589619
0.7241308020064493
0.7226949298072916
0.7212540552276154
0.7198081604323274
0.7183572286675566
0.7169012444821397
0.7154401939008795
0.7139740645591237
0.7125028458059595
0.7110265287816926
0.7095451064740941
0.7080585737570124
0.7065669274142752
0.7050701661513009
0.7035682905964395
0.7020613032937364
0.700549208688571
0.6990320131074064
0.6975097247327144
0.6959823535739942
0.6944499114356834
0.6929124118826488
0.691369870203852
0.6898223033747055
0.6882697300185674
0.686712170367747
0.6851496462243569
0.6835821809212757
0.6820097992834608
0.6804325275898007
0.6788503935356607
0.6772634261962565
0.6756716559909447
0.6740751146485183
0.6724738351735512
0.6708678518138353
0.6692572000289296
0.6676419164598335
0.6660220388997662
0.6643976062660633
0.6627686585731456
0.6611352369065477
0.6594973833979656
0.6578551412012865
0.656208554469565
0.6545576683328969
0.6529025288771417
0.6512431831234631
0.6495796790086221
0.6479120653659876
0.6462403919072137
0.6445647092045423
0.6428850686736804
0.6412015225572099
0.6395141239084936
0.6378229265760287
0.6361279851882151
0.6344293551384952
0.6327270925708357
0.6310212543655151
0.6293118981251824
0.6275990821611608
0.6258828654799655
0.62416330777001
0.622440469388476
0.620714411348323
0.6189851953054148
0.6172528835457447
0.6155175389727419
0.6137792250946357
0.6120380060118713
0.6102939464045496
0.6085471115198939
0.6067975671597179
0.605045379667887
0.6032906159177687
0.6015333432996586
0.5997736297081704
0.5980115435295963
0.5962471536292084
0.5944805293385254
0.5927117404425111
0.5909408571667214
0.5891679501643876
0.5873930905034319
0.5856163496534201
0.5838377994724413
0.5820575121939235
0.5802755604133731
0.5784920170750485
0.5767069554585638
0.5749204491654214
0.5731325721054785
0.5713433984833474
0.5695530027847322
0.5677614597626959
0.5659688444238828
0.5641752320146656
0.5623806980072523
0.560585318085733
0.5587891681320847
0.5569923242121257
0.555194862561436
0.5533968595712337
0.5515983917742249
0.5497995358304191
0.5480003685129262
0.546200966693726
0.5444014073294294
0.5426017674470245
0.5408021241296157
0.5390025545021617
0.5372031357172218
0.5354039449407006
0.5336050593376118
0.5318065560578609
0.5300085122220457
0.5282110049072888
0.5264141111331002
0.5246179078472799
0.522822471911861
0.5210278800891031
0.5192342090275366
0.5174415352480668
0.5156499351301389
0.5138594848979716
0.5120702606068659
0.510282338129588
0.5084957931428356
0.506710701113795
0.5049271372867861
0.5031451766700086
0.5013648940223865
0.4995863638405179
0.4978096603457415
0.49603485747131415
0.49426202884970927
0.4924912478000355
0.49072258731559526
0.4889561200515605
0.4871919183127996
0.4854300540418329
0.4836705988069444
0.48191362379043123
0.48015919977701726
0.4784073971424093
0.4766582858420255
0.4749119353998792
0.4731684148976315
0.4714277929638163
0.46969013776323254
0.4679555169865178
0.46622399783989665
0.46449564703511603
0.46277053077956276
0.46104871476656184
0.45933026416587686
0.45761524361439143
0.45590371720699396
0.45419574848764854
0.45249140044067737
0.4507907354822305
0.4490938154519678
0.4474007016049403
0.44571145460367967
0.44402613451048845
0.442344800779951
0.44066751225164247
0.43899432714305087
0.43732530304271744
0.4356604969035839
0.43399996503655236
0.43234376310426403
0.430691946115091
0.4290445684173362
0.4274016836936624
0.42576334495572443
0.4241296045390256
0.4225005140979795
0.4208761246012025
0.4192564863270061
0.41764164885911725
0.4160316610826038
0.41442657118001647
0.41282642662774927
0.41123127419260497
0.40964115992858297
0.40805612917385947
0.4064762265480031
0.40490149594937497
0.4033319805527549
0.4017677228071589
0.400208764433877
0.3986551464246981
0.3971069090403516
0.39556409180913943
0.3940267335257731
0.39249487225040103
0.39096854530783576
0.38944778928697554
0.38793264004040984
0.38642313268422346
0.38491930159797827
0.38342118042488793
0.38192880207216784
0.3804421987115706
0.3789614017800992
0.377486441980888
0.37601734928426866
0.3745541529290003
0.37309688142366093
0.371645562548221
0.37020022335576075
0.36876089017436353
0.3673275886091556
0.36590034354450585
0.36447917914637407
0.3630641188648155
0.3616551854366189
0.3602524008880994
0.35885578653802785
0.3574653630006951
0.3560811501891159
0.35470316731836005
0.3533314329090109
0.3519659647907605
0.35060678010611335
0.34925389531421625
0.34790732619480635
0.3465670878522745
0.3452331947198297
0.3439056605637848
0.34258449848793315
0.3412697209380403
0.3399613397064237
0.33865936593663626
0.33736381012823535
0.3360746821416477
0.334791991203118
0.33351574590974065
0.3322459542345778
0.3309826235318477
0.32972576054219316
0.32847537139802185
0.3272314616289158
0.32599403616710365
0.32476309935300385
0.32353865494082135
0.3223207061042105
0.3211092554419811
0.31990430498387346
0.31870585619636416
0.3175139099885399
0.3163284667179983
0.31514952619680214
0.3139770876974658
0.3128111499589802
0.3116517111928787
0.31049876908932583
0.3093523208232397
0.30821236306044053
0.30707889196382465
0.305951903199562
0.30483139194330755
0.30371735288643864
0.30260978024230345
0.30150866775248153
0.3004140086930581
0.2993257958809039
0.29824402167997144
0.2971686780075774
0.29609975634071317
0.29503724772233
0.2939811427676461
0.29293143167043345
0.29188810420930766
0.29085114975401716
0.28982055727170764
0.2887963153331944
0.28777841211920985
0.2867668354266434
0.285761572674768
0.28476261091144695
0.28376993681931906
0.28278353672197565
0.28180339659010467
0.2808295020476166
0.2798618383777526
0.2789003905291554
0.27794514312192664
0.27699608045364366
0.27605318650536326
0.2751164449475798
0.27418583914615746
0.27326135216823777
0.2723429667881039
0.2714306654930162
0.27052443048900665
0.2696242437066436
0.2687300868067576
0.2678419411861267
0.2669597879831226
0.26608360808332154
0.2652133821250695
0.264349090505009
0.2634907133835632
0.26263823069037684
0.2617916221297133
0.26095086718581095
0.2601159451281917
0.2592868350169223
0.25846351570783554
0.2576459658577036
0.2568341639293613
0.2560280881967846
0.25522771675012523
0.25443302750068775
0.25364399818587147
0.2528606063740505
0.2520828294694152
0.25131064471675935
0.25054402920621666
0.24978295987795474
0.2490274135268037
0.24827736680686163
0.24753279623601676
0.24679367820044584
0.24605998895904901
0.24533170464783371
0.24460880128425655
0.2438912547715023
0.24317904090272702
0.24247213536523216
0.24177051374460223
0.2410741515287903
0.2403830241121394
0.2396971067993715
0.23901637480951388
0.23834080327977636
0.23767036726938384
0.2370050417633457
0.23634480167619543
0.23568962185565556
0.23503947708627349
0.23439434209299348
0.23375419154468569
0.23311900005762753
0.2324887421989269
0.23186339248990195
0.23124292540941604
0.23062731539715753
0.23001653685687007
0.22941056415954197
0.22880937164654058
0.22821293363270645
0.2276212244093876
0.22703421824744563
0.22645188940019
0.2258742121062961
0.22530116059264638
0.2247327090771517
0.22416883177150648
0.2236095028839168
0.22305469662176425
0.22250438719424748
0.22195854881495813
0.22141715570442588
0.2208801820926215
0.22034760222140426
0.21981939034693854
0.21929552074206582
0.21877596769862595
0.21826070552975585
0.21774970857211817
0.21724295118812442
0.21674040776808168
0.21624205273232777
0.21574786053331618
0.21525780565764985
0.2147718626280989
0.21429000600555959
0.21381221039099774
0.21333845042731892
0.21286870080124087
0.21240293624510365
0.21194113153865402
0.211483261510785
0.2110293010412504
0.21057922506233506
0.21013300856049755
0.20969062657797
0.20925205421433357
0.20881726662804778
0.20838623903796505
0.20795894672478799
0.207535365032521
0.20711546936986103
0.2066992352115845
0.2062866380998828
0.20587765364567667
0.2054722575298985
0.20507042550473698
0.20467213339486623
0.20427735709863637
0.2038860725892263
0.2034982559157944
0.2031138832045709
0.2027329306599398
0.20235537456549535
0.20198119128505387
0.2016103572636586
0.2012428490285506
0.2008786431901064
0.20051771644276029
0.2001600455659004
0.19980560742472797
0.19945437897111207
0.1991063372443973
0.19876145937221124
0.19841972257122453
0.19808110414790592
0.19774558149925003
0.1974131321134701
0.19708373357069264
0.19675736354360618
0.19643399979810028
0.19611362019388612
0.19579620268508569
0.19548172532081354
0.19517016624572447
0.19486150370054778
0.1945557160226109
0.1942527816463221
0.193952679103656
0.1936553870246086
0.1933608841376323
0.19306914927006158
0.19278016134851672
0.19249389939928252
0.1922103425486842
0.19192947002343208
0.19165126115096065
0.19137569535974086
0.19110275217958694
0.19083241124194117
0.19056465228013897
0.19029945512967006
0.19003679972841125
0.1897766661168564
0.1895190344383232
0.1892638849391467
0.18901119796886745
0.1887609539803904
0.18851313353014254
0.188267717278213
0.1880246859884792
0.1877840205287219
0.18754570187072428
0.1873097110903622
0.18707602936767864
0.18684463798695228
0.1866155183367434
0.1863886519099408
0.18616402030378898
0.185941605219901
0.18572138846427277
0.18550335194727963
0.18528747768365328
0.185073747792467
0.1848621444970906
0.18465265012515497
0.18444524710849197
0.1842399179830677
0.1840366453889125
0.18383541207003617
0.1836362008743363
0.18343899475349446
0.18324377676286485
0.18305053006135885
0.18285923791131964
0.182669883678376
0.1824824508313153
0.18229692294191013
0.18211328368478252
0.18193151683722097
0.181751606279008
0.18157353599224335
0.18139729006115213
0.1812228526718892
0.18105020811233385
0.18087934077188494
0.18071023514124163
0.1805428758121801
0.18037724747732842
0.18021333492992664
0.18005112306359028
0.17989059687205877
0.17973174144894744
0.17957454198748513
0.179418983780252
0.17926505221891353
0.17911273279393736
0.1789620110943243
0.17881287280731561
0.1786653037181063
0.1785192897095529
0.17837481676186917
0.1782318709523274
0.17809043845494898
0.17795050554019065
0.17781205857463123
0.17767508402064536
0.17753956843608443
0.1774054984739465
0.17727286088203975
0.17714164250265219
0.17701183027220935
0.17688341122093088
0.17675637247248133
0.17663070124362656
0.17650638484387382
0.17638341067512098
0.17626176623129097
0.17614143909797564
0.17602241695206633
0.17590468756138622
0.17578823878432315
0.17567305856944815
0.17555913495515119
0.17544645606925136
0.1753350101286243
0.17522478543881304
0.175115770393646
0.17500795347485376
0.17490132325166685
0.17479586838043926
0.17469157760424248
0.17458843975248095
0.1744864437404844
0.1743855785691184
0.17428583332437597
0.1741871971769845
0.1740896593819916
0.1739932092783687
0.17389783628860034
0.17380352991827852
0.17371027975569275
0.1736180754714175
0.17352690681790717
0.173436763629078
0.1733476358198961
0.17325951338596413
0.17317238640310517
0.17308624502694714
0.17300107949250687
0.1729168801137687
0.17283363728326961
0.17275134147167914
0.17266998322738092
0.1725895531760503
0.17251004202023468
0.17243144053893433
0.17235373958717892
0.17227693009560496
0.17220100307003605
0.17212594959105798
0.17205176081360296
0.17197842796651397
0.17190594235213663
0.17183429534588457
0.17176347839582462
0.17169348302224974
0.17162430081725644
0.1715559234443228
0.17148834263788848
0.1714215502029256
0.1713555380145243
0.17129029801746365
0.1712258222257974
0.1711621027224225
0.1710991316586704
0.17103690125387594
0.170975403794964
0.17091463163602372
0.17085457719789598
0.17079523296774735
0.17073659149866127
0.17067864540920796
0.17062138738303945
0.17056481016846725
0.17050890657804452
0.1704536694881572
0.1703990918386058
0.17034516663219312
0.17029188693430852
0.17023924587252381
0.17018723663617275
0.1701358524759483
0.1700850867034861
0.17003493269096515
0.16998538387069428
0.16993643373470768
0.16988807583435428
0.16984030377990278
0.16979311124013519
0.1697464919419368
0.169700439669903
0.16965494826594052
0.1696100116288607
0.1695656237139871
0.16952177853275996
0.16947847015233453
0.1694356926951942
0.16939344033874848
0.16935170731495452
0.16931048790991088
0.16926977646347863
0.16922956736889228
0.1691898550723674
0.16915063407272235
0.16911189892099043
0.16907364422003612
0.1690358646241803
0.16899855483880633
0.16896170962000057
0.16892532377416047
0.1688893921576241
0.1688539096762961
0.16881887128527506
0.16878427198848012
0.1687501068382874
0.16871637093515046
0.16868305942724449
0.16865016751009676
0.16861769042622032
0.16858562346475725
0.16855396196111017
0.16852270129659364
0.16849183689806801
0.1684613642375884
0.16843127883204423
0.16840157624281515
0.16837225207541262
0.1683433019791356
0.16831472164671768
0.16828650681398427
0.16825865325950906
0.16823115680426337
0.16820401331128731
0.16817721868533786
0.16815076887255975
0.16812465986014458
0.16809888767599634
0.16807344838839977
0.16804833810568942
0.16802355297591742
0.16799908918653061
0.1679749429640368
0.1679511105736884
0.1679275883191541
0.16790437254220125
0.16788145962237389
0.16785884597667577
0.1678365280592562
0.16781450236109385
0.16779276540968546
0.167771313768736
0.16775014403784683
0.1677292528522102
0.1677086368823092
0.16768829283359965
0.16766821744622573
0.16764840749470744
0.16762885978764597
0.1676095711674287
0.16759053850993466
0.1675717587242338
0.16755322875230572
0.16753494556874327
0.16751690618046933
0.16749910762644638
0.16748154697739315
0.1674642213355032
0.16744712783416438
0.16743026363767888
0.16741362594098386
0.16739721196937662
0.1673810189782472
0.16736504425279541
0.1673492851077648
0.16733373888718062
0.1673184029640722
0.16730327474021311
0.16728835164585953
0.16727363113948357
0.16725911070751842
0.16724478786409502
0.1672306601507899
0.1672167251363662
0.16720298041652537
0.16718942361365274
0.16717605237656696
0.1671628643802766
0.16714985732572663
0.16713702893956162
0.16712437697387672
0.1671118992059809
0.16709959343815461
0.1670874574974155
0.1670754892352765
0.16706368652751757
0.1670520472739483
0.16704056939818201
0.16702925084740006
0.16701808959213016
0.16700708362601457
0.1669962309655918
0.16698552965006686
0.16697497774110015
0.1669645733225753
0.16695431450039167
0.1669441994022437
0.1669342261774066
0.16692439299652373
0.16691469805139703
0.1669051395547715
0.16689571574013673
0.16688642486151029
0.1668772651932381
0.16686823502979176
0.16685933268556463
0.1668505564946705
0.16684190481074823
0.1668333760067625
0.16682496847480788
0.1668166806259167
0.16680851088986415
0.1668004577149821
0.16679251956796115
0.16678469493367054
0.1667769823149695
0.1667693802325242
0.16676188722461405
0.1667545018469666
0.16674722267256425
0.16674004829147016
0.16673297731065018
0.16672600835379647
0.16671914006115374
0.16671237108934756
0.16670570011120744
0.1666991258156031
0.16669264690727081
0.1666862621066495
0.16667997014971292
0.1666737697878048
0.16666765978747744
0.1666616389303296
0.16665570601284385
0.1666498598462316
0.16664409925627244
0.16663842308315824
0.16663283018133945
0.16662731941937226
0.166621889679762
0.16661653985882008
0.1666112688665079
0.16660607562628782
0.1666009590749843
0.16659591816263086
0.16659095185232775
0.1665860591201005
0.16658123895475763
0.16657649035775002
0.16657181234302776
0.16656720393691238
0.16656266417794885
0.1665581921167778
0.16655378681599842
0.1665494473500363
0.1665451728050097
0.16654096227860338
0.166536814879934
0.16653272972942768
0.16652870595868663
0.1665247427103701
0.16652083913806637
0.16651699440616785
0.16651320768975097
0.16650947817445916
0.16650580505637347
0.1665021875418996
0.16649862484765487
0.16649511620033985
0.16649166083663391
0.16648825800307543
0.16648490695594942
0.16648160696117786
0.1664783572942018
0.1664751572398827
0.166472006092382
0.1664689031550607
0.1664658477403721
0.1664628391697488
0.16645987677350982
0.16645695989074571
0.16645408786922467
0.16645126006528432
0.16644847584373423
0.16644573457775846
0.1664430356488119
0.1664403784465266
0.16643776236861318
0.16643518682076752
0.1664326512165708
0.16643015497740243
0.16642769753234388
0.16642527831808362
0.16642289677883548
0.16642055236623776
0.16641824453927112
0.16641597276416886
0.16641373651433022
0.16641153527023078
0.16640936851934196
0.16640723575604122
0.16640513648153232
0.1664030702037621
0.1664010364373364
0.16639903470344253
0.16639706452976222
0.16639512545040136
0.16639321700580367
0.1663913387426773
0.16638949021391802
0.16638767097852913
0.16638588060154913
0.16638411865397973
0.1663823847127074
0.16638067836043235
0.16637899918559507
0.16637734678230987
0.16637572075028928
0.16637412069477364
0.16637254622646847
0.16637099696146818
0.1663694725211936
0.16636797253232605
0.16636649662673142
0.16636504444141254
0.16636361561842739
0.16636220980483463
0.16636082665262875
0.166359465818672
0.1663581269646427
0.16635680975696643
0.1663555138667555
0.16635423896975565
0.16635298474627846
0.1663517508811495
0.166350537063647
0.1663493429874462
0.16634816835055977
0.16634701285528986
0.16634587620816055
0.16634475811987726
0.16634365830525855
0.16634257648319595
0.16634151237658967
0.16634046571230554
0.16633943622111913
0.16633842363766194
0.16633742770037863
0.16633644815146909
0.1663354847368469
0.16633453720608238
0.1663336053123624
0.16633268881243624
0.1663317874665733
0.1663309010385149
0.16633002929542773
0.16632917200785968
0.16632832894969318
0.16632749989810536
0.16632668463351485
0.16632588293955097
0.16632509460300327
0.16632431941377723
0.16632355716485814
0.16632280765227014
0.16632207067502824
0.16632134603510762
0.16632063353739424
0.16631993298965375
0.16631924420248734
0.16631856698929548
0.16631790116623923
0.1663172465522057
0.16631660296876571
0.16631597024014155
0.16631534819316818
0.16631473665726004
0.16631413546437468
0.16631354444897617
0.16631296344800484
0.16631239230083728
0.16631183084926082
0.16631127893743258
0.16631073641185135
0.16631020312132438
0.16630967891693293
0.16630916365200665
0.16630865718208598
0.16630815936489463
0.16630767006030867
0.1663071891303285
0.16630671643904404
0.16630625185261305
