0.7851673225978554
0.7624256123335189
0.7549962990873699
0.7473892731911738
0.7396165305972782
0.7316874187400164
0.7236079333112261
0.7153822655562225
0.7070136975549935
0.6985050881594682
0.6898591501581264
0.6810786188026814
0.6721663607667225
0.6631254484927653
0.6539592131944598
0.6446712838594841
0.6352656164632333
0.6257465158749389
0.6161186519517061
0.6063870707374774
0.596557201337927
0.5866348588334331
0.5766262434668934
0.5665379362700782
0.5563768912528639
0.5461504242624231
0.5358661986170641
0.5255322076270561
0.5151567541291251
0.5047484271801665
0.4943160760772304
0.48386878189378424
0.4734158267455656
0.4629666610220501
0.4525308688410261
0.4421181320032991
0.43173819274153447
0.4214008155713006
0.41111574856303623
0.400892684360601
0.3907412212750999
0.3806708247815771
0.37069078974094316
0.36081020366011307
0.3510379112899342
0.3413824808432325
0.33185217209453954
0.3224549065990562
0.3131982402416401
0.30408933829756835
0.2951349531558778
0.28634140482408943
0.2777145643002418
0.269259839865318
0.26098216631666993
0.2528859971315697
0.24497529951997343
0.23725355229744804
0.22972374648337857
0.22238838850627562
0.21524950587762703
0.20830865517830166
0.20156693218724697
0.19502498397106782
0.188683022745062
0.18254084131125037
0.17659782987676698
0.17085299405650212
0.16530497386676624
0.1599520635218491
0.15479223185224067
0.1498231431718846
0.14504217843154377
0.14044645650622156
0.1360328554760888
0.1317980337722915
0.1277384510712597
0.12385038883328081
0.12012997039315065
0.11657318052235244
0.11317588439345017
0.10993384588802357
0.10684274519942105
0.10389819569098913
0.1010957599789305
0.09843096521684203
0.09589931756605552
0.0934963158423242
0.09121746433510214
0.08905828480070677
0.08701432763515793
0.08508118223633943
0.08325448656854062
0.08152993594536706
0.07990329104947314
0.07837038520974904
0.07692713095833914
0.07556952589141464
0.07429365785879327
0.07309570950860156
0.07197196221384727
0.0709187994084931
0.06993270936100959
0.06901028741371462
0.06814823771635137
0.06734337448245553
0.06659262279693234
0.06589301900317379
0.06524171069772111
0.06463595636016273
0.06407312464553139
0.06355069336593966
0.06306624818758222
0.06261748106866527
0.06220218846300474
0.06181826931335188
0.061463722857618586
0.06113664627035165
0.060835232160865615
0.06055776594850537
0.06030262313454893
0.0600682664892358
0.059853243171421266
0.05965618179732113
0.059475789473757756
0.059310848810334105
0.05916021492389023
0.05902281244761065
0.05889763255614844
0.058783730017130886
0.0586802202784934
0.058586276600120724
0.05850112723740297
0.058424052683448746
0.058354382975836505
0.05829149507305509
0.05823481030496824
0.05818379190096834
0.058137942598810444
0.05809680233645731
0.0580599460287341
0.0580269814300135
0.05799754708363036
0.057971310358322814
0.057947965571507165
0.057927232198870526
0.05790885316937189
0.05789259324447371
0.05787823748009302
0.05786558976960354
0.05785447146594003
0.05784472008068409
0.05783618805789603
0.05782874162031215
0.05782225968537935
0.057816632848613936
0.0578117624316169
0.05780755959210071
0.05780394449324211
0.05780084552966003
0.0577981986073407
0.05779594647484698
0.05779403810319739
0.05779242811179419
0.0577910762379249
0.057789946847307205
0.05778900848331503
0.057788233452538584
0.0577875974444132
0.05778707918276316
0.05778666010715472
0.05778632408204898
0.0577860571318628
0.05778584720006441
0.05778568393059924
0.057785558469967246
0.05778546328839196
0.0577853920185919
0.057785339310760464
0.057785300702423714
0.05778527250196097
0.05778525168459758
0.05778523579980188
0.05778522288907373
0.05778521141316906
0.05778520018789324
0.05778518832763224
0.05778517519589288
0.05778516036212833
0.05778514356422371
0.05778512467604913
0.05778510367953282
0.0577850806407606
0.05778505568965253
0.057785029002796695
0.05778500078907245
0.05778497127771498
0.05778494070852691
0.05778490932393454
0.05778487736267657
0.05778484505486026
0.05778481261821977
0.05778478025537759
0.057784748151961884
0.05778471647543426
0.05778468537450843
0.057784654979051275
0.057784625400368994
0.05778459673180436
0.057784569049564305
0.05778454241372766
0.0577845168693748
0.057784492447794045
0.05778446916774038
0.05778444703669594
0.05778442605213441
0.05778440620274106
0.05778438746959391
0.05778436982728785
0.05778435324498654
0.057784337687407206
0.05778432311572479
0.05778430948839963
0.057784296761926424
0.057784284891506665
0.057784273831641086
0.05778426353665722
0.05778425396116027
0.05778424506042301
0.05778423679071398
0.05778422910957426
0.05778422197602995
0.05778421535077527
0.05778420919629801
0.0577842034769781
0.05778419815914504
0.057784193211111834
0.05778418860318013
0.05778418430762322
0.05778418029865218
0.057784176552365896
0.0577841730466897
0.05778416976129852
0.05778416667754194
0.057784163778356934
0.05778416104817252
0.05778415847282714
0.057784156039465295
0.0577841537364554
0.05778415155329153
0.05778414948050414
0.05778414750958005
0.05778414563287393
0.05778414384352948
0.05778414213541094
0.05778414050302427
0.05778413894145906
0.05778413744632027
0.057784136013678045
0.05778413464001153
0.05778413332216337
0.05778413205729249
0.0577841308428394
0.05778412967648727
0.05778412855613124
0.057784127479850844
0.057784126445884376
0.05778412545260381
0.05778412449849846
0.05778412358215912
0.057784122702257634
0.05778412185754078
0.05778412104681585
0.05778412026894164
0.05778411952282314
0.057784118807403195
0.05778411812165629
0.05778411746458867
0.05778411683522977
0.05778411623263524
0.05778411565587893
0.05778411510405712
0.05778411457628463
0.05778411407169537
0.057784113589438135
0.057784113128685255
0.05778411268862371
0.057784112268458476
0.05778411186741639
0.05778411148473894
0.05778411111968984
0.05778411077155343
0.05778411043962928
0.05778411012324158
0.05778410982173254
0.05778410953446711
0.057784109260827776
0.05778410900021924
0.05778410875206752
0.05778410851581672
0.05778410829093428
0.05778410807690404
0.057784107873233403
0.05778410767944564
0.057784107495087667
0.0577841073197195
0.05778410715292359
0.05778410699429726
0.05778410684345692
0.0577841067000372
0.05778410656368427
0.05778410643406229
0.05778410631085329
0.057784106193749296
0.0577841060824591
0.05778410597670369
0.057784105876218295
0.05778410578074855
0.05778410569005332
0.05778410560390157
0.0577841055220758
0.057784105444364964
0.05778410537057155
0.05778410530050371
0.057784105233982364
0.05778410517083499
0.057784105110897155
0.0577841050540121
0.057784105000031616
0.05778410494881436
0.057784104900223454
0.0577841048541311
0.05778410481041474
0.057784104768957456
0.05778410472964757
0.0577841046923796
0.05778410465705297
0.057784104623569754
0.0577841045918398
0.05778410456177496
0.057784104533292635
0.057784104506313105
0.05778410448076121
0.057784104456564456
0.05778410443365534
0.057784104411967685
0.057784104391441216
0.05778410437201442
0.05778410435363357
0.05778410433624337
0.05778410431979353
0.057784104304236195
0.05778410428952441
0.05778410427561553
0.057784104262465275
0.057784104250037216
0.05778410423829128
0.0577841042271926
0.05778410421670743
0.05778410420680313
0.05778410419744884
0.05778410418861535
0.05778410418027624
0.05778410417240243
0.057784104164972594
0.05778410415795909
0.057784104151342164
0.05778410414509916
0.057784104139210535
0.05778410413365587
0.057784104128419944
0.05778410412348134
0.05778410411882673
0.057784104114440016
0.05778410411030477
0.05778410410640911
0.0577841041027396
0.05778410409928192
0.05778410409602708
0.0577841040929612
0.05778410409007473
0.05778410408735846
0.057784104084800614
0.05778410408239576
0.057784104080131016
0.05778410407800172
0.05778410407599921
0.05778410407411538
0.057784104072345244
0.057784104070680464
0.05778410406911627
0.05778410406764534
0.057784104066263886
0.057784104064966146
0.05778410406374768
0.057784104062602704
0.05778410406152812
0.05778410406051915
0.057784104059572905
0.05778410405868406
0.05778410405784984
0.057784104057068575
0.05778410405633494
0.0577841040556466
0.057784104055003005
0.05778410405439771
0.057784104053831276
0.05778410405329992
0.05778410405280232
0.05778410405233669
0.057784104051900376
0.057784104051491814
0.05778410405111023
0.05778410405075096
0.05778410405041656
0.057784104050102925
0.05778410404980994
0.057784104049535934
0.057784104049278695
0.057784104049039775
0.05778410404881529
0.05778410404860512
0.05778410404841017
0.05778410404822676
0.057784104048056784
0.05778410404789758
0.05778410404774803
0.05778410404760859
0.05778410404747891
0.05778410404735801
0.05778410404724521
0.05778410404713963
0.057784104047041596
0.05778410404694989
0.057784104046863516
0.0577841040467848
0.057784104046710305
0.057784104046641915
0.05778410404657619
0.057784104046515794
0.05778410404646095
0.05778410404640899
0.05778410404636036
0.057784104046314844
0.05778410404627332
0.057784104046234686
0.057784104046198714
0.0577841040461653
0.057784104046133655
0.057784104046104456
0.05778410404607692
0.05778410404605161
0.057784104046029405
0.057784104046006646
0.05778410404598622
0.05778410404596801
0.05778410404595069
0.0577841040459347
0.05778410404591938
0.05778410404590606
0.057784104045893625
0.05778410404588141
0.057784104045870754
0.057784104045860096
0.05778410404585055
0.057784104045841556
0.05778410404583312
0.057784104045826123
0.05778410404581935
0.05778410404581236
0.05778410404580647
0.05778410404580114
0.057784104045795814
0.05778410404579126
0.05778410404578693
0.057784104045782936
0.05778410404577938
0.05778410404577583
0.05778410404577217
0.0577841040457695
0.05778410404576706
0.05778410404576462
0.057784104045762064
0.057784104045759954
0.05778410404575818
0.057784104045755846
0.0577841040457544
0.05778410404575329
0.05778410404575174
0.05778410404574996
0.05778410404574874
0.05778410404574741
0.05778410404574663
0.05778410404574552
0.05778410404574519
0.057784104045744744
0.05778410404574341
0.05778410404574352
0.05778410404574219
0.057784104045741747
0.0577841040457413
0.0577841040457413
0.0577841040457403
0.05778410404574019
0.05778410404574019
0.05778410404573908
0.05778410404573853
0.057784104045738194
0.057784104045738416
0.05778410404573853
0.05778410404573775
0.05778410404573753
0.057784104045737195
0.057784104045737195
0.057784104045737306
0.057784104045737306
0.05778410404573642
0.05778410404573642
0.057784104045737195
0.057784104045736306
0.05778410404573664
0.05778410404573675
0.05778410404573597
0.057784104045736306
0.057784104045736306
0.05778410404573597
0.05778410404573642
0.05778410404573597
0.05778410404573597
0.05778410404573597
0.05778410404573542
0.057784104045736306
0.057784104045736306
0.05778410404573597
0.05778410404573597
0.05778410404573575
0.05778410404573575
0.05778410404573586
0.05778410404573597
0.05778410404573542
0.05778410404573542
0.05778410404573542
0.05778410404573597
0.05778410404573586
0.05778410404573586
0.05778410404573597
0.05778410404573542
0.05778410404573575
0.05778410404573531
0.05778410404573586
0.05778410404573575
0.05778410404573531
0.05778410404573586
0.05778410404573575
0.05778410404573597
0.05778410404573575
0.05778410404573553
0.05778410404573597
0.05778410404573597
0.05778410404573553
0.05778410404573542
0.05778410404573575
0.05778410404573575
0.05778410404573542
0.05778410404573542
0.05778410404573575
0.057784104045736306
0.05778410404573553
0.05778410404573597
0.05778410404573542
0.05778410404573542
0.05778410404573553
0.05778410404573553
0.05778410404573553
0.05778410404573553
0.057784104045736195
0.05778410404573597
0.05778410404573553
0.05778410404573642
0.05778410404573575
0.05778410404573542
0.05778410404573542
0.05778410404573553
0.05778410404573531
0.057784104045736195
0.05778410404573553
0.057784104045736195
0.05778410404573542
0.05778410404573597
0.05778410404573597
0.057784104045736195
0.05778410404573586
0.05778410404573586
0.05778410404573586
0.05778410404573597
0.05778410404573575
0.05778410404573531
0.057784104045735085
0.05778410404573531
0.05778410404573575
0.057784104045735085
0.05778410404573553
0.05778410404573542
0.05778410404573542
0.057784104045735085
0.05778410404573575
0.05778410404573553
0.05778410404573542
0.05778410404573542
0.05778410404573597
0.05778410404573575
0.05778410404573542
0.05778410404573575
0.05778410404573597
0.05778410404573542
0.057784104045736195
0.05778410404573553
0.05778410404573575
0.05778410404573575
0.05778410404573542
0.05778410404573575
0.05778410404573542
0.05778410404573586
0.05778410404573586
0.05778410404573542
0.05778410404573575
0.05778410404573553
0.05778410404573553
0.05778410404573531
0.05778410404573586
0.05778410404573586
0.05778410404573553
0.05778410404573586
0.05778410404573553
0.05778410404573575
0.05778410404573575
0.05778410404573575
0.05778410404573542
0.05778410404573586
0.05778410404573586
0.05778410404573542
0.05778410404573586
0.057784104045736195
0.05778410404573531
0.05778410404573542
0.05778410404573542
0.05778410404573531
0.05778410404573542
0.05778410404573575
0.05778410404573597
0.05778410404573575
0.05778410404573553
0.05778410404573542
0.05778410404573597
0.05778410404573575
0.05778410404573586
0.05778410404573575
0.05778410404573575
0.05778410404573575
0.05778410404573575
0.05778410404573542
0.05778410404573597
0.05778410404573542
0.057784104045736306
0.05778410404573542
0.05778410404573553
0.05778410404573586
0.05778410404573597
0.05778410404573575
0.05778410404573575
0.05778410404573642
0.057784104045736306
0.05778410404573586
0.057784104045736306
0.05778410404573597
0.05778410404573664
0.05778410404573597
0.05778410404573586
0.057784104045736195
0.05778410404573597
0.057784104045735085
0.05778410404573553
0.05778410404573597
0.05778410404573553
0.05778410404573642
0.05778410404573553
0.05778410404573597
0.057784104045735085
0.05778410404573531
0.05778410404573575
