1.1146193381389056
1.0927878732715466
1.0841074794613892
1.0738393243972035
1.0624878500072237
1.0499451460846747
1.0363925504797806
1.0217815968192043
1.0068541502729593
0.9913779822789598
0.9750888434973439
0.9571531951200835
0.9379558058935911
0.9187718563217464
0.8996191379247366
0.8790262908218717
0.8585323590790067
0.838353584720353
0.8165188640023516
0.7949231671375426
0.7736798009971347
0.7528755474118456
0.7326424767101782
0.711679361303247
0.6906601086306298
0.6698099788432913
0.6491133190314137
0.62849973792925
0.6079353151690803
0.5873842371539213
0.5668249682252564
0.5463189987814744
0.5260902919361095
0.5051141539192074
0.483786955432404
0.4636240639664419
0.4451266506925489
0.4284588547015598
0.4130547755648437
0.4010030700023095
0.38773664770943617
0.3775239269584877
0.369270060273616
0.36377635107331113
0.3606793504540208
0.3575565639112719
0.35557622003183903
0.3546173918021867
0.35293594415615126
0.3514504240854428
0.34854310340349043
0.34642327482640006
0.34519866800021215
0.3439028159939386
0.34315910208154526
0.3409387219418151
0.33953231429957464
0.3389436842271865
0.33818173837778387
0.3383860500906245
0.33760574762261536
0.33796714392860755
0.33947926151709173
0.3421646487778129
0.34624305645220793
0.3445675098469504
0.3448833818324731
0.33817864391312175
0.3340758737941382
0.33074717343693427
0.33049470410377246
0.3329407731710158
0.3386032947788195
0.3327772700377362
0.33159390255879306
0.33065689737414
0.33184497698268867
0.33234351312424626
0.3327591178929854
0.3323424527239687
0.33087785554032195
0.3292006020547302
0.3285688498132209
0.3288997240944057
0.3284930496425297
0.3279289401130863
0.32829772840699406
0.32959615540793386
0.32985408255991683
0.3298985181996399
0.33112292011609945
0.3336212647797228
0.33823578446004776
0.3336552853106429
0.3311049434266923
0.33094164564569356
0.3321088926210494
0.33403470943849006
0.3365243434363507
0.33959905613940194
0.33931776827184024
0.3397286873594062
0.34085304420069906
0.3430775272778363
0.3454398202489039
0.3425937149519964
0.3419341902339675
0.3409974924504937
0.33963593879143683
0.34008519718092484
0.3398137735018075
0.3412189351723414
0.3403479383871036
0.3398940503774637
0.34196456910114137
0.3466460850804311
0.3511576805890082
0.3513601720116691
0.3485681382877094
0.34885563033528183
0.3408049588592995
0.33835296726219294
0.34083017596300946
0.34732336155178173
0.35418975657025914
0.345392848743089
0.34207014189733037
0.342254782306458
0.3453029595701057
0.3482248681229817
0.3550214920009778
0.36537982245474343
0.3513314582016881
0.3439516877967407
0.3364371852560293
0.33044332660633985
0.32772096829086944
0.32592265155924405
0.3245362333703113
0.32315994880019366
0.32359557564050445
0.32509595628601184
0.3271558156115229
0.32786701633000065
0.3246169753448247
0.3225212289983445
0.3215000531741968
0.32147992269572817
0.32239381774933706
0.32233842079993813
0.320732729734864
0.3184430072943481
0.3176893991594304
0.3183035869166574
0.32002003674535245
0.32086275004725945
0.3199472406385722
0.3201463472861694
0.3212688887012412
0.3208821921964173
0.3214390050860576
0.32057227824747664
0.31918637308264336
0.31899085252716824
0.319826742780047
0.3197642259252879
0.320633472249262
0.32013130956086056
0.32078563467096866
0.31895615806291167
0.31825114132916965
0.3185410342585101
0.3196953748733217
0.32161560653078036
0.32215435058048264
0.32115227204955915
0.3211960057560621
0.32027823295042457
0.3202751662917013
0.31924072877581267
0.31932602496028856
0.3203989393627762
0.32232599112310195
0.32088104896104297
0.3206892112550605
0.32151628188744175
0.32128289422159745
0.32026032100917884
0.3201599071390855
0.32090634402692725
0.3203535693998585
0.319540342825081
0.31976238873268664
0.32083877755534534
0.32181730511391016
0.3235964996654451
0.32181814893428434
0.31998769111140896
0.3193601599454366
0.3198085090562095
