0.781573350619777
0.7630375269031351
0.7541724495544978
0.7450621629943985
0.7357216205736425
0.7261631513389679
0.716395118289529
0.7064238104170695
0.6962545618100744
0.6858923657147379
0.6753422285823023
0.664609387830805
0.6536994540550174
0.6426185084938201
0.6313731720293017
0.6199706546308976
0.6084187902696239
0.5967260601969893
0.584901606282729
0.572955235418289
0.5608974156003363
0.5487392640914648
0.5364925279462807
0.5241695571507776
0.5117832706272643
0.49934711539068866
0.4868750191949158
0.47438133707197183
0.46188079223813794
0.4493884119137823
0.43691945867537285
0.4244893580252631
0.4121136229249307
0.39980777608819196
0.38758727087055866
0.3754674116178206
0.3634632743500077
0.3515896286552811
0.3398608616516995
0.3282909048433128
0.3168931646511194
0.3056804573399986
0.29466494899118756
0.28385810108772624
0.27327062218963993
0.2629124260784912
0.2527925966497334
0.2429193597283975
0.2333000618813349
0.22394115619993338
0.214848194932996
0.2060258287620509
0.1974778124326949
0.18920701638647286
0.1812154439796636
0.1735042538282584
0.16607378678299645
0.1589235970141346
0.1520524866723273
0.1454585435889003
0.1391391814848918
0.13309118217252147
0.12731073925387804
0.12179350284853208
0.11653462491298283
0.11152880474931648
0.10677033433688454
0.1022531431582786
0.09797084222831653
0.09391676707156715
0.09008401942933275
0.0864655075105657
0.08305398463257863
0.07984208612635857
0.07682236440767198
0.07398732213906767
0.07132944342917646
0.06884122303477713
0.06651519354779112
0.06434395056418829
0.062320175844642556
0.060436658488116635
0.05868631414938619
0.05706220234014048
0.055557541860811965
0.05416572441687684
0.052880326479082584
0.05169511945211014
0.05060407822048596
0.04960138814433346
0.04868145058071838
0.0478388870089983
0.04706854184069087
0.0463654839960449
0.04572500733057672
0.04514262999548235
0.04461409281602258
0.04413535677159797
0.04370259966048662
0.04331221203099178
0.04296079245907114
0.04264514225047911
0.04236225964305029
0.04210933358196589
0.04188373713782667
0.04168302063398832
0.04150490454617273
0.04134727223350787
0.0412081625564803
0.04108576243313744
0.04097839938107217
0.040884534088493685
0.04080275305388126
0.04073176132957468
0.04067037540091534
0.040617516228705575
0.04057220247910498
0.04053354396164721
0.0405007352926644
0.04047304979829691
0.04044983366830435
0.04043050036912488
0.04041452532207568
0.04040144085026143
0.04039083139555677
0.04038232900515837
0.04037560908540072
0.04037038641902113
0.04036641144066733
0.040363466764302136
0.04036136395509915
0.04035994053763403
0.040359057231405426
0.04035859540426756
0.04035845473380695
0.040358551066525195
0.04035881446436296
0.040359187428140486
0.04035962328736886
0.040360084746014824
0.040360542573987246
0.04036097443419795
0.040361363835459296
0.040361699201655665
0.04036197304804945
0.04036218125589597
0.040362322436994
0.040362397380138026
0.04036240857193152
0.04036235978479852
0.04036225572550489
0.04036210173787946
0.040361903553934764
0.040361667087909225
0.04036139826825014
0.04036110290289885
0.04036078657364672
0.04036045455569226
0.04036011175888943
0.04035976268750485
0.040359411415597735
0.04035906157548208
0.04035871635696797
0.04035837851533186
0.0403580503862625
0.04035773390617636
0.04035743063655861
0.04035714179115091
0.04035686826497498
0.04035661066433727
0.040356369337115616
0.04035614440272184
0.04035593578128527
0.04035574322165836
0.04035556632796877
0.04035540458450593
0.04035525737877377
0.04035512402264585
0.040355003771553544
0.04035489584171914
0.04035479942545761
0.04035471370460575
0.0403546378621521
0.04035457109217189
0.04035451260816514
0.040354461649912854
0.04035441748898172
0.04035437943299203
0.04035434682877115
0.0403543190645147
0.04035429557107939
0.04035427582251261
0.04035425933592618
0.04035424567081447
0.040354234427917635
0.04035422524770471
0.04035421780856063
0.040354211824746966
0.040354207044199786
0.04035420324622463
0.040354200239118065
0.04035419785779393
0.04035419596141365
0.04035419443106936
0.04035419316755029
0.040354192089192664
0.04035419112984451
0.04035419023695441
0.0403541893697863
0.04035418849777017
0.04035418759898535
0.040354186658788316
0.04035418566856308
0.040354184624612266
0.04035418352716602
0.04035418237951249
0.04035418118724099
0.0403541799575855
0.040354178698868814
0.04035417742003833
0.040354176130268926
0.04035417483865522
0.04035417355395721
0.04035417228440752
0.04035417103756733
0.04035416982022655
0.04035416863834307
0.040354167497010374
0.04035416640045375
0.04035416535204217
0.040354164354328925
0.04035416340909237
0.04035416251739665
0.040354161679650224
0.040354160895676894
0.04035416016478466
0.04035415948583232
0.04035415885730009
0.04035415827735689
0.040354157743918706
0.040354157254708145
0.04035415680731136
0.040354156399221686
0.040354156027883614
0.04035415569073508
0.040354155385235124
0.040354155108896284
0.04035415485930516
0.040354154634142714
0.040354154431201716
0.04035415424839017
0.04035415408374898
0.04035415393544961
0.04035415380179963
0.04035415368124051
0.04035415357234784
0.040354153473827536
0.04035415338450876
0.0403541533033388
0.04035415322937841
0.040354153161790474
0.04035415309983703
0.04035415304286827
0.04035415299031542
0.04035415294168365
0.04035415289654454
0.04035415285452615
0.04035415281531407
0.0403541527786343
0.040354152744254024
0.040354152711977065
0.04035415268163389
0.040354152653081954
0.04035415262619724
0.04035415260087516
0.04035415257702557
0.04035415255456665
0.04035415253343155
0.040354152513553565
0.04035415249487795
0.04035415247734875
0.04035415246091978
0.04035415244554097
0.04035415243116647
0.04035415241775109
0.04035415240525275
0.0403541523936265
0.040354152382829134
0.04035415237282025
0.04035415236355566
0.04035415235499562
0.040354152347098604
0.04035415233982531
0.04035415233313533
0.04035415232699269
0.04035415232135764
0.0403541523161971
0.04035415231147621
0.04035415230716077
0.04035415230322015
0.04035415229962602
0.040354152296347756
0.04035415229336048
0.040354152290639544
0.04035415228816275
0.04035415228590589
0.04035415228385053
0.040354152281979805
0.04035415228027406
0.04035415227871875
0.0403541522773021
0.04035415227600814
0.040354152274826416
0.04035415227374617
0.04035415227275829
0.040354152271853905
0.04035415227102446
0.04035415227026429
0.04035415226956651
0.04035415226892536
0.040354152268336496
0.04035415226779504
0.04035415226729666
0.04035415226683803
0.040354152266416254
0.040354152266027676
0.04035415226567096
0.040354152265342
0.04035415226503947
0.04035415226476158
0.04035415226450645
0.040354152264272525
0.040354152264057475
0.04035415226386041
0.04035415226368044
0.040354152263515686
0.04035415226336536
0.040354152263228915
0.04035415226310424
0.04035415226299077
0.040354152262887966
0.040354152262794596
0.04035415226271033
0.040354152262634835
0.040354152262566445
0.040354152262504606
0.040354152262449206
0.0403541522623988
0.040354152262354503
0.04035415226231498
0.04035415226227945
0.04035415226224737
0.0403541522622195
0.0403541522621933
0.04035415226217198
0.040354152262151444
0.04035415226213346
0.04035415226211825
0.040354152262104814
0.04035415226209249
0.04035415226208183
0.040354152262072174
0.040354152262063736
0.04035415226205641
0.04035415226204997
0.040354152262043974
0.04035415226203798
0.040354152262033316
0.04035415226202954
0.040354152262025544
0.04035415226202199
0.040354152262020104
0.04035415226201755
0.04035415226201422
0.04035415226201289
0.040354152262010445
0.04035415226201
0.04035415226200845
0.04035415226200778
0.04035415226200634
0.040354152262004894
0.040354152262004006
0.04035415226200312
0.04035415226200234
0.040354152262001564
0.04035415226200223
0.04035415226200134
0.040354152262000675
0.04035415226200012
0.04035415226199979
0.04035415226200012
0.04035415226199934
0.04035415226199912
0.040354152261999565
0.04035415226199912
0.0403541522619989
0.04035415226199934
0.0403541522619989
0.040354152261998344
0.040354152261998344
0.04035415226199823
0.04035415226199868
0.04035415226199868
0.0403541522619989
0.04035415226199823
0.04035415226199757
0.04035415226199801
0.0403541522619989
0.04035415226199801
0.04035415226199779
0.04035415226199823
0.04035415226199823
0.0403541522619979
0.04035415226199823
0.040354152261998344
0.040354152261998344
0.040354152261998344
0.04035415226199823
0.04035415226199823
0.04035415226199801
0.040354152261998455
0.04035415226199868
0.04035415226199823
0.04035415226199823
0.040354152261998344
0.04035415226199801
0.04035415226199801
0.040354152261998344
0.040354152261998455
0.040354152261998344
0.04035415226199757
0.04035415226199823
0.0403541522619989
0.04035415226199823
0.040354152261998344
0.040354152261998344
0.04035415226199801
0.040354152261998455
0.040354152261998344
0.04035415226199801
0.04035415226199757
0.04035415226199879
0.040354152261998344
0.04035415226199823
0.04035415226199823
0.04035415226199868
0.04035415226199868
0.040354152261998344
0.040354152261998344
0.04035415226199879
0.04035415226199868
0.04035415226199801
0.040354152261998455
0.040354152261998344
0.040354152261998344
0.04035415226199801
0.040354152261998455
0.04035415226199879
0.04035415226199912
0.04035415226199823
0.04035415226199868
0.040354152261998455
0.04035415226199823
0.04035415226199801
0.04035415226199868
0.04035415226199801
0.04035415226199879
0.04035415226199879
0.0403541522619989
0.04035415226199868
0.04035415226199879
0.04035415226199868
0.0403541522619989
0.0403541522619989
0.04035415226199823
0.04035415226199879
0.0403541522619989
0.04035415226199879
0.04035415226199923
0.0403541522619989
0.04035415226199934
0.04035415226199868
0.04035415226199823
0.04035415226199879
0.040354152261998455
0.040354152261998455
0.04035415226199879
0.040354152261998455
0.040354152261998344
0.04035415226199868
0.04035415226199823
0.0403541522619989
0.0403541522619989
0.04035415226199868
0.040354152261998344
0.04035415226199868
0.04035415226199801
0.040354152261998455
0.040354152261998344
0.04035415226199912
0.0403541522619989
0.04035415226199823
0.04035415226199801
0.04035415226199879
0.04035415226199912
0.04035415226199868
0.04035415226199868
0.0403541522619979
0.04035415226199868
0.040354152261998455
0.0403541522619989
0.04035415226199801
0.04035415226199801
0.04035415226199823
0.04035415226199868
0.0403541522619989
0.0403541522619989
0.04035415226199923
0.04035415226199801
0.04035415226199912
0.04035415226199868
0.0403541522619989
0.04035415226199879
0.040354152261998344
0.04035415226199868
0.04035415226199879
0.04035415226199823
0.04035415226199801
0.04035415226199879
0.040354152261998455
0.04035415226199868
0.0403541522619989
0.0403541522619979
0.040354152261998344
0.04035415226199823
0.040354152261998344
0.04035415226199801
0.040354152261998344
0.04035415226199801
0.040354152261998455
0.040354152261998455
0.04035415226199801
0.04035415226199879
0.04035415226199868
0.04035415226199801
0.04035415226199823
0.040354152261998455
0.040354152261998455
0.04035415226199823
0.04035415226199923
0.040354152261998455
0.0403541522619979
0.04035415226199868
0.04035415226199879
0.04035415226199868
0.0403541522619979
0.04035415226199801
0.04035415226199779
0.0403541522619979
0.040354152261998344
0.0403541522619989
0.04035415226199879
0.04035415226199879
0.0403541522619989
0.040354152261998455
0.040354152261998455
0.040354152261998455
0.040354152261998344
0.04035415226199801
0.0403541522619989
0.040354152261998344
0.04035415226199801
0.0403541522619979
0.040354152261998455
0.04035415226199879
0.04035415226199801
0.040354152261998344
0.0403541522619979
0.04035415226199923
0.040354152261998455
0.04035415226199823
0.040354152261997345
0.04035415226199879
0.04035415226199801
0.040354152261998455
0.04035415226199801
0.04035415226199757
0.04035415226199912
0.04035415226199912
0.04035415226199823
0.04035415226199801
0.04035415226199868
0.04035415226199823
0.04035415226199823
0.04035415226199868
0.040354152261998344
0.04035415226199912
0.0403541522619979
0.04035415226199823
0.040354152261998344
0.04035415226199801
0.04035415226199868
0.04035415226199801
0.040354152261998344
0.0403541522619989
0.040354152261998344
0.040354152261998455
0.04035415226199823
0.04035415226199801
0.040354152261998455
0.04035415226199779
0.04035415226199879
0.04035415226199801
0.04035415226199801
0.04035415226199801
0.040354152261998455
0.040354152261998344
0.04035415226199801
0.04035415226199823
0.04035415226199823
0.04035415226199823
0.040354152261998344
0.04035415226199879
0.04035415226199868
0.04035415226199868
0.040354152261998455
0.0403541522619989
0.04035415226199801
0.04035415226199801
0.040354152261998344
0.040354152261998455
0.040354152261998344
0.0403541522619989
0.040354152261998455
0.04035415226199823
0.04035415226199879
