0.8018707389032604
0.7491725647830003
0.747824230021662
0.746467346353789
0.7451034064334574
0.743733316193028
0.7423575836821259
0.7409765041941339
0.7395902543582267
0.7381989406745275
0.736802626092762
0.7354013454534165
0.7339951149370283
0.7325839381112066
0.7311678099520558
0.7297467196086289
0.7283206523584351
0.7268895910251818
0.725453517028442
0.7240124111746263
0.722566254261656
0.7211150275464466
0.719658713109256
0.7181972941390293
0.7167307551571731
0.715259082192607
0.7137822629177337
0.7123002867526909
0.7108131449436121
0.7093208306194259
0.7078233388308182
0.7063206665743271
0.7048128128040022
0.7032997784326758
0.7017815663245559
0.7002581812806143
0.6987296300180079
0.6971959211446204
0.6956570651296519
0.6941130742710575
0.6925639626605353
0.6910097461466687
0.6894504422967365
0.6878860703576519
0.6863166512164035
0.6847422073603349
0.6831627628375398
0.6815783432176039
0.6799889755528894
0.6783946883405229
0.6767955114852124
0.6751914762629956
0.6735826152859941
0.6719689624682326
0.6703505529925571
0.6687274232786771
0.6670996109523353
0.665467154815605
0.6638300948183014
0.6621884720304829
0.660542328616013
0.6588917078071583
0.6572366538801697
0.6555772121318173
0.6539134288568291
0.6522453513261908
0.6505730277662563
0.6488965073386244
0.6472158401207335
0.6455310770871301
0.6438422700913551
0.6421494718484169
0.6404527359177963
0.638752116686943
0.6370476693552258
0.6353394499182956
0.6336275151528181
0.6319119226015517
0.6301927305587216
0.6284699980556727
0.6267437848467605
0.6250141513954539
0.6232811588606266
0.6215448690830061
0.6198053445717602
0.6180626484912
0.6163168446475769
0.614567997475955
0.6128161720271392
0.6110614339546545
0.6093038495017424
0.6075434854883806
0.6057804092983001
0.6040146888659959
0.6022463926637167
0.6004755896884333
0.5987023494487642
0.5969267419518636
0.5951488376902587
0.5933687076286385
0.5915864231905756
0.5898020562451936
0.5880156790937647
0.5862273644562457
0.5844371854577346
0.5826452156148669
0.5808515288221321
0.5790561993381251
0.5772593017717185
0.5754609110681705
0.5736611024951579
0.5718599516287439
0.5700575343392726
0.5682539267772075
0.5664492053588981
0.5646434467522934
0.562836727862593
0.5610291258178495
0.5592207179545112
0.5574115818029297
0.5556017950728136
0.5537914356386482
0.551980581525078
0.5501693108922605
0.5483577020211883
0.5465458332989936
0.5447337832042338
0.542921630292164
0.5411094531800014
0.5392973305321855
0.5374853410456453
0.5356735634350651
0.5338620764181696
0.5320509587010234
0.5302402889633511
0.52843014584389
0.5266206079257698
0.5248117537219332
0.5230036616606033
0.5211964100707891
0.5193900771678592
0.5175847410391625
0.5157804796297205
0.513977370727982
0.5121754919516657
0.5103749207336625
0.5085757343080461
0.506778009696154
0.5049818236927726
0.5031872528524253
0.5013943734757562
0.49960326159603297
0.4978139929657571
0.49602664304339894
0.49424128698025327
0.49245799960742564
0.4906768554229475
0.48889792857903736
0.4871212928694919
0.48534702171723476
0.48357518816200773
0.4818058648482184
0.48003912401294624
0.4782750374741124
0.47651367661881017
0.4747551123918118
0.4729994152842417
0.4712466553224316
0.4694969020569483
0.4677502245518168
0.4660066913739096
0.4642663705825496
0.4625293297192842
0.4607956357978614
0.4590653552944094
0.4573385541378062
0.45561529770025366
0.45389565078806404
0.45217967763263855
0.4504674418816682
0.44875900659053936
0.4470544342139505
0.4453537865977425
0.44365712497094767
0.44196450993805747
0.44027600147149804
0.4385916589043375
0.43691154092320683
0.435235705561442
0.4335642101924493
0.43189711152329535
0.43023446558851974
0.4285763277441642
0.4269227526620414
0.4252737943242112
0.4236295060176908
0.4219899403293891
0.4203551491412624
0.4187251836256948
0.41710009424110106
0.41547993072775824
0.41386474210385116
0.41225457666174925
0.4106494819644926
0.409049504842513
0.40745469139056256
0.40586508696486445
0.404280736180482
0.4027016829088973
0.40112797027581903
0.39955964065918304
0.39799673568737726
0.39643929623767604
0.3948873624348783
0.3933409736501505
0.3918001685000816
0.39026498484593264
0.3887354597930871
0.3872116296907101
0.385693530131585
0.38418119595216316
0.3826746612327897
0.38117395929813236
0.37967912271778215
0.378190183307053
0.37670717212794924
0.3752301194903255
0.3737590549532138
0.3722940073263268
0.37083500467173414
0.3693820743057067
0.3679352428007232
0.36649453598764115
0.36505997895803366
0.36363159606667106
0.3622094109341655
0.36079344644976474
0.35938372477429337
0.3579802673432366
0.35658309486997086
0.3551922273491255
0.3538076840600909
0.3524294835706512
0.35105764374074433
0.34969218172635763
0.3483331139835424
0.34698045627254404
0.34563422366205354
0.3442944305335741
0.3429610905858981
0.341634216839685
0.3403138216421503
0.3389999166718579
0.3376925129436037
0.33639162081339324
0.33509724998352375
0.3338094095077411
0.3325281077964851
0.33125335262222944
0.32998515112487947
0.32872350981727105
0.32746843459072317
0.32621993072067035
0.32497800287236167
0.32374265510662237
0.32251389088568283
0.3212917130790558
0.32007612396948215
0.3188671252589176
0.3176647180745782
0.31646890297503205
0.31527967995633366
0.3140970484581961
0.312921007370217
0.31175155503812346
0.31058868927006167
0.3094324073429183
0.30828270600866425
0.3071395815007313
0.30600302954041114
0.3048730453432723
0.30374962362560043
0.3026327586108537
0.30152244403613626
0.3004186731586742
0.2993214387623143
0.2982307331640204
0.2971465482203812
0.2960688753341204
0.2949977054606041
0.2939330291143558
0.29287483637556166
0.29182311689657414
0.2907778599084102
0.28973905422723956
0.28870668826085966
0.28768075001517
0.28666122710062325
0.2856481067386577
0.2846413757681251
0.28364102065169183
0.2826470274822185
0.2816593819891263
0.2806780695447305
0.2797030751705579
0.27873438354363067
0.2777719790027291
0.27681584555462424
0.27586596688027765
0.27492232634101565
0.2739849069846634
0.2730536915516525
0.2721286624810938
0.2712098019168102
0.27029709171333405
0.2693905134418678
0.26849004839621105
0.26759567759863445
0.2667073818057307
0.265825141514207
0.26494893696664945
0.2640787481572371
0.26321455483740996
0.2623563365215018
0.2615040724923202
0.2606577418066792
0.25981732330089746
0.25898279559623594
0.2581541371042916
0.25733132603234943
0.2565143403886826
0.2557031579877954
0.25489775645563106
0.25409811323471676
0.2533042055892686
0.25251601061023854
0.25173350522031335
0.2509566661788645
0.2501854700868421
0.24941989339161763
0.2486599123917842
0.2479055032418841
0.24715664195710996
0.2464133044179304
0.2456754663746764
0.24494310345207337
0.24421619115371396
0.2434947048664866
0.24277861986494342
0.24206791131561933
0.2413625542813017
0.2406625237252329
0.23996779451528416
0.23927834142804905
0.23859413915290306
0.23791516229600618
0.23724138538424822
0.23657278286914563
0.23590932913068718
0.2352509984811224
0.23459776516870245
0.23394960338136672
0.2333064872503804
0.23266839085391433
0.2320352882205854
0.23140715333292894
0.23078396013083813
0.2301656825149343
0.22955229434991098
0.22894376946780015
0.22834008167120967
0.22774120473650294
0.22714711241692653
0.2265577784456988
0.22597317653903815
0.2253932803991523
0.22481806371717072
0.22424750017604334
0.22368156345337464
0.22312022722422153
0.2225634651638484
0.22201125095041918
0.22146355826766717
0.22092036080749577
0.22038163227255048
0.2198473463787397
0.2193174768577132
0.2187919974592928
0.21827088195386624
0.21775410413472873
0.21724163782039485
0.21673345685685153
0.21622953511978416
0.21572984651675264
0.21523436498932613
0.21474306451518543
0.21425591911017383
0.21377290283031192
0.213293989773783
0.21281915408285945
0.21234836994581097
0.2118816115987593
0.2114188533275052
0.2109600694693109
0.2105052344146504
0.2100543226089232
0.2096073085541258
0.2091641668104941
0.20872487199811196
0.20828939879847408
0.2078577219560288
0.20742981627967427
0.2070056566442292
0.2065852179918659
0.2061684753335128
0.2057554037502275
0.20534597839452629
0.20494017449169843
0.20453796734107643
0.2041393323172791
0.20374424487142895
0.20335268053233457
0.20296461490764084
0.20258002368495986
0.20219888263296337
0.20182116760245228
0.2014468545273912
0.20107591942593073
0.20070833840138258
0.20034408764318323
0.19998314342782075
0.19962548211974596
0.19927108017224737
0.1989199141283079
0.1985719606214308
0.19822719637644992
0.19788559821030616
0.1975471430328043
0.19721180784734393
0.19687956975163468
0.19655040593837692
0.1962242936959292
0.19590121040895092
0.19558113355901607
0.19526404072522308
0.1949499095847601
0.1946387179134712
0.1943304435863853
0.19402506457823387
0.19372255896395307
0.19342290491915026
0.1931260807205648
0.1928320647465087
0.19254083547728096
0.19225237149557473
0.1919666514868531
0.19168365423971911
0.1914033586462608
0.1911257437023831
0.1908507885081211
0.19057847226793534
0.19030877429099313
0.19004167399143312
0.18977715088861524
0.1895151846073494
0.18925575487811763
0.18899884153727442
0.18874442452723494
0.18849248389664763
0.18824299980055648
0.18799595250054102
0.18775132236485403
0.18750908986852977
0.18726923559350228
0.18703174022868385
0.18679658457004955
0.18656374952070298
0.18633321609092957
0.18610496539823884
0.18587897866739256
0.18565523723042354
0.18543372252664303
0.18521441610263156
0.18499729961222966
0.18478235481650762
0.1845695635837279
0.18435890788929665
0.18415036981570776
0.1839439315524758
0.18373957539605135
0.18353728374974165
0.18333703912360733
0.1831388241343599
0.18294262150524565
0.18274841406591846
0.18255618475230728
0.18236591660647716
0.18217759277647838
0.18199119651618245
0.1818067111851258
0.1816241202483203
0.18144340727608965
0.18126455594386437
0.1810875500319904
0.18091237342552569
0.18073901011402704
0.1805674441913313
0.18039765985532907
0.18022964140773468
0.18006337325384847
0.17989883990230593
0.17973602596483274
0.17957491615598886
0.17941549529289436
0.17925774829497187
0.1791016601836678
0.17894721608216824
0.17879440121511925
0.17864320090833175
0.1784936005884853
0.17834558578282966
0.1781991421188729
0.17805425532407815
0.17791091122553737
0.17776909574966282
0.17762879492185046
0.17748999486616046
0.177352681804975
0.17721684205866983
0.177082462045261
0.1769495282800727
0.176818027375374
0.17668794604003601
0.1765592710791718
0.17643198939377225
0.17630608798034786
0.1761815539305579
0.17605837443084205
0.17593653676204724
0.17581602829904563
0.17569683651036572
0.17557894895779758
0.17546235329601745
0.17534703727219536
0.1752329887256051
0.1751201955872328
0.1750086458793788
0.17489832771526315
0.17478922929862362
0.17468133892331072
0.17457464497288921
0.1744691359202305
0.1743648003270991
0.17426162684374746
0.17415960420850107
0.17405872124735022
0.1739589668735224
0.17386033008708057
0.17376279997449184
0.17366636570821592
0.17357101654627616
0.17347674183184536
0.17338353099281212
0.1732913735413638
0.17320025907355652
0.17311017726888478
0.17302111788985597
0.1729330707815655
0.17284602587125486
0.1727599731678916
0.17267490276172948
0.17259080482388034
0.17250766960587927
0.17242548743924868
0.17234424873506493
0.1722639439835244
0.17218456375350621
0.17210609869213622
0.17202853952434982
0.1719518770524594
0.17187610215570992
0.17180120578984848
0.17172717898668222
0.1716540128536438
0.17158169857335326
0.1715102274031769
0.17143959067479375
0.17136977979375734
0.1713007862390542
0.17123260156267184
0.17116521738915902
0.17109862541518517
0.1710328174091117
0.17096778521054568
0.17090352072991555
0.170840015948019
0.1707772629156059
0.1707152537529275
0.17065398064931225
0.17059343586272913
0.17053361171935089
0.17047450061312375
0.1704160950053354
0.1703583874241814
0.17030137046433802
0.17024503678652858
0.1701893791170931
0.1701343902475635
0.17008006303423118
0.1700263903977236
0.1699733653225769
0.16992098085680818
0.16986923011149158
0.16981810626034077
0.16976760253927559
0.16971771224600973
0.1696684287396254
0.1696197454401559
0.16957165582816325
0.16952415344432614
0.16947723188901964
0.16943088482190272
0.16938510596150147
0.16933988908479647
0.16929522802681485
0.16925111668021453
0.1692075489948791
0.16916451897750717
0.1691220206912063
0.16908004825508982
0.16903859584387126
0.16899765768745756
0.16895722807055635
0.16891730133226657
0.1688778718656868
0.16883893411751416
0.16880048258764946
0.16876251182880664
0.16872501644611015
0.16868799109671462
0.16865143048940556
0.16861532938422175
0.16857968259205414
0.16854448497427288
0.16850973144233417
0.16847541695740853
0.16844153652998595
0.16840808521951078
0.168375058133992
0.16834245042963747
0.16831025731047233
0.1682784740279707
0.16824709588067688
0.16821611821384774
0.16818553641907563
0.16815534593392412
0.16812554224156584
0.16809612087041603
0.16806707739377547
0.16803840742946907
0.1680101066394828
0.16798217072961907
0.16795459544913172
0.1679273765903786
0.1679005099884705
0.1678739915209183
0.1678478171072939
0.1678219827088704
0.1677964843282952
0.1677713180092354
0.1677464798360413
0.16772196593340638
0.16769777246603645
0.16767389563830826
0.16765033169393684
0.16762707691564493
0.16760412762483778
0.1675814801812674
0.16755913098271014
0.167537076464647
0.16751531309993206
0.16749383739848123
0.16747264590694177
0.16745173520839218
0.16743110192200839
0.16741074270276524
0.1673906542411152
0.16737083326268598
0.1673512765279659
0.16733198083200185
0.16731294300409394
0.1672941599074984
0.1672756284391127
0.1672573455291949
0.1672393081410508
0.16722151327075263
0.16720395794683396
0.16718663923000676
0.16716955421286617
0.16715270001960658
0.16713607380573103
0.16711967275777628
0.16710349409301672
0.16708753505919915
0.16707179293424812
0.1670562650260048
0.1670409486719423
0.1670258412388902
0.16701094012277362
0.1669962427483349
0.16698174656886622
0.1669674490659493
0.1669533477491857
0.16693944015593642
0.16692572385106264
0.16691219642666388
0.16689885550182026
0.1668856987223436
0.16687272376051754
0.16685992831484875
0.16684731010981269
0.16683486689561577
0.16682259644793573
0.16681049656768598
0.16679856508076918
0.16678679983783817
0.16677519871405433
0.16676375960885037
0.16675248044569535
0.16674135917185895
0.16673039375818155
0.16671958219884242
0.1667089225111259
0.16669841273520325
0.1666880509338977
0.16667783519246893
0.16666776361838298
0.1666578343410965
0.16664804551183765
0.16663839530338553
0.16662888190986058
0.16661950354650246
0.16661025844946542
0.16660114487560584
0.16659216110226727
0.16658330542708388
0.16657457616776394
0.16656597166189313
0.1665574902667296
0.16654913035900376
0.16654089033471653
0.16653276860894406
0.1665247636156434
0.16651687380745317
0.16650909765550548
0.1665014336492332
0.16649388029617684
0.16648643612180047
0.16647909966930596
0.1664718694994427
0.1664647441903272
0.16645772233726508
0.16645080255255884
0.16644398346534528
0.16643726372139944
0.16643064198297808
0.16642411692862913
0.16641768725302553
0.1664113516667971
0.1664051088963482
0.1663989576837056
0.16639289678634162
0.16638692497700525
0.16638104104356588
0.16637524378884716
0.16636953203046467
0.16636390460066597
0.1663583603461718
0.1663528981280229
0.16634751682141824
0.1663422153155656
0.1663369925135223
0.1663318473320513
0.16632677870146562
0.16632178556547872
0.1663168668810613
0.16631202161829073
0.16630724876021008
0.16630254730267835
0.16629791625423562
0.16629335463595518
0.16628886148130873
0.16628443583602426
0.1662800767579541
0.1662757833169327
0.16627155459464105
0.1662673896844845
0.16626328769144827
0.16625924773196987
0.16625526893381581
0.1662513504359433
0.16624749138838169
0.16624369095209646
0.16623994829887778
0.16623626261120494
0.1662326330821271
0.1662290589151465
0.16622553932409367
0.16622207353300944
0.1662186607760261
0.16621530029725584
0.16621199135066844
0.16620873319997898
0.16620552511853726
0.16620236638921349
0.166199256304283
0.16619619416532727
0.16619317928311472
0.16619021097749653
0.1661872885772976
0.16618441142021656
0.166181578852716
0.16617879022991888
0.16617604491550875
0.16617334228162794
0.1661706817087728
0.16616806258570227
0.1661654843093281
0.16616294628462758
0.16616044792454254
0.16615798864988618
0.16615556788924202
0.16615318507888077
0.16615083966265798
0.1661485310919274
0.1661462588254493
0.16614402232930303
0.16614182107679365
0.1661396545483652
0.16613752223151923
0.16613542362071765
0.16613335821731035
0.1661313255294431
0.1661293250719732
0.16612735636639286
0.16612541894074362
0.16612351232953404
0.16612163607366515
0.16611978972034513
0.16611797282301788
0.1661161849412801
0.16611442564080725
0.16611269449327415
0.16611099107628935
0.16610931497331027
0.16610766577357594
0.1661060430720317
0.16610444646926237
0.1661028755714159
0.16610132999013405
0.16609980934248592
0.16609831325089675
0.16609684134308222
0.1660953932519783
0.16609396861567838
0.16609256707736508
0.16609118828524616
0.16608983189249182
0.16608849755716937
0.166087184942176
0.166085893715192
0.16608462354859777
0.16608337411943452
0.16608214510932762
0.16608093620443654
0.16607974709539308
0.16607857747724541
0.16607742704939732
0.16607629551555492
0.1660751825836706
0.16607408796588352
0.16607301137846908
0.1660719525417852
0.1660709111802151
0.1660698870221191
0.16606887979977747
0.16606788924934257
0.1660669151107843
0.16606595712784555
0.16606501504798743
0.1660640886223388
0.1660631776056536
0.16606228175625626
0.16606140083599774
0.1660605346102112
0.16605968284765604
0.16605884532048465
0.16605802180418472
0.1660572120775461
0.16605641592260423
0.16605563312461102
0.1660548634719755
0.166054106756235
0.166053362772005
0.1660526313169396
0.1660519121916889
0.1660512051998625
0.16605051014798666
0.1660498268454612
0.16604915510452667
0.16604849474022043
0.1660478455703417
0.166047207415415
0.16604658009864404
0.16604596344588707
0.16604535728561165
0.1660447614488635
0.16604417576922448
0.16604360008278907
0.16604303422811617
0.16604247804620564
0.16604193138045586
0.1660413940766401
0.1660408659828635
0.16604034694953906
0.1660398368293463
0.16603933547721084
0.16603884275026093
0.1660383585078079
0.1660378826113068
0.16603741492433066
0.16603695531253904
0.16603650364365008
0.1660360597874111
0.16603562361556634
0.16603519500183606
0.1660347738218796
