0.8219849645508582
0.9215032097182226
0.9191078352606302
0.91634107313167
0.9134222034712182
0.9103904324677519
0.9072569988232724
0.9040273478246166
0.9007060545587259
0.8972975209518805
0.8937969555731596
0.8902185205750583
0.8865669284043179
0.8828466573640392
0.879061915518248
0.8752165582982143
0.8713139782552621
0.8673569805644383
0.8633476562232525
0.8592872634415385
0.8551761232784587
0.8510135226022841
0.8467975845848706
0.8425249900127794
0.8381902607252805
0.8337839553003847
0.829288507256673
0.8246701959172386
0.819869759933814
0.8148069575438868
0.8094051323393563
0.8035807880482441
0.7971946415992058
0.790190063408707
0.7826695910419045
0.7747152384902353
0.7663735471359958
0.7576834425142727
0.7486879117160832
0.7394375348695462
0.7299910136110495
0.7204143601064692
0.7107792845857126
0.7011610343970276
0.6916358840458502
0.6822784636441335
0.6731590957704314
0.6643412780764949
0.6558793929359956
0.6478166273338811
0.640182915271801
0.6329924874131017
0.6262407954345718
0.6199034292481118
0.6139472719440315
0.6083563180287223
0.6031376495895913
0.5982997582137896
0.5938387838732695
0.5897383281195594
0.5859730371251697
0.582512067221906
0.5793221542572369
0.5763705077833738
0.5736273879200744
0.5710678742837731
0.5686723987211233
0.5664260654721974
0.5643172135511285
0.5623357963622584
0.5604720922343499
0.5587162744313132
0.5570593784805783
0.5554956090345067
0.5540245299121422
0.5526511543541056
0.5513836910912464
0.5502305256472957
0.5491978492988181
0.5482883090786252
0.5475004838940531
0.5468289196013771
0.546264535467871
0.5457952839286395
0.5454069810532982
0.5450842397012218
0.5448114436339957
0.5445737045404513
0.5443577447663835
0.5441526443923427
0.5439503842199784
0.5437461163179665
0.5435381146348172
0.5433274043530059
0.5431171270344741
0.5429117452937422
0.5427162081806943
0.5425351859743828
0.5423724528685654
0.542230462179188
0.542110129773383
0.5420108194414397
0.5419305072302338
0.5418660881906221
0.5418137779470409
0.541769554185795
0.5417295816157877
0.541690569609945
0.5416500244080886
0.5416063755057198
0.541558975534085
0.5415079911570573
0.5414542163913999
0.5413988472494284
0.5413432564807861
0.5412887994474918
0.5412366692180881
0.5411878061074837
0.5411428592775152
0.5411021955597086
0.5410659479545721
0.541034089671091
0.5410065122323822
0.5409830841851183
0.5409636729632388
0.540948124335638
0.5409362076385162
0.5409275475876103
0.5409215730657079
0.5409175173436899
0.5409144966153867
0.5409116660145004
0.5409084062119281
0.5409044587707996
0.5408999475566934
0.540895294862715
0.5408910999343657
0.5408880431281082
0.5408868315463249
0.5408881616790496
0.5408926637460169
0.5409008043429708
0.5409127470874522
0.5409282017975934
0.5409463325364047
0.5409658304200935
0.5409852328109328
0.541003414338689
0.5410199609985928
0.5410351574200912
0.541049657022316
0.5410641618274371
0.5410793304575386
0.5410958832476152
0.5411147468340254
0.5411370900303571
0.5411641607559756
0.541196892926616
0.5412353267798806
0.5412780454440091
0.5413221259864731
0.5413642295280496
0.5414025491309229
0.5414377760332448
0.541471967354253
0.5415068136414386
0.5415430116846432
0.5415807560127732
0.5416205746106055
0.5416639177226897
0.5417132050890463
0.5417711463943022
0.5418391127968281
0.5419144574181204
0.5419880893046716
0.5420474149257187
0.5420878697469473
0.5421185808995204
0.5421522644393262
0.5421961435594915
0.542251922807883
0.5423193366391754
0.5423992675051503
0.5424954999572112
0.5426150799859845
0.5427670245440595
0.5429577335048417
0.5431775030723267
0.5433713489784153
0.5434487870615358
0.5434237535639617
0.5433866890890899
0.5433836936063896
0.543422408083271
0.5434982277311099
0.5436078252555148
0.5437554522588799
0.5439564183506307
0.5442396886145755
0.5446491859242528
