0.9998633663347066
0.9998304963853226
0.9997897151052342
0.9997394566676623
0.9996783856341985
0.9996049599158566
0.9995178180971571
0.9994150138417428
0.9992953064157616
0.9991571764384388
0.9989975954663703
0.998814045505561
0.9986039513913192
0.9983646982154594
0.9980937130924994
0.9977888703451284
0.9974467914747484
0.997063908486977
0.9966365525290469
0.9961595161844051
0.995629435058077
0.9950442267448129
0.9944003040967193
0.9936903380950998
0.9929104257088223
0.9920483373694529
0.9911026984814599
0.9900783853431024
0.9889625191234632
0.9877541999053933
0.9864425932892537
0.9850217944410461
0.9834814329079566
0.9818170232499515
0.9800170625066948
0.9780907418171683
0.9760126363583147
0.9737817648441509
0.9713918851885428
0.9688333908960283
0.9660960324479282
0.9631627036570465
0.9600482478257677
0.9567514576125823
0.9532521876864904
0.9495424253384909
0.9456508295294728
0.9415557398175908
0.9372855111160393
0.9328528851946161
0.9282090057991849
0.9233363182794775
0.9182568249138634
0.9129846292822696
0.9075004980023024
0.9018243336664978
0.8959724972609957
0.8899613418956746
0.8837424608394732
0.8773972733761433
0.870885574234924
0.8641857290291342
0.8573267673811041
0.8503255945717436
0.8432511589233928
0.8360588985918144
0.8287628472358158
0.8214052896135025
0.8139633590466346
0.8064673493509901
0.7989231959874719
0.7912929913096395
0.783645425070648
0.7760278413902584
0.7683337827066238
0.7606935159813242
0.7530717523982019
0.7454999209644857
0.7380249381861903
0.7306690842206827
0.7233605246943431
0.7160841391098192
0.7088666897893191
0.7017742000404967
0.6948701929743767
0.6880458268975094
0.681412080061222
0.6749549082929798
0.6685626588523585
0.6622466100985493
0.6561715188516584
0.6502135893671239
0.6444842943806683
0.638870041219131
0.6334568579516862
0.6281786419282209
0.6230649351034607
0.618041617011494
0.6131614814270219
0.6084213385254145
0.6037237157891434
0.5992733153232501
0.5948681073725521
0.5904507391746279
0.5861891446958852
0.5821950339973367
0.5784802463755137
0.5749014903329921
0.5715578072352285
0.5682712679338628
0.5652035292881481
0.562250120517521
0.559423069968527
0.5566474133074382
0.5538692706085772
0.5512103543885769
0.5487669123588013
0.546206552146427
0.5438193389563015
0.5413373380316491
0.538829684842585
0.5365450947561798
0.5343721832701167
0.5322931323201399
0.5302165643350261
0.528242286886365
0.5264029697020567
0.5246840577742986
0.5229328571922977
0.521448060398414
0.5199894446015751
0.5185568790570858
0.5171887086674644
0.5158025481071083
0.5145373844421164
0.5133494159855745
0.5123429954708874
0.5113700673784538
0.5103047059435846
0.5092855682381237
0.5083908126345547
0.5075678592459129
0.5068290660300134
0.506184804704046
0.5054937418699416
0.504710196190693
0.5041170175666094
0.5036674880159009
0.5031357300832795
0.5026887337718078
0.5022269942734727
0.5018405159043539
0.5015638046110455
0.5013503330591002
0.501343938704792
0.5011598605136174
0.5010369185647148
0.5010510678053157
0.5010606146678582
0.5011121934809039
0.50113208082795
0.50117618345319
0.5011174964480389
0.5011438464947182
0.5011875233797096
0.5013780385726433
0.501595945243398
0.501811035225575
0.5021050659702888
0.5024009716656779
0.5025475645671443
0.5027065478440653
0.5028330202261282
0.502837516923912
0.502874051633686
0.5029109331473822
0.5027655564318907
0.5028438222888649
0.5029147697190524
0.5030124664812092
0.5032106380699573
0.5034999526568816
0.5039046432306397
0.5042572879787619
0.504575685934114
0.5047597850731332
0.5049678200335255
0.5053786258578505
0.5057072227504107
0.5059756746654822
0.5062488408914558
0.5064996896767054
0.5067604932943761
0.5070009911360022
0.5073334184221319
0.5075686166788683
0.5078534729969555
0.5081085280009634
0.508255384539245
0.5083618325011926
