0.7880143831796679
0.9879490921725085
0.9876463089708477
0.9870694646885023
0.9861324674462886
0.9847048573308829
0.9831942214581633
0.9815549365482706
0.9797559966967836
0.9777746974484256
0.9755904397834483
0.9731826689593231
0.9705300790030941
0.967610263000271
0.9643995491498115
0.9608729294617199
0.9570040451022562
0.9527652143545923
0.9481274984214277
0.9430608044671034
0.9375340272254544
0.9315152313329067
0.924971876772637
0.917871089650004
0.9101799800571904
0.9018660080677124
0.8928973979477026
0.8832435994913592
0.8728757939941132
0.8617674407861448
0.8498948584875677
0.8372378332534082
0.8237802443034317
0.8095106950452744
0.7944231361797685
0.7785174654185336
0.7618000869503029
0.7442844126756962
0.7259912866039759
0.7069493137792373
0.6871950757752685
0.6667732162455662
0.645736382286356
0.6241450104770945
0.6020669503706046
0.5795769228287433
0.5567558158000285
0.5336898257204583
0.5104694584466869
0.4871884092221014
0.4639423463275151
0.44082762747098014
0.4179399813352753
0.39537318877927563
0.3732177987991522
0.35155991340295933
0.3304800730454396
0.3100522703252194
0.29034311448535377
0.271411163192247
0.2533064314751643
0.23607008099989069
0.21973428643337256
0.20432226989846025
0.18984848971377133
0.1763189659614225
0.1637317230148817
0.15207732797285634
0.14133950387030125
0.13149579738870665
0.1225182823344051
0.1143742821498156
0.10702709693461954
0.10043672268184844
0.09456055252603568
0.08935405165944388
0.08477139915340881
0.08076609122568412
0.07729150155588327
0.07430139512465084
0.07175039280052653
0.0695943845807524
0.0677908900558547
0.06629936534432945
0.0650814564467943
0.06410119969623462
0.06332517071723898
0.06272258402815811
0.062265346098303254
0.06192806527967276
0.061688022545222765
0.061525107365426934
0.06142172333058482
0.0613626682750078
0.06133499368391393
0.061327848074011926
0.06133230884801166
0.061341206847798424
0.06134894748895714
0.061351331968475864
0.061345381615131256
0.06132916801395094
0.06130165109590413
0.06126252695333878
0.061212086729680926
0.06115108754608645
0.06108063607307512
0.06100208503538074
0.06091694265532388
0.0608267947947877
0.06073323934831876
0.0606378322688621
0.06054204447175826
0.06044722875973818
0.06035459583939817
0.060265198455365376
0.06017992264914884
0.06009948515279173
0.06002443594968465
0.05995516507349263
0.05989191276816219
0.059834782194502
0.05978375393943958
0.05973870165999218
0.05969940827327358
0.05966558218407114
0.059636873121224454
0.05961288723124092
0.0595932011513054
0.05957737485269787
0.05956496310901205
0.059555525500690654
0.05954863491794449
0.05954388456789772
0.059540893528721495
0.05953931092386522
0.05953881881329259
0.05953913391658583
0.05954000829500172
0.05954122912691684
0.059542617713878365
0.05954402785347368
0.05954534371091835
0.059546477314296076
0.0595473657893536
0.0595479684390815
0.05954826376163991
0.05954824648789303
0.05954792470725723
0.0595473171381804
0.05954645058761099
0.05954535763245483
0.059544074545584746
0.059542639479451154
0.059541090911950256
0.05953946635193752
0.05953780129562902
0.05953612842017497
0.059534476996766394
0.059532872502810474
0.059531336410772684
0.059529886130255005
0.05952853507958267
0.0595272928635443
0.05952616553483603
0.059525155918130346
0.05952426397735644
0.05952348720876832
0.05952282104443096
0.0595222592529524
0.059521794326494515
0.059521417845213365
0.05952112081233363
0.05952089395498328
0.05952072798761421
0.05952061383643803
0.05952054282461372
0.05952050681909726
0.05952049834099149
0.059520510641963065
0.059520537749875424
0.059520574487126
0.05952061646544193
0.05952066006089973
0.05952070237297413
0.05952074117122541
0.059520774833013324
0.059520802275399465
0.059520822883983526
0.059520836441159575
0.059520843055823724
0.059520843096267484
0.059520837127569615
0.059520825854511905
0.059520810070675445
0.05952079061414095
0.05952076832992892
0.05952074403909602
0.05952071851426144
0.05952069246116265
