0.8763267236906132
0.9432629010870828
0.9414062787221197
0.9394478023184676
0.9373584075791486
0.9351266007992529
0.9327427523274829
0.9301970018112162
0.9274788583940412
0.9245771160257431
0.9214798428051939
0.9181743923751752
0.914647425714276
0.9108849416469762
0.9068723170512655
0.9025943584394953
0.8980353667213927
0.8931792169164482
0.8880094544718301
0.882509409683898
0.876662331513944
0.8704515418232683
0.8638606107198091
0.8568735533006262
0.8494750475864568
0.841650672874355
0.8333871670839549
0.8246727009483475
0.8154971661131295
0.805852473373381
0.795732856420533
0.7851351756173749
0.77405921550365
0.7625079689955682
0.7504879006229708
0.7380091806931235
0.7250858820260235
0.7117361309164636
0.6979822042818082
0.6838505655822924
0.6693718330719309
0.6545806752574972
0.6395156300976277
0.6242188464313152
0.6087357483315734
0.593114625461792
0.5774061549764173
0.5616628629456835
0.5459385355776607
0.5302875925378254
0.5147644363093291
0.4994227926919903
0.48431505812268694
0.46949166946203047
0.4550005112155755
0.4408863738654042
0.42719047514243724
0.4139500537703943
0.4011980425877947
0.38896282515351266
0.37726807712119204
0.36613269098058143
0.355570780345284
0.3455917579250448
0.3362004797305935
0.3273974469561546
0.3191790563671685
0.31153788985273023
0.304463034021086
0.29794042124165276
0.29195318427908024
0.28648201753578784
0.28150553883904506
0.27700064661168877
0.2729428681037106
0.2693066951057458
0.2660659042025898
0.26319385915731963
0.26066379345743773
0.25844907142291607
0.2565234265942382
0.25486117640743833
0.25343741244053486
0.2522281657941462
0.25121054745537963
0.2503628637897647
0.24966470760744475
0.2490970255503907
0.24864216283767926
0.24828388667601908
0.24800738988329385
0.2477992764755933
0.24764753112687554
0.24754147452147857
0.24747170668151186
0.24743004036506644
0.2474094265998631
0.24740387434509925
0.2474083661676837
0.24741877168379245
0.24743176035975234
0.24744471509393706
0.24745564781990514
0.2474631181861412
0.24746615618411305
0.24746418941842474
0.24745697554370027
0.24744454023523066
0.2474271209162312
0.2474051163350186
0.24737904197128147
0.24734949115205984
0.24731710167499388
0.24728252766824754
0.24724641636265898
0.24720938941112536
0.24717202836192353
0.24713486387552364
0.24709836826720988
0.2470629509592811
0.24702895643553935
0.24699666430602185
0.24696629111029667
0.24693799351209866
0.2469118725655447
0.24688797876277946
0.2468663176037137
0.2468468554599026
0.24682952553568283
0.2468142337601833
0.24680086447289273
0.24678928579302506
0.24677935458848044
0.2467709209835277
0.24676383236542376
0.2467579368687276
0.2467530863322115
0.24674913873697912
0.24674596014571082
0.24674342617202782
0.24674142301595037
0.24673984810641214
0.2467386103950645
0.24673763034727036
0.24673683967651938
0.24673618086763438
0.2467356065323445
0.24673507863817223
0.24673456764843194
0.2467340516074802
0.24673351520148767
0.24673294882094232
0.24673234764703
0.24673171078005163
0.2467310404242239
0.24673034113957615
0.24672961916839087
0.24672888184061625
0.2467281370600377
0.24672739287072665
0.2467266571013491
0.24672593708334423
0.24672523943777092
0.2467245699246966
0.24672393334839793
0.2467233335112825
0.24672277320932767
0.24672225426193106
0.2467217775692988
0.24672134319089734
0.246720950439007
0.24672059798195634
0.24672028395228607
0.24672000605569844
0.24671976167733922
0.2467195479825962
0.24671936201021583
0.24671920075612486
0.24671906124686738
0.24671894060206956
0.2467188360857312
0.24671874514651881
0.2467186654475363
0.24671859488626735
0.24671853160557478
0.2467184739967646
0.24671842069579464
0.2467183705737539
0.24671832272271832
0.2467182764380631
0.2467182311982542
0.24671818664305123
0.24671814255096747
0.24671809881671491
0.24671805542927194
0.24671801245107405
0.24671796999874296
0.24671792822564542
0.24671788730648514
0.24671784742404113
