0.8061087358131929
0.7325247586739208
0.7315272058688399
0.7305263378591289
0.7295226566228569
0.7285163948018403
0.7275076681049488
0.7264965360015528
0.725483028088983
0.7244671568731564
0.7234489245522254
0.7224283268912168
0.721405355572013
0.7203799996915561
0.7193522467579934
0.7183220833769545
0.7172894957387268
0.7162544699728042
0.715216992411155
0.7141770497867583
0.7131346293849445
0.7120897191594352
0.7110423078213737
0.7099923849072384
0.708939940829955
0.7078849669164238
0.706827455433922
0.7057673996073038
0.7047047936285338
0.7036396326597889
0.7025719128311836
0.7015016312339604
0.7004287859099028
0.6993533758375994
0.6982754009161138
0.6971948619465391
0.6961117606118615
0.6950260994555055
0.6939378818588806
0.6928471120182231
0.6917537949209754
0.6906579363219274
0.6895595427193035
0.6884586213309627
0.687355180070848
0.6862492275258041
0.6851407729328636
0.6840298261570787
0.6829163976699681
0.6818004985286281
0.6806821403555485
0.6795613353191612
0.6784380961151404
0.6773124359484626
0.6761843685162324
0.6750539079912679
0.6739210690064383
0.6727858666397417
0.6716483164001008
0.6705084342138651
0.6693662364119861
0.6682217397178516
0.6670749612357468
0.6659259184399153
0.664774629164196
0.663621111592205
0.6624653842480346
0.6613074659874436
0.6601473759895091
0.658985133748714
0.6578207590674443
0.6566542720488686
0.655485693090178
0.6543150428761588
0.653142342373082
0.6519676128228769
0.65079087573758
0.6496121528940284
0.6484314663287891
0.6472488383332946
0.6460642914491825
0.6448778484638089
0.6436895324059277
0.6424993665415253
0.6413073743697861
0.6401135796191895
0.638918006243717
0.6377206784191627
0.636521620539541
0.6353208572135671
0.6341184132612248
0.6329143137103936
0.6317085837935341
0.6305012489444293
0.6292923347949702
0.628081867171977
0.6268698720940618
0.6256563757685145
0.6244414045882134
0.6232249851285576
0.6220071441444182
0.6207879085670938
0.6195673055012827
0.6183453622220587
0.6171221061718501
0.6158975649574194
0.6146717663468431
0.613444738266486
0.6122165087979741
0.6109871061751537
0.6097565587810541
0.6085248951448259
0.6072921439386814
0.606058333974818
0.6048234942023265
0.6035876537040914
0.6023508416936745
0.601113087512184
0.5998744206251312
0.5986348706192675
0.5973944671994098
0.5961532401852503
0.5949112195081474
0.5936684352079045
0.5924249174295311
0.5911806964199893
0.5899358025249217
0.5886902661853717
0.5874441179344796
0.5861973883941698
0.5849501082718216
0.5837023083569277
0.582454019517737
0.5812052726978836
0.5799560989130084
0.5787065292473608
0.5774565948503965
0.576206326933357
0.574955756765843
0.5737049156723779
0.5724538350289614
0.5712025462596098
0.5699510808328971
0.5686994702584807
0.5674477460836262
0.5661959398897212
0.5649440832887858
0.5636922079199811
0.5624403454461098
0.5611885275501156
0.5599367859315802
0.5586851523032168
0.5574336583873647
0.5561823359124856
0.5549312166096529
0.5536803322090535
0.5524297144364791
0.5511793950098334
0.549929405635631
0.5486797780055088
0.5474305437927403
0.5461817346487554
0.5449333821996651
0.5436855180427997
0.5424381737432473
0.5411913808304099
0.5399451707945611
0.5386995750834203
0.5374546250987375
0.536210352192888
0.5349667876654796
0.5337239627599797
0.5324819086603474
0.5312406564876899
0.5300002372969288
0.5287606820734847
0.5275220217299812
0.5262842871029623
0.5250475089496385
0.523811717944636
0.5225769446767845
0.5213432196459151
0.5201105732596789
0.5188790358303954
0.517648637571918
0.5164194085965272
0.5151913789118412
0.51396457841776
0.5127390369034337
0.5115147840442476
0.5102918493988482
0.5090702624061847
0.5078500523825888
0.5066312485188726
0.5054138798774643
0.5041979753895702
0.502983563852365
0.50177067392622
0.5005593341319521
0.49934957284811443
0.4981414183083158
0.496934898598567
0.49573004165467616
0.49452687525965755
0.4933254270411923
0.4921257244691126
0.4909277948529267
0.4897316653393795
0.48853736291004235
0.4873449143789498
0.4861543463902632
0.4849656854159786
0.4837789577536683
0.4825941895242606
0.4814114066698577
0.48023063495159146
0.4790518999475234
0.4778752270505724
0.4767006414664917
0.47552816821188326
0.47435783211224425
0.4731896578000666
0.4720236697129653
0.4708598920918533
0.4696983489791525
0.46853906421704994
0.4673820614457934
0.4662273641020237
0.4650749954171546
0.46392497841579217
0.46277733591418835
0.46163209051875
0.46048926462457296
0.45934888041403177
0.4582109598554037
0.45707552470153356
0.45594259648854474
0.45481219653458715
0.45368434593863183
0.4525590655793019
0.45143637611375065
0.450316297976574
0.44919885137877247
0.4480840563067473
0.4469719325213446
0.44586249955693535
0.44475577672053834
0.4436517830909863
0.44255053751812923
0.4414520586220825
0.4403563647925093
0.43926347418795275
0.4381734047351997
0.4370861741286912
0.43600179982996623
0.4349202990671509
0.43384168883448593
0.4327659858918905
0.4316932067645697
0.43062336774265564
0.4295564848808934
0.42849257399835616
0.42743165067821265
0.42637373026751446
0.4253188278770367
0.42426695838114736
0.4232181364177148
0.42217237638805327
0.4211296924569058
0.42009009855245594
0.4190536083663897
0.41802023535397426
0.4169899927341866
0.41596289348987003
0.41493895036792694
0.4139181758795417
0.4129005823004439
0.4118861816711984
0.41087498579753245
0.40986700625069006
0.4088622543678263
0.40786074125242866
0.4068624777747616
0.4058674745723615
0.40487574205054366
0.403887290382945
0.40290212951210347
0.4019202691500533
0.40094171877896156
0.3999664876517871
0.3989945847929667
0.3980260189991284
0.39706079883983747
0.39609893265836005
0.39514042857246334
0.39418529447523243
0.393233538035916
0.3922851667007956
0.39134018769408463
0.3903986080188432
0.3894604344579201
0.3885256735749212
0.3875943317151952
0.3866664150068412
0.3857419293617448
0.38482088047662677
0.38390327383411815
0.3829891147038552
0.3820784081435906
0.38117115900032794
0.38026737191147286
0.3793670513060057
0.3784702014056651
0.3775768262261606
0.3766869295783922
0.3758005150696877
0.37491758610506654
0.37403814588850437
0.3731621974242251
0.37228974351800137
0.3714207867784729
0.3705553296184759
0.36969337425638826
0.3688349227174892
0.36797997683532635
0.3671285382531019
0.36628060842506993
0.36543618861793237
0.3645952799122715
0.36375788320396685
0.3629239992056358
0.36209362844808857
0.361266771281777
0.3604434278782692
0.3596235982317202
0.3588072821603564
0.3579944793079708
0.35718518914541975
0.35637941097212855
0.3555771439176074
0.35477838694296615
0.35398313884244736
0.35319139824494894
0.3524031636155649
0.3516184332571296
0.35083720531175644
0.3500594777623941
0.3492852484343755
0.3485145149969785
0.3477472749649867
0.3469835257002488
0.34622326441325046
0.3454664881646744
0.3447131938669784
0.3439633782859627
0.34321703804234205
0.3424741696133179
0.34173476933415914
0.34099883339976855
0.340266357866264
0.33953733865254665
0.3388117715418797
0.3380896521834573
0.3373709760939818
0.3366557386592257
0.3359439351356075
0.3352355606517584
0.334530610210081
0.3338290786883177
0.3331309608411087
0.3324362513015472
0.33174494458273385
0.33105703507932904
0.33037251706909687
0.32969138471444837
0.3290136320639826
0.3283392530540197
0.32766824151012985
0.3270005911486623
0.3263362955782604
0.32567534830138545
0.3250177427158195
0.3243634721161738
0.323712529695388
0.3230649085462224
0.3224206016627468
0.3217796019418234
0.32114190218457617
0.3205074950978687
0.3198763732957589
0.31924852930095404
0.3186239555462663
0.3180026443760481
0.3173845880476275
0.3167697787327358
0.3161582085189246
0.3155498694109843
0.3149447533323385
0.3143428521264503
0.3137441575582006
0.3131486613152773
0.31255635500954104
0.31196723017839434
0.3113812782861305
0.3107984907252884
0.31021885881798317
0.3096423738172418
0.3090690269083227
0.3084988092100276
0.30793171177600176
0.30736772559603365
0.3068068415973375
0.3062490506458303
0.3056943435473993
0.30514271104915613
0.30459414384069117
0.30404863255530656
0.3035061677712547
0.3029667400129469
0.3024303397521747
0.3018969574093031
0.30136658335446953
0.3008392079087595
0.3003148213453821
0.29979341389083347
0.2992749757260479
0.29875949698754
0.298246967768542
0.29773737812012513
0.29723071805231116
0.29672697753518185
0.2962261464999676
0.2957282148401351
0.29523317241245906
0.2947410090380903
0.294251714503607
0.29376527856206247
0.293281690934018
0.2928009413085655
0.2923230193443479
0.2918479146705617
0.29137561688795144
0.2909061155697966
0.29043940026288684
0.28997546048848644
0.2895142857432921
0.28905586550038154
0.2886001892101393
0.28814724630119837
0.28769702618134474
0.28724951823843103
0.28680471184127343
0.28636259634053307
0.28592316106960436
0.28548639534547526
0.2850522884695902
0.28462082972869707
0.28419200839568803
0.2837658137304334
0.2833422349805912
0.2829212613824357
0.28250288216164254
0.2820870865340943
0.2816738637066538
0.2812632028779478
0.28085509323912206
0.28044952397460554
0.2800464842628515
0.2796459632770788
0.27924795018599713
0.27885243415452765
0.27845940434451544
0.2780688499154276
0.27768076002504616
0.27729512383015875
0.2769119304872244
0.27653116915304643
0.2761528289854259
0.2757768991438162
0.2754033687899592
0.2750322270885194
0.2746634632077053
0.27429706631989015
0.2739330256022138
0.2735713302371846
0.273211969413269
0.27285493232547076
0.2725002081759126
0.2721477861743975
0.27179765553896573
0.27144980549644926
0.2711042252830128
0.27076090414468756
0.2704198313378958
0.27008099612998127
0.2697443877997038
0.26940999563775747
0.2690778089472605
0.26874781704424644
0.2684200092581448
0.2680943749322582
0.2677709034242217
0.2674495841064749
0.2671304063667037
0.26681335960829344
0.26649843325076084
0.2661856167301927
0.2658748994996647
0.26556627102966257
0.2652597208084919
0.2649552383426844
0.264652813157395
0.26435243479678616
0.2640540928244258
0.26375777682365287
0.2634634763979564
0.26317118117133864
0.26288088078867367
0.2625925649160562
0.2623062232411594
0.2620218454735608
0.26173942134508976
0.26145894061014385
0.26118039304602314
0.26090376845323526
0.26062905665581804
0.2603562475016278
0.2600853308626593
0.25981629663532024
0.2595491347407307
0.25928383512500197
0.2590203877595121
0.2587587826411806
0.25849900979272833
0.2582410592629465
0.2579849211269467
0.25773058548641015
0.2574780424698374
0.25722728223278624
0.2569782949581011
0.256731070856156
0.2564856001650647
0.2562418731509112
0.2559998801079617
0.2557596113588737
0.2555210572549039
0.255284208176109
0.2550490545315399
0.25481558675943694
0.25458379532741837
0.25435367073265625
0.254125203502065
0.2538983841924649
0.2536732033907608
0.25344965171410483
0.2532277198100572
0.253007398356743
0.2527886780630042
0.25257154966855533
0.2523560039441205
0.25214203169158
0.25192962374410566
0.25171877096629147
0.25150946425428733
0.251301694535924
0.25109545277083367
0.2508907299505666
0.2506875170987136
0.2504858052710054
0.25028558555542946
0.2500868490723306
0.24988958697451158
0.24969379044732987
0.24949945070879076
0.24930655900964205
0.24911510663345593
0.24892508489671428
0.24873648514889035
0.24854929877252685
0.24836351718330663
0.24817913183012974
0.24799613419517474
0.24781451579396974
0.24763426817545142
0.24745538292202396
0.24727785164961757
0.24710166600774353
0.24692681767953617
0.24675329838181115
0.24658109986510557
0.2464102139137202
0.24624063234576088
0.24607234701317393
0.24590534980178325
0.24573963263131982
0.24557518745545026
0.24541200626180792
0.24525008107201263
0.24508940394169698
0.24492996696052194
0.24477176225219832
0.24461478197449693
0.2444590183192643
0.24430446351243373
0.2441511098140321
0.24399894951818357
0.2438479749531185
0.24369817848116904
0.24354955249877552
0.24340208943647657
0.2432557817589105
0.24311062196480349
0.24296660258696834
0.2428237161922836
0.24268195538168935
0.24254131279017221
0.24240178108674104
0.24226335297442114
0.2421260211902223
0.24198977850512549
0.2418546177240556
0.2417205316858554
0.2415875132632609
0.24145555536287222
0.24132465092512012
0.2411947929242394
0.2410659743682313
0.24093818829882618
0.2408114277914568
0.24068568595520423
0.24056095593277405
0.2404372309004451
0.24031450406802846
0.24019276867882455
0.24007201800957734
0.2399522453704267
0.23983344410486163
0.2397156075896656
0.23959872923487024
0.2394828024837059
0.23936782081253527
0.23925377773081358
0.23914066678102086
0.23902848153860934
0.2389172156119478
0.2388068626422536
0.23869741630353936
0.2385888703025444
0.2384812183786783
0.23837445430395
0.23826857188290573
0.23816356495256163
0.23805942738233765
0.23795615307398388
0.2378537359615165
0.23775217001114468
0.23765144922119885
0.2375515676220603
0.23745251927608058
0.23735429827751642
0.23725689875244926
0.23716031485870837
0.23706454078579442
0.23696957075480274
0.23687539901834465
0.236782019860466
0.2366894275965632
0.23659761657331202
0.23650658116857537
0.2364163157913266
0.23632681488156226
0.23623807291022036
0.2361500843790929
0.23606284382074205
0.23597634579841242
0.23589058490594395
0.23580555576768736
0.23572125303840918
0.23563767140320768
0.23555480557742225
0.23547265030654252
0.2353912003661166
0.23531045056166244
0.2352303957285714
0.23515103073201749
0.23507235046686892
0.23499434985758771
0.23491702385813573
0.23484036745188652
0.23476437565152253
0.23468904349894315
0.23461436606516994
0.23454033845024436
0.23446695578313947
0.23439421322165288
0.23432210595231606
0.23425062919029072
0.23417977817927793
0.23410954819140528
0.2340399345271441
0.23397093251519607
0.23390253751239942
0.23383474490362877
0.23376755010168848
0.23370094854722046
0.23363493570859406
0.23356950708180924
0.23350465819039268
0.23344038458529381
0.2333766818447861
0.2333135455743608
0.23325097140662587
0.23318895500119707
0.2331274920446028
0.23306657825017318
0.23300620935794092
0.2329463811345297
0.23288708937305935
0.23282832989303204
0.23277009854023234
0.23271239118662024
0.23265520373022686
0.23259853209504688
0.23254237223093766
0.2324867201135049
0.23243157174400653
0.2323769231492383
0.232322770381434
0.23226910951815327
0.2322159366621812
0.23216324794141496
0.23211103950876444
0.23205930754203952
0.23200804824384713
0.23195725784148236
0.2319069325868207
0.2318570687562146
0.23180766265038244
0.23175871059430364
0.23171020893711225
0.23166215405198498
0.23161454233604328
0.23156737021023377
0.23152063411923285
0.23147433053133126
0.23142845593832984
0.23138300685543556
0.23133797982114668
0.23129337139715178
0.231249178168221
0.23120539674209717
0.231162023749392
0.23111905584347447
0.2310764897003681
0.23103432201864305
0.23099254951930648
0.23095116894569667
0.23091017706338157
0.23086957066004343
0.23082934654537823
0.23078950155098565
0.23075003253026571
0.23071093635831375
0.23067220993180337
0.23063385016889548
0.2305958540091222
0.23055821841328505
0.2305209403633457
0.23048401686232234
0.23044744493418612
0.2304112216237525
0.23037534399657655
0.2303398091388501
0.23030461415729098
0.23026975617904755
0.23023523235158228
0.2302010398425791
0.23016717583983015
0.2301336375511357
0.2301004222041967
0.23006752704651579
0.23003494934528945
0.2300026863873076
0.2299707354788465
0.2299390939455681
0.22990775913241757
0.2298767284035197
0.22984599914207304
0.22981556875025344
0.22978543464910928
0.22975559427845627
0.22972604509678218
0.22969678458113718
0.22966781022704286
0.229639119548378
0.22961071007729228
0.22958257936409388
0.2295547249771519
0.22952714450280176
0.2294998355452399
0.22947279572642376
0.2294460226859737
0.22941951408107653
0.22939326758638
0.2293672808939008
0.22934155171292303
0.22931607776989715
0.22929085680834704
0.22926588658877234
0.22924116488854407
0.22921668950181429
0.2291924582394177
0.22916846892877374
0.22914471941378967
0.2291212075547685
0.2290979312283068
0.2290748883272048
0.22905207676036676
0.22902949445270904
0.2290071393450659
0.2289850093940915
0.22896310257216823
0.22894141686731384
0.2289199502830842
0.2288987008384854
0.22887766656787356
0.22885684552087115
0.22883623576226653
0.22881583537192662
0.2287956424447014
0.22877565509033693
0.2287558714333846
0.2287362896131011
0.22871690778336973
0.22869772411260392
0.22867873678365747
0.22865994399373601
0.2286413439543078
0.22862293489101526
0.22860471504358382
0.22858668266573767
0.22856883602510647
0.2285511734031448
0.22853369309503613
0.22851639340961327
0.22849927266926773
0.22848232920986578
0.22846556138065732
0.22844896754419752
0.22843254607625585
0.22841629536573338
0.22840021381457776
0.22838429983769615
0.2283685518628773
0.22835296833069973
0.22833754769445846
0.22832228842007085
0.22830718898600022
0.22829224788317537
0.2282774636148993
0.22826283469678266
0.22824835965664547
0.228234037034447
0.22821986538220307
0.22820584326390347
0.22819196925543295
0.228178241944493
0.22816465993052137
0.22815122182461012
0.2281379262494343
0.2281247718391648
0.22811175723939814
0.22809888110707377
0.22808614211040013
0.22807353892877336
0.22806107025270783
0.22804873478374998
0.2280365312344127
0.22802445832809415
0.22801251479900042
0.22800069939207823
0.22798901086293333
0.22797744797775954
0.22796600951326396
0.22795469425659565
0.22794350100526894
0.22793242856709262
0.22792147576010013
0.22791064141247164
0.2278999243624651
0.22788932345834922
0.2278788375583255
0.22786846553045947
0.22785820625261488
0.22784805861237645
0.22783802150698784
0.2278280938432763
0.2278182745375844
0.2278085625157068
0.2277989567128157
0.22778945607339451
0.22778005955117564
0.2277707661090621
0.227761574719073
0.22775248436227002
0.22774349402868888
0.2277346027172834
0.22772580943584908
0.22771711320096466
0.22770851303792272
0.22770000798067136
0.2276915970717458
0.22768327936220245
0.22767505391156273
0.22766691978773912
0.22765887606698743
0.2276509218338273
0.22764305618099379
0.22763527820936869
0.22762758702792307
0.22761998175365017
0.22761246151150993
0.22760502543436845
0.22759767266293673
0.22759040234570893
0.22758321363890455
0.22757610570641296
0.22756907771972923
0.22756212885789806
0.22755525830745527
0.22754846526237194
0.22754174892399381
0.22753510850098657
0.2275285432092793
0.22752205227200584
0.2275156349194506
0.2275092903889928
0.2275030179250498
0.22749681677902156
0.22749068620924173
0.22748462548091286
0.2274786338660616
0.22747271064347985
0.22746685509867193
0.22746106652380416
0.22745534421764857
0.22744968748553174
0.22744409563928392
0.22743856799718387
0.2274331038839108
0.22742770263049195
0.2274223635742496
0.22741708605875333
0.227411869433768
0.22740671305520632
0.22740161628507138
0.22739657849142147
0.22739159904830597
0.2273866773357236
0.22738181273957725
0.2273770046516188
0.2273722524694063
0.22736755559625277
0.22736291344118353
0.22735832541888223
0.2273537909496538
0.2273493094593695
0.2273448803794248
0.22734050314669396
0.22733617720348354
0.22733190199748454
0.2273276769817355
0.2273235016145705
0.22731937535957403
0.22731529768554504
0.2273112680664453
0.22730728598136152
0.22730335091445786
0.22729946235493514
0.2272956197969922
0.22729182273977167
0.22728807068733436
0.22728436314860379
0.22728069963733244
0.22727707967205912
0.2272735027760654
0.2272699684773385
0.22726647630852792
0.22726302580690838
0.22725961651434146
0.22725624797722677
0.227252919746476
0.22724963137746423
0.22724638242999384
0.2272431724682581
0.22724000106080278
