0.9937676027521866
0.9937408477580857
0.9934881861838499
0.9932070467624454
0.9929091204593307
0.9925961060845926
0.9922750095505813
0.9919299612798417
0.9915723216656711
0.9911980839225756
0.9908047654313651
0.9904058497759756
0.9899902619012554
0.9895644652493845
0.9890920644335909
0.9885949823433999
0.9880760879367274
0.9875406215727156
0.9869874265441446
0.9864176916351998
0.9858323491634821
0.985230619687217
0.9845860245589507
0.9839333295776848
0.9832625459460425
0.9825668064492394
0.9818570030560455
0.9811323765068469
0.9803840472956036
0.9795879233330406
0.9787622268531273
0.977911076917847
0.9770221173278129
0.9761156321256822
0.9751872631009488
0.9742401210140648
0.9732827495288012
0.9723110592241743
0.9713031924366662
0.9702732803513325
0.9692310769571117
0.9682247148449524
0.9670836471022538
0.9659170881450444
0.9646821544139349
0.9634325120194132
0.9621474026737392
0.9608667444653102
0.9595790794860843
0.9582882518796855
0.9569908410106706
0.9556358166496857
0.9542708444489272
0.9529028727415138
0.9515484571464092
0.9501996592014792
0.9487812629178894
0.9473752792597598
0.9459251479907087
0.9444136610762732
0.9428966100288215
0.9413261148134491
0.9397762439418413
0.9382615006250261
0.9367295506651863
0.9351883417934114
0.9336523712801692
0.9321638288071384
0.9306981580262343
0.9292792140555359
0.9278748933253781
0.9263067818763285
0.9246992815070223
0.9231294854689606
0.9216208835808744
0.9201748388008034
0.9187810149371645
0.9173800081923941
0.9160970028042301
0.9145416856595502
0.9130703779445694
0.9116654166758972
0.9102973529640552
0.9089501281045564
0.9076008941149817
0.9062384601300005
0.9048950600929984
0.9036415475865285
0.9024485412385739
0.9012914648905259
0.9001551877436336
0.8991066235196541
0.8980525552537884
0.897083806396491
0.8961596471297486
0.8951677953601137
0.8942492658898445
0.8932621782659873
0.8923036279300062
0.891454763249262
0.8907447749792495
0.8901151385133504
0.8896362240260085
0.8890956123032463
0.8886717881634084
0.8882048350302972
0.8876479467268497
0.8870806055694441
0.8864711070203862
0.8859375918728223
0.8854561346074918
0.8848691193849781
0.8843193919063024
0.8838531098001752
0.883383207436206
0.8830424792316373
0.8827021872565536
0.8824781762818448
0.882348944710634
0.8821069848039907
0.8818389538299464
0.8815891595334677
0.8814303695874207
0.8813773115422895
0.8813907115200913
0.8814716913733878
0.8814661337009706
0.881243038412211
0.8810659919351939
0.880858469637957
0.8806156741549949
0.8802855008855899
0.8800938768172255
0.8799179676248025
0.8798154515983074
0.8797960005903298
0.8797392475315232
0.879733496883415
0.8795970579383232
0.8795470798045111
0.879527457194518
0.879607596570853
0.8797029645152189
0.8797857964692857
0.8797849285455309
0.8794686706721961
0.8793061076115309
0.8791078299187985
0.8790512258022072
0.8789106993052412
0.8788426786097157
0.8788911820210704
0.8790164287684599
0.8791402158124304
0.8792872959244064
0.879246066839005
0.8792382092261832
0.8792730640607704
0.8792685112683616
0.8793776215996817
0.8792406732408133
0.8791956317921577
0.8791178111397473
0.8790853245086817
0.8790589377592205
0.8790661091863441
0.8791471340123644
0.8792001753502894
0.8791265380099211
0.8790790612685712
0.8790336409160381
0.8790829312267406
0.8791873562277359
0.8793404712598617
0.8793902299556592
0.8792238517354649
0.8791407775349329
0.8791176311232688
0.8790396924337269
0.8790456421691415
0.8789980565765974
0.8790458236765525
0.8790801045092091
0.8791349334318663
0.8791236519828259
0.879080513261508
0.8791221510401801
0.8789792153066953
0.8788582928665758
0.8787143360490723
0.8787273059028498
0.8788837406867993
0.8788170287091069
0.8788347784084733
0.8789288541003861
0.8789367547676352
0.8790370981604653
0.8791037832576439
0.87912391230489
0.8790629944390039
