0.805445119181892
0.737322981935542
0.7363054348079199
0.7352838520820492
0.7342589118227062
0.7332309743986674
0.7322002322602263
0.731166792368505
0.7301307149602674
0.7290920329920465
0.728050762648059
0.7270069094027416
0.7259604717174128
0.7249114434021544
0.723859815186017
0.722805575796932
0.7217487127262325
0.7206892127833413
0.7196270625065436
0.7185622484722619
0.7174947575309198
0.7164245769884275
0.7153516947465337
0.7142760994114209
0.713197780377377
0.7121167278905771
0.7110329330967984
0.709946388076004
0.708857085866101
0.7077650204777199
0.7066701869015148
0.7055725811092115
0.7044722000494494
0.7033690416392782
0.702263104752061
0.7011543892024252
0.7000428957288075
0.6989286259740849
0.6978115824646998
0.6966917685886498
0.695569188572654
0.6944438474587777
0.6933157510807434
0.6921849060401419
0.691051319682717
0.6899150000748653
0.6887759559804885
0.6876341968382937
0.68648973273963
0.6853425744069321
0.6841927331728189
0.6830402209598974
0.6818850502612903
0.6807272341219179
0.6795667861205337
0.6784037203525263
0.677238051413477
0.6760697943834695
0.6748989648121331
0.6737255787044094
0.6725496525070114
0.6713712030955646
0.6701902477623952
0.6690068042049422
0.6678208905147729
0.6666325251671612
0.665441727011213
0.6642485152605031
0.6630529094841962
0.6618549295986307
0.6606545958593282
0.659451928853412
0.658246949492403
0.6570396790053676
0.6558301389324037
0.6546183511184263
0.6534043377072418
0.6521881211358924
0.6509697241292378
0.6497491696947673
0.6485264811176246
0.6473016819558151
0.646074796035599
0.6448458474470391
0.6436148605396976
0.6423818599184659
0.6411468704395176
0.6399099172063711
0.6386710255660488
0.6374302211053284
0.6361875296470727
0.6349429772466288
0.633696590188294
0.6324483949818342
0.6311984183590498
0.6299466872703854
0.6286932288815776
0.6274380705703289
0.6261812399230082
0.6249227647313762
0.6236626729893218
0.622400992889613
0.6211377528206605
0.6198729813632815
0.6186067072874699
0.6173389595491645
0.6160697672870183
0.6147991598191591
0.6135271666399449
0.6122538174167127
0.610979141986516
0.609703170352851
0.6084259326823671
0.6071474593015715
0.60586778069351
0.6045869274944398
0.6033049304904798
0.6020218206142474
0.6007376289414779
0.599452386687628
0.5981661252044537
0.5968788759765804
0.595590670618046
0.5943015408688299
0.5930115185913638
0.5917206357670228
0.5904289244925982
0.589136416976753
0.587843145536459
0.5865491425934184
0.5852544406704672
0.5839590723879602
0.5826630704601421
0.581366467691502
0.5800692969731149
0.5787715912789637
0.5774733836622503
0.5761747072516947
0.5748755952478166
0.5735760809192083
0.5722761975987962
0.5709759786800888
0.5696754576134146
0.568374667902156
0.5670736430989649
0.56577241680198
0.564471022651029
0.563169494323831
0.5618678655321876
0.560566170018173
0.5592644415503187
0.5579627139197931
0.5566610209365839
0.5553593964256722
0.554057874223211
0.5527564881727034
0.5514552721211781
0.5501542599153699
0.5488534853979039
0.5475529824034793
0.5462527847550622
0.5449529262600792
0.5436534407066205
0.54235436185965
0.54105572345722
0.539757559206699
0.538459902781006
0.5371627878148566
0.5358662479010197
0.5345703165865878
0.533275027369261
0.5319804136936384
0.5306865089475332
0.5293933464583
0.5281009594891757
0.5268093812356403
0.5255186448217952
0.5242287832967629
0.5229398296311012
0.52165181671324
0.5203647773459439
0.5190787442427909
0.5177937500246739
0.5165098272163315
0.5152270082428971
0.5139453254264792
0.5126648109827554
0.5113854970176157
0.5101074155238015
0.5088305983776054
0.5075550773355748
0.5062808840312583
0.5050080499719745
0.5037366065356204
0.5024665849675003
0.5011980163771956
0.49993093173546344
0.4986653618711663
0.4974013374682399
0.4961388890626939
0.4948780470396469
0.4936188416303926
0.49236130290951685
0.4911054607920281
0.48985134503054717
0.4885989852125231
0.48734841075748514
0.48609965091434304
0.4848527347587156
0.483607691190305
0.48236454893031355
0.48112333651889005
0.479884082312628
0.47864681448209867
0.4774115610094277
0.4761783496859119
0.47494720810968094
0.47371816368339925
0.4724912436120089
0.47126647490052154
0.4700438843518444
0.46882349856466166
0.46760534393134723
0.4663894466359324
0.46517583265210716
0.4639645277412775
0.46275555745065544
0.4615489471114059
0.46034472183682673
0.45914290652058154
0.4579435258349768
0.4567466042292808
0.45555216592809233
0.45436023492974986
0.4531708350047897
0.4519839896944534
0.45079972230922705
0.4496180559274473
0.4484390133939301
0.4472626173186637
0.44608889007553587
0.4449178538011128
0.44374953039345766
0.442583941511003
0.44142110857146
0.44026105275077765
0.439103794982146
0.437949355955045
0.4367977561143358
0.43564901565940317
0.43450315454333166
0.43336019247213897
0.4322201489040425
0.43108304304877865
0.4299488938669588
0.42881772006947394
0.4276895401169405
0.4265643722191914
0.4254422343348061
0.4243231441706865
0.42320711918167764
0.4220941765702232
0.4209843332860673
0.4198776060260029
0.4187740112336479
0.4176735650992811
0.4165762835596961
0.4154821822981175
0.41439127674414233
0.41330358207372575
0.4122191132092071
0.41113788481937596
0.41005991131956876
0.40898520687181283
0.40791378538500433
0.4068456605151266
0.40578084566549255
0.4047193539870467
0.4036611983786771
0.40260639148758604
0.40155494570968064
0.4005068731900039
0.3994621858232007
0.39842089525401514
0.3973830128778236
0.3963485498412004
0.39531751704251383
0.3942899251325591
0.3932657845152149
0.3922451053481415
0.3912278975435016
0.390214170768712
0.38920393444722967
0.3881971977593631
0.3871939696431129
0.3861942587950451
0.38519807367118053
0.38420542248792844
0.38321631322303307
0.38223075361654935
0.38124875117185175
0.38027031315666127
0.37929544660409686
0.37832415831375565
0.377356454852813
0.37639234255715115
0.3754318275325035
0.37447491565562674
0.3735216125754942
0.37257192371450487
0.37162585426972317
0.37068340921413145
0.369744593297904
0.368809411049701
0.3678778667779844
0.3669499645723424
0.36602570830484626
0.3651051016314121
0.364188147993186
0.3632748506179423
0.3623652125215008
0.361459236509159
0.3605569251771368
0.3596582809140346
0.35876330590231353
0.35787200211978243
0.3569843713410963
0.3561004151392728
0.35522013488721726
0.35434353175926603
0.3534706067327258
0.35260136058944347
0.3517357939173741
0.3508739071121544
0.35001570037870644
0.34916117373282385
0.34831032700278575
0.34746315983097376
0.3466196716754919
0.3457798618118021
0.3449437293343569
0.3441112731582513
0.34328249202086647
0.34245738448353313
0.34163594893318516
0.34081818358403637
0.34000408647924574
0.33919365549259295
0.3383868883301636
0.3375837825320239
0.3367843354739152
0.3359885443689361
0.33519640626923897
0.3344079180677192
0.33362307649971223
0.33284187814469046
0.3320643194279569
0.33129039662235016
0.3305201058499331
0.32975344308369825
0.32899040414926617
0.32823098472657686
0.32747518035159306
0.3267229864179887
0.325974398178849
0.3252294107483583
0.3244880191034919
0.3237502180857027
0.3230160024026051
0.32228536662965956
0.321558305211849
0.3208348124653545
0.32011488257922627
0.3193985096170565
0.3186856875186349
0.3179764101016126
0.3172706710631553
0.3165684639815942
0.3158697823180686
0.31517461941816605
0.3144829685135546
0.3137948227236137
0.31311017505705274
0.3124290184135301
0.31175134558525563
0.31107714925860597
0.31040642201570734
0.30973915633603266
0.309075344597983
0.30841497908046067
0.3077580519644374
0.3071045553345142
0.30645448118047425
0.3058078213988281
0.30516456779434875
0.3045247120815979
0.3038882458864526
0.3032551607476085
0.3026254481180892
0.3019990993667362
0.3013761057796981
0.3007564585619059
0.3001401488385381
0.2995271676564828
0.2989175059857839
0.2983111547210827
0.2977081046830494
0.29710834661979924
0.2965118712083097
0.29591866905581854
0.29532873070121524
0.29474204661642645
0.29415860720778164
0.293578402817383
0.29300142372444826
0.29242766014666455
0.29185710224150396
0.29128974010756126
0.29072556378585324
0.29016456326112505
0.2896067284631382
0.2890520492679497
0.28850051549918676
0.2879521169292989
0.28740684328080757
0.2868646842275484
0.2863256293958941
0.28578966836596964
0.28525679067286325
0.28472698580781763
0.28420024321941595
0.28367655231475375
0.2831559024606024
0.2826382829845664
0.2821236831762147
0.28161209228822315
0.2811034995374847
0.2805978941062247
0.2800952651430989
0.27959560176427545
0.27909889305452185
0.27860512806826343
0.27811429583064273
0.277626385338562
0.2771413855617211
0.2766592854436368
0.2761800739026591
0.275703739832975
0.2752302721055938
0.27475965956933635
0.27429189105179697
0.2738269553603154
0.2733648412829143
0.2729055375892462
0.27244903303152
0.27199531634541785
0.27154437625100536
0.27109620145363234
0.2706507806448112
0.2702081025031048
0.2697681556949848
0.26933092887569476
0.2688964106900936
0.2684645897734925
0.26803545475248447
0.26760899424575735
0.2671851968649035
0.26676405121521396
0.2663455458964691
0.2659296695037131
0.26551641062802245
0.26510575785726587
0.2646976997768493
0.2642922249704567
0.26388932202077775
0.2634889795102321
0.2630911860216739
0.2626959301390994
0.26230320044832955
0.26191298553770237
0.2615252739987435
0.2611400544268241
0.26075731542182823
0.2603770455887876
0.2599992335385267
0.25962386788828784
0.2592509372623515
0.2588804302926503
0.2585123356193645
0.2581466418915247
0.257783337767593
0.2574224119160343
0.2570638530158972
0.25670764975736116
0.25635379084229803
0.25600226498481093
0.255653060911769
0.2553061673633389
0.25496157309349743
0.2546192668705536
0.2542792374776387
0.2539414737132152
0.25360596439155536
0.2532726983432233
0.2529416644155519
0.2526128514731042
0.2522862483981335
0.25196184409102573
0.2516396274707562
0.25131958747531347
0.2510017130621307
0.2506859932085129
0.2503724169120386
0.2500609731909803
0.24975165108469521
0.24944443965402296
0.2491393279816716
0.2488363051725928
0.24853536035436308
0.2482364826775424
0.24793966131603795
0.24764488546745655
0.24735214435344932
0.2470614272200562
0.24677272333803735
0.2464860220031997
0.2462013125367225
0.24591858428547075
0.24563782662230438
0.2453590289463795
0.24508218068345355
0.24480727128616697
0.2445342902343387
0.2442632270352384
0.24399407122386563
0.24372681236321692
0.2434614400445515
0.24319794388764382
0.24293631354103995
0.2426765386823072
0.24241860901826717
0.24216251428524138
0.2419082442492756
0.2416557887063685
0.24140513748269432
0.2411562804348154
0.24090920744989608
0.24066390844590557
0.24042037337182132
0.24017859220782656
0.23993855496549654
0.23970025168799391
0.2394636724502387
0.2392288073590989
0.23899564655355665
0.238764180204878
0.23853439851677527
0.2383062917255696
0.2380798501003466
0.23785506394310652
0.23763192358890883
0.23741041940601937
0.23719054179604593
0.2369722811940762
0.23675562806880313
0.23654057292265518
0.23632710629192166
0.23611521874686436
0.2359049008918408
0.235696143365407
0.23548893684043282
0.23528327202419907
0.23507913965850402
0.234876530519756
0.23467543541906755
0.23447584520234344
0.23427775075037183
0.23408114297890104
0.2338860128387189
0.23369235131573785
0.23350014943105413
0.23330939824103059
0.23312008883735125
0.2329322123470945
0.2327457599327848
0.23256072279245632
0.2323770921597047
0.23219485930373518
0.23201401552941403
0.2318345521773134
0.23165646062375223
0.23147973228083651
0.23130435859649712
0.23113033105452185
0.23095764117458595
0.23078628051228345
0.23061624065915176
0.2304475132426952
0.2302800899264047
0.230113962409776
0.229949122428326
0.22978556175360942
0.22962327219322198
0.22946224559081563
0.22930247382610336
0.22914394881485733
0.2289866625089193
0.2288306068961936
0.22867577400064454
0.22852215588229507
0.22836974463721693
0.22821853239751622
0.22806851133133443
0.22791967364282062
0.22777201157212545
0.22762551739538017
0.22748018342467635
0.22733600200804405
0.22719296552943036
0.22705106640867356
0.22691029710147514
0.22677065009936825
0.22663211792969207
0.22649469315555437
0.22635836837580137
0.22622313622497614
0.22608898937328636
0.22595592052656277
0.22582392242621518
0.22569298784919478
0.22556310960794468
0.22543428055035897
0.2253064935597311
0.2251797415547072
0.22505401748923504
0.2249293143525124
0.224805625168933
0.22468294299803293
0.2245612609344304
0.22444057210777857
0.2243208696826926
0.22420214685869988
0.224084396870173
0.223967612986272
0.22385178851087495
0.22373691678251573
0.22362299117431572
0.22351000509391816
0.22339795198341816
0.2232868253192941
0.22317661861233162
0.22306732540755914
0.22295893928416444
0.22285145385543037
0.22274486276865557
0.2226391597050713
0.22253433837977565
0.22243039254164598
0.22232731597326394
0.22222510249083216
0.22212374594409223
0.2220232402162493
0.2219235792238784
0.22182475691684767
0.22172676727823137
0.2216296043242213
0.22153326210404634
0.22143773469987538
0.22134301622673958
0.2212491008324361
0.22115598269743764
0.22106365603480727
0.22097211509010295
0.22088135414128607
0.22079136749862627
0.22070214950461453
0.22061369453386082
0.2205259969930049
0.22043905132062003
0.2203528519871094
0.22026739349462243
0.22018267037694672
0.22009867719941278
0.2200154085587963
0.2199328590832187
0.21985102343204932
0.21976989629579913
0.21968947239602665
0.21960974648523202
0.21953071334675622
0.2194523677946828
0.21937470467372533
0.21929771885913618
0.2192214052565934
0.21914575880209952
0.21907077446187928
0.21899644723227052
0.21892277213962252
0.21884974424018588
0.21877735862001213
0.21870561039484204
0.21863449470999763
0.21856400674028176
0.21849414168986236
0.2184248947921721
0.21835626130979335
0.21828823653435314
0.21822081578641317
0.2181539944153621
0.21808776779930483
0.21802213134495052
0.2179570804875075
0.21789261069056887
0.21782871744600552
0.21776539627384983
0.21770264272218887
0.2176404523670582
0.21757882081231605
0.2175177436895478
0.21745721665794393
0.21739723540419076
0.2173377956423609
0.21727889311379567
0.21722052358700017
0.21716268285752316
0.2171053667478503
0.21704857110728792
0.21699229181184876
0.21693652476414316
0.2168812658932665
0.21682651115467877
0.2167722565301008
0.21671849802739074
0.2166652316804415
0.21661245354905834
0.216560159718849
0.21650834630111238
0.2164570094327195
0.2164061452760041
0.2163557500186456
0.2163058198735609
0.21625635107878438
0.2162073398973573
0.21615878261721322
0.21611067555106667
0.216063015036295
0.21601579743482724
0.21596901913303146
0.2159226765416018
0.21587676609543693
0.21583128425353904
0.2157862274988901
0.21574159233834234
0.21569737530250677
0.21565357294563536
0.21561018184551184
0.21556719860333662
0.21552461984361282
0.21548244221403534
0.2154406623853764
0.2153992770513734
0.21535828292861836
0.2153176767564392
0.21527745529679443
0.21523761533415542
0.2151981536753974
0.2151590671496879
0.21512035260836926
0.2150820069248539
0.21504402699450742
0.21500640973454155
0.21496915208389833
0.21493225100314117
0.21489570347434483
0.21485950650098162
0.21482365710781348
0.2147881523407783
0.21475298926688602
0.21471816497409824
0.2146836765712291
0.21464952118782676
0.21461569597407026
0.2145821981006545
0.2145490247586853
0.21451617315956895
0.21448364053490454
0.2144514241363703
0.21441952123562613
0.21438792912419125
0.21435664511334906
0.21432566653403207
0.2142949907367152
0.21426461509131256
0.21423453698706585
0.21420475383244086
0.21417526305501966
0.21414606210139409
0.2141171484370593
0.21408851954631059
0.2140601729321373
0.2140321061161118
0.2140043166382951
0.2139768020571231
0.21394955994930653
0.21392258790972807
0.21389588355133027
0.21386944450502632
0.21384326841958023
0.21381735296151927
0.21379169581501822
0.21376629468180885
0.21374114728106386
0.2137162513493096
0.2136916046403151
0.21366720492499358
0.21364304999130368
0.21361913764414064
0.21359546570524823
0.21357203201311004
0.21354883442285155
0.21352587080614016
0.21350313905108909
0.2134806370621568
0.21345836276004349
0.21343631408160568
0.2134144889797419
0.2133928854233117
0.2133715013970242
0.21335033490134903
0.21332938395241874
0.21330864658193216
0.2132881208370575
0.21326780478033724
0.21324769648959496
0.2132277940578361
0.21320809559315768
0.21318859921865219
0.21316930307231408
0.21315020530694218
0.21313130409005687
0.21311259760379475
0.21309408404482522
0.2130757616242539
0.21305762856753152
0.21303968311436527
0.21302192351862181
0.21300434804824098
0.21298695498514475
0.21296974262514723
0.21295270927786236
0.21293585326661824
0.21291917292836715
0.21290266661359214
0.21288633268622625
0.21287016952355986
0.21285417551615338
0.21283834906775112
0.21282268859519637
0.21280719252833846
0.21279185930995315
0.21277668739565436
0.21276167525380607
0.21274682136544365
0.21273212422418242
0.21271758233613935
0.21270319421984152
0.21268895840614999
0.21267487343817315
0.2126609378711818
0.21264715027253223
0.21263350922157942
0.212620013309594
0.2126066611396885
0.21259345132672525
0.2125803824972453
0.21256745328938464
0.2125546623527912
0.21254200834854975
0.21252948994910115
0.21251710583816186
0.21250485471064806
0.2124927352725945
0.21248074624108237
0.21246888634415162
0.21245715432073675
0.21244554892058087
0.21243406890416205
0.21242271304261673
0.2124114801176692
0.212400368921548
0.21238937825691562
0.21237850693679772
0.21236775378450135
0.21235711763354548
0.21234659732759065
0.21233619172035834
0.2123258996755646
0.21231572006684674
0.21230565177768812
0.21229569370135082
0.21228584474080237
0.21227610380864714
0.21226646982705022
0.2122569417276745
0.21224751845160883
0.2122381989492933
0.21222898218045738
0.21221986711405094
0.2122108527281683
0.21220193800999254
0.2121931219557135
0.21218440357047597
0.21217578186830266
0.212167255872027
0.2121588246132351
0.21215048713219486
0.21214224247778868
0.21213408970745518
0.21212602788711798
0.2121180560911241
0.21211017340218052
0.21210237891129147
0.2120946717176908
0.21208705092878544
0.21207951566008765
0.2120720650351543
0.21206469818553086
0.2120574142506788
0.21205021237792332
0.21204309172238844
0.2120360514469425
0.21202909072212828
0.212022208726113
0.21201540464462
0.21200867767088083
0.21200202700556536
0.21199545185673097
0.21198895143976237
0.21198252497731207
0.21197617169924665
0.21196989084258566
0.2119636816514504
0.21195754337700246
0.2119514752773911
0.21194547661769614
0.2119395466698757
0.2119336847127048
0.21192789003172707
0.21192216191919888
0.21191649967403425
0.21191090260175127
0.2119053700144239
0.2118999012306163
0.21189449557534779
0.21188915238002604
0.21188387098240236
0.2118786507265199
0.21187349096265784
0.21186839104728694
0.21186335034301418
0.21185836821853254
0.21185344404857476
0.21184857721386086
0.21184376710104758
0.21183901310268405
0.21183431461715607
0.2118296710486467
0.21182508180707915
0.211820546308075
0.2118160639729073
0.21181163422844562
0.21180725650712107
0.21180293024686725
0.21179865489108451
0.21179442988858932
0.21179025469356716
0.2117861287655317
0.2117820515692751
0.2117780225748298
0.21177404125741284
0.2117701070973944
0.21176621958024844
0.21176237819650678
0.21175858244172163
0.21175483181641253
0.21175112582604172
0.211747463980951
