0.9747101113459384
0.9623525230533838
0.9469325963990911
0.9286654553135488
0.9059785463042547
0.8767075128220402
0.841185489321238
0.7950938504755025
0.7402497257263341
0.6779660611495841
0.6072617188952933
0.5367763439797155
0.46570639739523956
0.39277332715222646
0.32130148703571804
0.2559981239610314
0.19504800521246035
0.14356685700433947
0.10068186388336031
0.07166196670322145
0.05441026559705109
0.04385538088564178
0.043062788190033396
0.04904764521322036
0.054834472035068305
0.05553859306005493
0.05139736152915808
0.04768595958399102
0.040470777881512765
0.03635598695686415
0.034664015431454365
0.035463842808191925
0.040304224729873384
0.048127840952255974
0.05090219581453603
0.05525792842541988
0.06233253478837275
0.07188434305939806
0.07257230418685456
0.06841398344795668
0.06241280090070356
0.05796044992300442
0.0498722376083236
0.050489528743280054
0.05300119977818507
0.05613642075018832
0.05409716228410566
0.048487700311386384
0.04515204929665895
0.048104268587896626
0.0511560865867543
0.049708348975509575
0.05246544718962065
0.058502140929743374
0.06418864977919314
0.0698815615652355
0.07206338104674814
0.06539662174083238
0.057872752905811065
0.057708195362707104
0.06531627450000577
0.06819999187161896
0.06769661770230606
0.06452584283651908
0.05948594047811029
0.052089445826642655
0.046217807806604116
0.04592091763371764
0.04928502158509007
0.04656314442517173
0.045910324092342414
0.04670255247745492
0.04877647272622021
0.05333363483376474
0.060644483568156216
0.0664168207682353
0.07588283036636068
0.08737524893684512
0.09748791306706883
0.10759970046094225
0.1138650648162165
0.11222421170928865
0.11189841264242295
0.11396016252293117
0.1170329714225079
0.1092131542123762
0.10570018504089462
0.10965664369847306
0.09708477182027075
0.09069570610810673
0.08842251770969034
0.0879924242410196
0.08712395310788579
0.0869026226014209
0.08832466701962383
0.09087149005648054
0.08792110996017188
0.08112113406649069
0.0771009465450585
0.07824337065595044
0.08525246614723292
0.09137768506016619
0.09577504644707557
0.09511535395151127
0.09063581859973147
0.08902828191433731
0.0884771846674881
0.08622842226084715
0.07767554328795512
0.07882976074935255
0.08610380966997944
0.09050648720595711
0.08664223127969262
0.07977090380667085
0.06956840506838391
0.06797785212115415
0.074242133755002
0.08348536577267607
0.0927576858290442
0.09446905596427779
0.09325387565049248
0.09158832991845423
0.09201552005390756
0.09575116831736064
0.10195885860717069
0.10914313065317771
0.11604485029194067
0.12208652543500897
0.1273800367800464
0.12198272880681216
0.11572925183438854
0.11274105589945382
0.10952190218548585
0.10990375279859588
0.11513208071945158
0.1188929561493004
0.11852462432759758
0.12091287306556353
0.12577132901267174
0.130515236547177
0.13386537806319598
0.13708106395418596
0.13900619220654187
0.1392573630573153
0.1403021733193287
0.14051332812112627
0.13751089801212957
0.13127285264927457
0.12589468905158951
0.11781857537225349
0.11057890798957859
0.10780074570935527
0.09085929862249975
0.08268132926874805
0.07962220436123024
0.08171633302991743
0.08796085668404896
0.09422003472322427
0.09792448205546345
0.09024477441581957
0.07979977999347032
0.0718600522946431
0.06866399301745874
0.07291379978419588
0.08338909666170335
0.09104912737014692
0.09304918015920616
0.0942031597402545
0.10349812341133657
0.09862396630212089
0.09644430998071107
0.0966111056760387
0.09718548762267099
0.09684160735929148
0.09396216937136281
0.09219653151793261
0.08893641503850247
0.08713991164265333
0.08662318863703955
0.08913647356064403
0.09842255025177282
0.10861138438356743
0.1072234576053146
0.10561708216537957
0.10364015776119484
0.11064893989423219
0.11659028464956422
0.11544300675916686
0.11324386789447616
0.11440271828509618
0.1187190700764118
0.10313575973249323
0.09400980160704664
0.09536061006604368
0.10708630361258953
0.091628897740762
0.09855848773961495
0.1108136789011025
0.11320144405441301
0.10727476391616853
