0.7782604790388125
0.7632598274737986
0.7530387319593126
0.7424998795989519
0.731661269695941
0.7205385320782267
0.7091428628772292
0.6974832409698235
0.6855677644963121
0.6734043912950647
0.6610013694799983
0.6483675039926897
0.6355123307115
0.622446234264002
0.6091805284628864
0.5957275095791315
0.5821004880951894
0.5683138021100425
0.554382814213803
0.5403238929161585
0.5261543793396664
0.5118925397326068
0.4975575043349779
0.4831691931957349
0.4687482296583311
0.4543158423833563
0.439893756946126
0.4255040782210986
0.4111691649339603
0.3969114979175261
0.3827535437418449
0.36871761549579307
0.35482573257180505
0.34109948134322765
0.3275598786224765
0.31422723974635625
0.30112105305282266
0.28825986239270185
0.2756611591634215
0.2633412851641025
0.2513153473577009
0.23959714539276433
0.2281991124916889
0.21713227006145175
0.20640619613397337
0.19602900750352792
0.1860073552043794
0.1763464327686045
0.16704999652643826
0.15812039706252945
0.1495586208235694
0.14136434078622784
0.13353597503905779
0.12607075210628116
0.11896478184273185
0.11221313075463968
0.10580990064650864
0.09974830955643321
0.09402077401655073
0.08861899175819588
0.08353402406917965
0.07875637710010419
0.07427608150523657
0.07008276988888118
0.06616575160888694
0.0625140845637645
0.05911664365810354
0.05596218570264677
0.053039410560165146
0.05033701839692928
0.04784376294240389
0.04554850069741889
0.04344023606438929
0.04150816240248467
0.03974169903696634
0.03813052427548336
0.036664604505478704
0.035334219466442884
0.03412998380853016
0.03304286506556442
0.03206419818530104
0.031185696773461946
0.03039946122007231
0.02969798388717315
0.029074151545951943
0.02852124525849309
0.028032937904867605
0.027603289559863242
0.027226740925517023
0.02689810502555623
0.02661255736612489
0.026365624763649786
0.026153173035673993
0.025971393743954185
0.02581679017129057
0.025686162704633086
0.025576593787037694
0.0254854325904299
0.025410279549745063
0.02534897088742838
0.02529956324524063
0.025260318528325887
0.025229689054557802
0.02520630309037808
0.02518895084293382
0.02517657096728565
0.025168237636959412
0.02516314821616772
0.0251606115627383
0.025160036982167178
0.025160923845273686
0.025162851874729664
0.02516547209927822
0.02516849846862368
0.025171700116985662
0.025174894258817027
0.02517793969654869
0.025180730917014338
0.02518319275073433
0.025185275566196874
0.025186950969835475
0.025188207981343247
0.02518904965335178
0.025189490104327472
0.025189551933559984
0.02518926398764787
0.025188659448388773
0.02518777421301488
0.025186645538669228
0.025185310924281556
0.025183807204326336
0.025182169830356815
0.025180432317707946
0.02517862583626229
0.025176778925779075
0.025174917317740797
0.025173063847265698
0.025171238440133692
0.025169458161369618
0.02516773731329147
0.02516608757221339
0.025164518154313753
0.025163036002319394
0.02516164598580961
0.025160351108961088
0.02515915272052549
0.025158050721669767
0.025157043768165743
0.025156129464051102
0.0251553045445988
0.02515456504694269
0.025153906467244802
0.02515332390369618
0.0251528121850223
0.02515236598448667
0.02515197991963669
0.025151648638260915
0.025151366891188354
0.025151129592689614
0.025150931869362014
0.025150769098399528
0.025150636936242754
0.025150531338569704
0.025150448572631046
0.02515038522286328
0.025150338190732424
0.02515030468966606
0.025150282235925858
0.02515026863617864
0.025150261972474386
0.02515026058527603
0.025150263055132016
0.025150268183466107
0.025150274972976838
0.025150282608004115
0.02515029043518824
0.025150297944702804
0.025150304752284858
0.025150310582208735
0.0251503152513618
0.02515031865449624
0.025150320750712996
0.025150321551212218
0.025150321108299067
0.02515031950564417
0.025150316849730125
0.02515031326246131
0.025150308874850147
0.02515030382171879
0.025150298237331836
0.02515029225188259
0.025150285988742138
0.025150279562399014
0.02515027307698403
0.025150266625339923
0.02515026028851519
0.025150254135647088
0.02515024822415246
0.025150242600155415
0.02515023729912791
0.025150232346662027
0.025150227759346055
0.025150223545709505
0.025150219707190336
0.025150216239116285
0.025150213131654553
0.02515021037073817
0.025150207938931746
0.02515020581622851
0.025150203980798813
0.025150202409642275
0.02515020107916832
0.02515019996571366
0.02515019904595628
0.0251501982972947
0.025150197698115107
0.025150197228031135
0.02515019686804909
0.025150196600674413
0.025150196409987502
0.02515019628166737
0.025150196202982866
0.025150196162755045
0.02515019615129732
0.025150196160335203
0.02515019618291703
0.02515019621330017
0.025150196246848444
0.025150196279918213
0.025150196309742134
0.02515019633431892
0.02515019635230864
0.025150196362923816
0.02515019636584437
0.025150196361119037
0.02515019634909088
0.02515019633033244
0.025150196305565697
0.025150196275624315
0.025150196241399136
0.02515019620379777
0.025150196163717164
0.02515019612201519
0.025150196079492537
0.025150196036875072
0.02515019599481072
0.02515019595385448
0.02515019591448031
0.025150195877066905
0.025150195841911582
0.025150195809227838
0.02515019577915789
0.025150195751777016
0.025150195727097313
0.025150195705085587
0.02515019568566046
0.025150195668708797
0.025150195654087937
0.025150195641635786
0.02515019563117382
0.025150195622517302
0.025150195615478932
0.025150195609869752
0.025150195605506354
0.025150195602214986
0.025150195599828784
0.02515019559819509
0.02515019559717535
0.025150195596640557
0.02515019559648024
0.025150195596594926
0.025150195596901348
0.025150195597326785
0.025150195597813507
0.02515019559831355
0.02515019559878906
0.0251501955992125
0.02515019559956555
0.02515019559983278
0.025150195600011305
0.025150195600094905
0.02515019560008902
0.025150195599997982
0.025150195599829672
0.02515019559959253
0.02515019559929854
0.025150195598955816
0.025150195598580005
0.025150195598177216
0.025150195597758107
0.025150195597333336
0.025150195596909786
0.025150195596494118
0.025150195596093883
0.02515019559571252
0.02515019559535636
0.02515019559502496
0.025150195594721314
0.025150195594445535
0.02515019559420051
0.02515019559398468
0.02515019559379672
0.025150195593635627
0.02515019559349918
0.025150195593385383
0.025150195593292346
0.025150195593219293
0.025150195593161118
0.025150195593118485
0.02515019559308751
0.025150195593066194
0.025150195593053648
0.025150195593048097
0.025150195593046765
0.025150195593049873
0.02515019559305587
0.025150195593062086
0.025150195593069746
0.02515019559307652
0.0251501955930844
0.025150195593090285
0.02515019559309639
0.025150195593099833
0.025150195593102498
0.02515019559310272
0.025150195593102498
0.02515019559310072
0.02515019559309828
0.025150195593094282
0.02515019559309073
0.02515019559308518
0.025150195593080293
0.025150195593073854
0.02515019559306797
0.02515019559306142
0.025150195593055646
0.025150195593050095
0.025150195593044544
0.025150195593039437
0.025150195593034552
0.025150195593030555
0.025150195593027003
0.025150195593023006
0.02515019559302012
0.025150195593017455
0.025150195593014568
0.025150195593012348
0.025150195593012015
0.02515019559301024
0.025150195593009683
0.025150195593008462
0.025150195593007574
0.02515019559300813
0.025150195593007463
0.025150195593007463
0.025150195593007907
0.02515019559300713
0.025150195593007907
0.02515019559300702
0.025150195593007907
0.02515019559300813
0.025150195593007685
0.025150195593007574
0.02515019559300813
0.025150195593007574
0.025150195593008018
0.025150195593008573
0.02515019559300813
0.025150195593007685
0.02515019559300813
0.02515019559300813
0.02515019559300813
0.025150195593007574
0.025150195593007685
0.02515019559300724
0.025150195593007574
0.025150195593006797
0.025150195593006353
0.02515019559300702
0.025150195593006686
0.025150195593006686
0.025150195593006686
0.025150195593006575
0.025150195593006797
0.025150195593006575
0.025150195593006575
0.025150195593006353
0.02515019559300613
0.025150195593006353
0.025150195593006353
0.025150195593006353
0.025150195593005464
0.02515019559300613
0.025150195593006797
0.02515019559300702
0.025150195593006797
0.025150195593006575
0.02515019559300613
0.025150195593006353
0.025150195593006686
0.025150195593006686
0.02515019559300624
0.025150195593006353
0.025150195593006686
0.025150195593006686
0.025150195593006797
0.025150195593006353
0.025150195593006686
0.025150195593006686
0.02515019559300591
0.025150195593006353
0.02515019559300591
0.02515019559300702
0.02515019559300702
0.025150195593006686
0.02515019559300613
0.02515019559300591
0.025150195593006353
0.02515019559300702
0.02515019559300624
0.025150195593006353
0.025150195593006353
0.025150195593006353
0.02515019559300624
0.02515019559300613
0.025150195593005797
0.02515019559300624
0.02515019559300624
0.025150195593005686
0.02515019559300591
0.025150195593006686
0.02515019559300613
0.025150195593006575
0.025150195593006353
0.02515019559300591
0.02515019559300613
0.025150195593005686
0.02515019559300591
0.02515019559300591
0.025150195593006686
0.025150195593006797
0.025150195593006797
0.025150195593006797
0.025150195593006353
0.025150195593006686
0.025150195593006353
0.02515019559300613
0.025150195593006575
0.025150195593006797
0.02515019559300591
0.025150195593006575
0.025150195593005797
0.025150195593006575
0.025150195593006686
0.025150195593006353
0.02515019559300613
0.02515019559300702
0.025150195593006353
0.02515019559300591
0.025150195593006575
0.025150195593005797
0.025150195593006575
0.02515019559300624
0.025150195593006686
0.025150195593006575
0.025150195593005797
0.025150195593005686
0.025150195593006353
0.025150195593005353
0.025150195593005464
0.025150195593005797
0.02515019559300591
0.025150195593006353
0.025150195593006797
0.025150195593006353
0.025150195593006575
0.02515019559300624
0.02515019559300591
0.025150195593006797
0.025150195593006353
0.025150195593006353
0.025150195593006575
0.025150195593006353
0.025150195593005797
0.02515019559300591
0.02515019559300613
0.025150195593005686
0.02515019559300624
0.025150195593005797
0.025150195593006686
0.02515019559300613
0.02515019559300613
0.025150195593005797
0.02515019559300613
0.025150195593006686
0.025150195593006686
0.02515019559300591
0.025150195593006686
0.025150195593005797
0.025150195593005686
0.02515019559300613
0.02515019559300613
0.02515019559300591
0.025150195593006353
0.025150195593006686
0.025150195593006686
0.025150195593005464
0.02515019559300613
0.025150195593006575
0.025150195593006353
0.02515019559300613
0.02515019559300613
0.02515019559300624
0.025150195593005464
0.025150195593005797
0.025150195593006353
0.02515019559300624
0.02515019559300702
0.025150195593005797
0.025150195593006575
0.02515019559300624
0.025150195593006353
0.02515019559300624
0.02515019559300624
0.025150195593006353
0.025150195593006575
0.025150195593006686
0.02515019559300702
0.02515019559300702
0.025150195593006686
0.025150195593006686
0.025150195593006353
0.025150195593006686
0.02515019559300624
0.025150195593006686
0.025150195593006353
0.025150195593005464
0.02515019559300624
0.025150195593006686
0.025150195593006686
0.02515019559300702
0.025150195593006353
0.02515019559300624
0.025150195593006353
0.025150195593006575
0.025150195593006797
0.02515019559300624
0.025150195593006353
0.02515019559300624
0.02515019559300624
0.02515019559300624
0.025150195593006686
0.025150195593005686
0.02515019559300613
0.025150195593006686
0.025150195593006686
0.025150195593005464
0.025150195593006797
0.02515019559300591
0.025150195593006353
0.02515019559300591
0.025150195593005686
0.025150195593006353
0.025150195593006575
0.02515019559300624
0.02515019559300613
0.02515019559300613
0.02515019559300624
0.025150195593006686
0.025150195593006575
0.025150195593005797
0.025150195593005686
0.025150195593006575
0.025150195593006575
0.025150195593006686
0.025150195593005686
0.02515019559300591
0.02515019559300591
0.02515019559300613
0.025150195593006797
0.025150195593006797
0.02515019559300613
0.025150195593006575
0.025150195593006575
0.025150195593005797
0.025150195593006575
0.025150195593006575
