0.8563634242479519
0.9574417028237984
0.9557552247491763
0.953925957955662
0.951945311266002
0.9498065539542729
0.9475010742549148
0.9450186866894583
0.9423479258190683
0.9394762199649038
0.9363899937459816
0.9330747352946124
0.9295150487818105
0.9256947042502972
0.9215966922288175
0.9172032882133585
0.9124961307909243
0.9074563164119315
0.9020645133099404
0.8963010966725992
0.8901463068004175
0.8835804315994319
0.876584014307994
0.8691380868364732
0.861224428489261
0.8528258491353824
0.8439264950975635
0.8345121751463593
0.824570703029011
0.8140922519521021
0.8030697154000873
0.7914990676428676
0.7793797163062096
0.766714838496538
0.7535116912388851
0.7397818864589236
0.72554162047278
0.7108118479947612
0.6956183910799323
0.6799919742220244
0.6639681780493387
0.6475873057056949
0.6308941580516862
0.6139377162307389
0.5967707328462628
0.5794492358966723
0.5620319525975324
0.5445796631494069
0.527154497239471
0.5098191884447638
0.4926363035928196
0.4756674654068952
0.45897258732295376
0.4426091391572763
0.42663146131603746
0.4110901435099834
0.39603148155598344
0.38149702294443666
0.3675232085935658
0.3541411147868381
0.3413762958925374
0.32924872527983906
0.31777282903368853
0.3069576047543703
0.2968068159847338
0.2873192516680708
0.2784890394853029
0.27030600189424225
0.2627560441084199
0.25582156400227785
0.24948187490117368
0.24371363330140872
0.2384912646745968
0.23378738156953016
0.22957318918400904
0.22581887441300152
0.22249397508247448
0.21956772666129176
0.21700938422848404
0.21478851788721587
0.21287528018777613
0.21124064447423263
0.20985661342142314
0.20869639739129253
0.2077345626139383
0.2069471495852081
0.20631176246098493
0.2058076306063107
0.2054156438118505
0.20511836300790798
0.204900008575977
0.2047464285710836
0.2046450493196147
0.2045848109451519
0.20455609040005507
0.20455061454744172
0.20456136575269224
0.204582482313325
0.20460915588960293
0.20463752790410028
0.20466458666533882
0.2046880667463613
0.20470635192090458
0.2047183827338378
0.20472356956383175
0.20472171182886978
0.20471292379241313
0.20469756725183508
0.20467619123272762
0.20464947867348593
0.20461819996442687
0.20458317310430818
0.20454523015388426
0.204505189600091
0.2044638341945082
0.20442189379461573
0.20438003271472904
0.20433884108378297
0.20429882970810886
0.20426042794736787
0.20422398412954934
0.20418976805507238
0.20415797516912615
0.2041287320143631
0.20410210261169237
0.20407809545416822
0.20405667083697931
0.20403774828437393
0.2040212138713856
0.20400692727377645
0.20399472841323252
0.20398444359611057
0.2039758910726187
0.20396888596910856
0.2039632445689028
0.20395878793686617
0.2039553448996566
0.20395275440751703
0.20395086731444445
0.2039495476221459
0.20394867323916166
0.20394813631052056
0.20394784317516923
0.20394771400875467
0.20394768220814274
0.20394769357173193
0.20394770532631779
0.20394768504721528
0.20394760951385305
0.20394746353809545
0.20394723879757193
0.2039469327011737
0.20394654730896056
0.20394608832391847
0.2039455641686162
0.20394498515565151
0.20394436275713368
0.20394370897516334
0.20394303581245354
0.20394235483992762
0.20394167685613818
0.20394101163191136
0.20394036773250768
0.20393975240882467
0.2039391715488027
0.2039386296800213
0.2039381300146429
0.2039376745281608
0.20393726406391843
0.2039368984559894
0.2039365766637341
0.2039362969121199
0.20393605683272387
0.20393585360111732
0.20393568406718277
0.2039355448756518
0.20393543257485558
0.2039353437123873
0.20393527491692087
0.20393522296594802
0.20393518483967998
0.20393515776165516
0.2039351392269534
0.2039351270190789
0.20393511921677698
0.20393511419209354
0.20393511060109093
0.20393510736856824
0.20393510366813217
0.2039350988988794
0.20393509265984633
0.2039350847232887
0.20393507500768637
0.203935063551281
0.20393505048678673
0.2039350360177865
0.20393502039720557
0.20393500390814034
0.2039349868471848
0.20393496951033485
