0.8552461166628205
0.6741846485430186
0.4755765415024148
0.33460375966543576
0.22684450014051644
0.16465610675871303
0.12563644149441852
0.10947764884475635
0.0933296886556254
0.08072368138863814
0.07494006264127873
0.06047826815383655
0.05215884133018493
0.04784975502325466
0.043926922838064604
0.03643576858683403
0.031839122478308717
0.03011667423141335
0.024927818267002536
0.02324149896227263
0.023356901236385594
0.02109734845180065
0.019112258830474727
0.01846367921987563
0.019111641999234263
0.020469191514037827
0.021752361363684483
0.02254949491819398
0.01940944016383896
0.0185988079007485
0.018776802687883672
0.019217158031816225
0.020028624270056153
0.0180972143275125
0.016970132528673586
0.01622125976502864
0.016506709318613352
0.01730946653693891
0.01608832029685435
0.015802132832252035
0.016516710840005104
0.017799197494356187
0.016809194070886824
0.017993820458274343
0.016866223735352757
0.017121577371139705
0.015633446738179804
0.015092149623540184
0.014731888910654202
0.014561227553531021
0.013079020675848305
0.012562032988890881
0.012380263979149198
0.012563274623610904
0.012909063617085208
0.0120169960469941
0.011824180304851807
0.011902719280218585
0.012415260103269076
0.013327556436023477
0.012531148619654908
0.012431221357901949
0.012888464872802437
0.013601437420148228
0.012693059607753689
0.013174538203789811
0.012646539425728413
0.01293652731366886
0.013594289398158214
0.014504336954836399
0.013383502967039574
0.013154478706444879
0.013114961602039541
0.013346012223723763
0.01385113929136768
0.014454963804382489
0.013188515030782963
0.012990298928954019
0.013084597281291514
0.013505679660473124
0.014136312980595526
0.012905664198201059
0.012547146991903865
0.012655617642583902
0.013084348665453417
0.01372732959450605
0.012617079422268869
0.012281374508607078
0.012234662595572841
0.01237829630822051
0.012685076060061395
0.013027125063859883
0.01197646932277817
0.012297863402791591
0.01253029817300472
0.012726205931932789
0.01288937557434848
0.012126553054075003
0.012231609855218801
0.012324252313789481
0.012431569591091061
0.012520984965492352
0.012568013578505628
0.012569454543981383
0.01252448811679093
0.012427901724912179
0.01228445672552665
0.012122437398544341
0.011981539248493139
0.011883106887057777
0.011821726247930087
0.011790388608781642
0.011436932185933495
0.01144571711379739
0.011519500952722616
0.011724689432913002
0.012041781668239847
0.011839599094592087
0.012231609727773532
0.012677252026307453
0.012512608988728217
0.012955499056732237
0.013540609842251632
0.01420817931794394
0.013836872509881198
0.013831226376374536
0.013933477836062497
0.014283474017649856
0.014744011251205879
0.015107630896422522
0.015384319589752905
0.015569152509145682
0.015516172111187252
0.015129283623410365
0.014498378276200815
0.01379429659606472
0.013118322775242455
0.012485936447562731
0.011894634010456196
0.011351358428260202
0.010851443991586456
0.010378593878361209
0.009932952073694839
0.009536377151481742
0.009206455326649966
0.00893918624878942
0.008721128913366362
0.008552104903481197
0.00845212421039987
0.00845337950701748
0.0085971753846165
0.008937346115009123
0.009534167249264033
0.010439226816828595
0.01168491387247164
0.013274057065809754
0.015160442342596133
0.017236624071045994
0.019345074952664063
0.019084498095141823
0.020295137165421376
0.021518296720142258
0.022429485207971667
0.02265429526855576
0.019770120789794832
0.019096776289752405
0.01791223236228533
0.01650683533041328
0.014961250815893319
0.013361320498416006
0.01190193846405162
0.010704360926979663
0.009758874886335466
0.009048234682317068
0.008581368392129243
0.00831576621742757
0.00814843412329281
0.007996883748420806
0.007835539537393037
0.0076540844822435465
0.007454146689103779
0.007302167763737516
0.0073219419366046794
0.007617451956825289
0.00823767144198377
0.009215290659607531
0.010602003604789056
0.012444380862303024
0.014699997649956522
0.017147658393867546
0.019438508452073674
0.02130163158746358
0.02265723990163848
0.02352924369496097
0.02394000128799638
0.023893589027481944
0.02339055838047628
0.022408805532811747
0.020885324114399664
0.018845981946899674
