1.0350048397589222
1.0195443554338088
1.0117188364431084
1.0038241761626252
0.9953560409869003
0.9861256721661815
0.9751256833612257
0.9635304880995578
0.951562227846218
0.9392779463486389
0.9262415691067425
0.9125526652498855
0.8988988206833848
0.8854742373368971
0.8723437459827239
0.8593690781913403
0.846288805079512
0.8331952671280903
0.8202569098268045
0.8063217815175597
0.7920885517323195
0.7775710290135239
0.7628078905074333
0.7478130951479647
0.732547704866331
0.7170063189934048
0.7012753924336195
0.6854286529311865
0.6695746216543346
0.6538528021135995
0.6383861756068653
0.6232959327267961
0.6086944651336139
0.5947067091192423
0.5806166413711722
0.5672896040724406
0.5556715747575109
0.5459396761793557
0.536979266953726
0.5274718335484382
0.5193600366356838
0.5126138138327341
0.5071384133778442
0.5019914584155476
0.49711007384940337
0.4931710427724442
0.49078269452222567
0.48884336750947194
0.4868272059675459
0.48564504128578284
0.4852800620640338
0.4850133650372468
0.48360818601041905
0.4829703760785168
0.48264294260631846
0.4829488924872082
0.4831107712741663
0.4819044712540814
0.4812566282198205
0.4810964262482813
0.4807301225644366
0.4803123588788311
0.48068239948066604
0.4819384392694153
0.4806131447077552
0.47924743090179045
0.47796825004688137
0.4774815412588713
0.4776579551003375
0.4774237836136543
0.47640374699223753
0.47630610125935896
0.4770409881025116
0.47673536467771566
0.47732647360480557
0.4784552925834278
0.4796981108859704
0.48120105229989485
0.47837958361796784
0.4769854955314911
0.4784933357103267
0.47620415845468256
0.47612950717819175
0.47670071629230176
0.47760801274449904
0.4803916535319434
0.47724854751720114
0.4751462093407732
0.4750382693361718
0.4762499380605617
0.47262478488736837
0.47222127697911725
0.47426644251313704
0.4780959249607684
0.47505301277001627
0.4730360863577142
0.47275539468666883
0.4732306981952548
0.47488173550259194
0.47873376008925067
0.47350852309558705
0.4711573592183593
0.4718989836415948
0.47424511983228385
0.4773618606533462
0.480517882721007
0.4830713445415689
0.48539973416875926
0.4889340937594875
0.4831561066935733
0.4793384619489575
0.4782215989269683
0.4785290796828584
0.4804384022383448
0.48600466245262836
0.4809162251232714
0.479088866588924
0.4787573089062431
0.48011176546730544
0.4827803550838787
0.48668312899444993
0.4917878773678479
0.4967066979021784
0.4992880744676817
0.49024631262401536
0.48329960726608656
0.48041287721725
0.4788842243831652
0.4797844293554388
0.4834287523763073
0.4898387239524791
0.49657092362067573
0.48349878009834335
0.47743602589239903
0.4738194990167242
0.4726236927425322
0.47290958908477154
0.4751262188042646
0.4771520138169101
0.47873275512996316
0.4776461574193841
0.4771687286264108
0.47642578632909927
0.4758833243977352
0.47526204734139244
0.475492836703773
0.4744294558770839
0.4735836461866559
0.47229536245137926
0.4722262431598555
0.4723970626979305
0.4737769051377989
0.4746269753748017
0.4751936299468618
0.4752374633658716
0.47606369271049237
0.4780503803608735
0.47755862978571095
0.4767427974839009
0.4769919060960016
0.4780626309238681
0.47785558977392817
0.47823179619367434
0.4792243617872188
0.47946035803834036
0.479176844752705
0.47956586506278437
0.48068851571954413
0.4817928463874392
0.482980892562998
0.4840603527156425
0.48660192930311547
0.49074906374093535
0.49666300249841705
0.5089240750386006
0.5027642876513817
0.5004724986031407
0.4988242850067842
0.4988487943411216
0.4990690790888231
0.4989218873706927
0.4995799279119299
0.5011194306760959
0.5020534356611903
0.504889845151086
0.5168381279901657
0.5142661767627458
0.5123521709852885
0.51211219954938
0.5134591008589723
0.5072105585256369
0.5016609936297486
0.49715353033761467
0.49403584903015174
0.49278327353058415
0.49329531525354564
0.493680330857216
0.49544818433628507
0.4985973874301411
0.5013982963931136
