0.7938405573330698
0.9865689718212247
0.9862421060485774
0.985679417133173
0.9831142304919867
0.9815360334167412
0.9798612680843545
0.9780333757232204
0.9760262753749748
0.973819461484384
0.9713933211484025
0.9687277732089671
0.9658017713689179
0.9625930997262451
0.9590782908576106
0.9552326082607601
0.9510300719483635
0.9464435198679828
0.9414447035253766
0.936004418652676
0.9300926727995928
0.9236788920492978
0.9167321689671728
0.9092215535059376
0.9011163879677233
0.8923866862849603
0.8830035568386091
0.8729396667940483
0.8621697445158563
0.8506711150445522
0.8384242619131012
0.8254134067924654
0.8116270966403079
0.7970587862545648
0.7817074024855887
0.7655778749287607
0.7486816168031212
0.7310369390230966
0.712669380290105
0.6936119364604502
0.6739051735613784
0.6535972106807093
0.632743561568007
0.6114068271391349
0.5896562351093775
0.5675670275833786
0.5452197024448455
0.522699119611808
0.5000934884127604
0.4774932572272803
0.45498993084304173
0.43267484443943494
0.41063792547572076
0.3889664758498478
0.3677440063847772
0.34704915396129854
0.32695470851441255
0.3075267728054456
0.28882407262281673
0.2708974291689715
0.25378939922140964
0.23753408258587116
0.2221570907425393
0.20767566572240115
0.19409893436417758
0.18142828032299396
0.16965781456247875
0.15877492450254793
0.14876088237938834
0.13959149451214403
0.13123777484453536
0.12366662811894713
0.11684153014551557
0.11072319468586
0.10527021836274286
0.10043969666391084
0.09618780550560635
0.09247034397051834
0.0892432347725779
0.08646297977819051
0.08408706858369708
0.08207433876127912
0.08038528697759306
0.0789823307851929
0.0778300214956511
0.07689520916202663
0.07614716131381094
0.0755576376805509
0.07510092368926335
0.07475382600410863
0.07449563377707191
0.07430804958206372
0.07417509420476087
0.07408298955484494
0.07402002395978258
0.0739764039977816
0.0739440968434798
0.07391666684674247
0.07388910975706453
0.0738576876583722
0.07381976730541184
0.07377366416641384
0.07371849408861564
0.07365403412333427
0.07358059368350134
0.07349889686504574
0.07340997644907121
0.07331507981751939
0.07321558676298123
0.07311293895448123
0.07300858063537363
0.0729039099764629
0.07280024038557587
0.07269877098267052
0.07260056538484616
0.07250653790613182
0.0724174462602295
0.072333889857641
0.07225631280946843
0.07218501078569872
0.0721201409234884
0.07206173403837879
0.07200970845586652
0.07196388485042604
0.07192400155142786
0.07188972984899156
0.07186068890562336
0.07183645995027865
0.07181659949904107
0.07180065140980074
0.07178815763652613
0.0717786676013118
0.07177174614901105
0.07176698008966931
0.0717639833683158
0.07176240092980002
0.07176191136874943
0.07176222847156943
0.07176310176913647
0.07176431622596358
0.07176569119461973
0.07176707876357025
0.07176836162298061
0.07176945056684081
0.07177028174162692
0.0717708137419878
0.07177102464327545
0.07177090904929762
0.07177047522202973
0.07176974234843403
0.07176873798824612
0.07176749573584651
0.07176605311939321
0.07176444975122054
0.07176272573545439
0.0717609203316042
0.07175907086693056
0.07175721188534867
0.071755374516694
0.07175358604719329
0.07175186966990565
0.07175024439266553
0.07174872508055075
0.07174732261005412
0.07174604411280716
0.07174489328789291
0.07174387076323985
0.07174297448837208
0.0717422001427771
0.07174154154615753
0.07174099105895604
0.07174053996365437
0.07174017881927985
0.0717398977835314
0.0717396868986363
0.07173953633865293
0.07173943661734139
0.07173937875694547
0.07173935441919344
0.071739356000733
0.07173937669577335
0.07173941052921418
0.07173945236384727
0.07173949788533596
0.07173954356878676
0.0717395866305548
0.07173962496885533
0.07173965709645369
0.07173968206844095
0.07173969940778002
0.07173970903094151
0.0717397111756023
0.071739706331992
0.07173969517916967
0.07173967852714025
0.07173965726542875
0.07173963231848468
0.07173960460797846
0.0717395750219304
0.07173954439037333
