0.9945386798055148
0.9944857084448744
0.9942925457970289
0.9940939189432921
0.9938921577355002
0.993684478723471
0.9934681054640577
0.9932438265807464
0.9930136601422139
0.9927745740150218
0.992527312403514
0.9922655337361866
0.9919927700428973
0.9917099941451876
0.9914084508159351
0.9910939413541888
0.9907683811538901
0.9904302982476307
0.9900802119720795
0.9897120087296446
0.9893313337405013
0.9889420143178198
0.9885431062402873
0.9881337234285302
0.9877105326858916
0.9872862744259614
0.9868408896850194
0.9863826482338418
0.9859160755386521
0.9854413929325505
0.9849603285249954
0.9844650601937618
0.9839556320672483
0.9834286299383631
0.9828924966650279
0.9823484143010492
0.981797546477891
0.9812391163985831
0.9806683112401667
0.9800891408880565
0.9794874923984674
0.9788749575027003
0.9782386917363389
0.9775924987721132
0.9769203964619898
0.9762248299263437
0.9755328653534879
0.9748429805862864
0.9741301746799463
0.973379927463797
0.9725971252423359
0.9718084686666958
0.9709623321450995
0.970083183778652
0.9691915994455075
0.968299910449595
0.9673950770839471
0.96647119047296
0.9655486306882888
0.9646316013828098
0.9637107443743689
0.9627769226672834
0.9618535340308119
0.9609676822107682
0.9601063359776194
0.9592185972472538
0.9583598848311492
0.9574865963715578
0.9566191748540205
0.9557799656449827
0.9549590580797982
0.954161915746052
0.9533613454779715
0.9525760201653859
0.9518057406633149
0.9510149088607975
0.9502228987087035
0.9494504348737797
0.9487032497906842
0.9479339759003372
0.9471412420331902
0.9463485248364959
0.9455536207056839
0.9447812347165838
0.9440320125724364
0.9433086458595359
0.9426292725810622
0.941969502812068
0.9413597397459346
0.940821785346206
0.9403125608198369
0.9397806705260843
0.9392108911278095
0.9385646724603207
0.9380143794477769
0.9375214348884281
0.9370288457208543
0.9365366731700993
0.9360468053876654
0.9356037999603911
0.9351504636653181
0.9347025180106344
0.9343172525329821
0.9339489072153279
0.9336116488445938
0.9333454281494847
0.9330944751026129
0.9328743496391235
0.9325866552842145
0.9323129845203785
0.9320458174502371
0.9317158147878921
0.9314834941216794
0.9312080223927683
0.9309279444384179
0.9307145652541005
0.9306605281281474
0.9304509727123117
0.9303037727369787
0.9302081451732809
0.9300570992050547
0.9299426104420969
0.9298466148537091
0.9297627001806418
0.9296394055517538
0.9295470359341198
0.9294554301553389
0.9293909296951062
0.9293311486838842
0.9291468324230792
0.9289879761661536
0.9287797895978406
0.9286698356883606
0.9286230000011402
0.9285903277274121
0.9286201394644263
0.9285865287017909
0.9285158494702956
0.9285113771613618
0.9285297557220855
0.9285696048194112
0.9286459956377542
0.928614954158337
0.9285927552118942
0.9285966856074027
0.9285461357290605
0.9285427726833567
0.9284009841669526
0.9282915165427215
0.9282290731983616
0.9281909542788014
0.9281777394149471
0.9281419523773032
0.9280978867145979
0.92808665824186
0.9281022263594684
0.9281564672858723
0.9282475435789569
0.9283181209513822
0.9282407927386938
0.9281570164687993
0.9281300627983615
0.92812072441832
0.928090918543887
0.9280290876510765
0.9279920556763035
0.9279632475121468
0.9279784045898505
0.9280217186824706
0.9280724723746154
0.9280950183762313
0.9281553879346672
0.928215486519851
0.9282509240644641
0.9281910864722873
0.9281063537263569
0.9280427284640699
0.9279391642004311
0.9278130386100262
0.9277438752841931
0.9277184410017677
0.9277593888419045
0.9277561981700251
0.927756798870475
0.9277461327015254
0.9277347472443984
0.927752797218093
0.9277434312191901
0.9277389113784555
0.9277413790027695
0.9277716054588653
0.9277942602476563
0.9278615937561306
0.9279390835645
0.927961140829219
0.9280355375833038
0.9279612790856309
0.9278717854462887
0.927803535116356
0.9277488921222209
