0.7547858529246477
0.1691317079894866
0.16552790222356203
0.1622252537182553
0.159174398434167
0.15638513393511314
0.15386374087037386
0.1516109096044372
0.1496228005057694
0.14789194060429667
0.1464078378179808
0.1451574191686181
0.14412537582256355
0.1432944683488384
0.14264582767254616
0.1421592761327422
0.14181368452463655
0.14158737297560228
0.1414585555837334
0.14140582128157655
0.14140863669090623
0.14144785078183897
0.14150617580057437
0.14156861445501043
0.14162280082948953
0.14165922371608344
0.14167130769806366
0.14165533988321113
0.1416102470824604
0.14153724593043662
0.14143940265382401
0.14132114655242203
0.14118778061005074
0.14104502524594797
0.1408986198993948
0.14075399513098533
0.14061601779432661
0.14048880500527017
0.1403755993793342
0.14027869771096468
0.14019942681192651
0.1401381623401831
0.14009438801885457
0.14006679293769195
0.14005340343344047
0.14005174365904674
0.14005901604942086
0.14007229029976354
0.14008868793135335
0.14010554950084442
0.14012057312888496
0.14013191605192885
0.14013825484040712
0.1401388041337648
0.1401332975644591
0.14012193744373683
0.14010532144639348
0.1400843549145795
0.14006015671218794
0.14003396518910283
0.14000704920612417
0.1399806277133293
0.1399558003040223
0.13993349053552645
0.13991440350468456
0.1398989989756053
0.13988748104539916
0.13987980472483522
0.13987569884492457
0.13987470345383488
0.13987621853579713
0.13987955972532043
0.13988401596167568
0.13988890391125328
0.13989361453668117
0.13989764833056526
0.13990063725976096
0.139902353116279
0.1399027034707957
0.13990171755570818
0.1398995250433327
0.1398963308179277
0.13989238855201977
0.13988797533624123
0.13988336894549833
0.139878828698446
0.1398745803757183
0.13987080533589172
0.13986763378213737
0.13986514202857
0.1398633535287195
0.13986224331256267
0.13986174531876883
0.13986176192452107
0.1398621748091138
0.13986285618811914
0.13986367945898695
0.13986452841867328
0.13986530443301923
0.13986593121664057
0.13986635717010645
0.13986655546999735
0.13986652228353533
0.13986627357053197
0.13986584094983529
0.13986526706827204
0.1398646008453562
0.13986389290065063
0.13986319141597967
0.1398625386429136
0.13986196822886446
0.13986150349094373
0.13986115670625743
0.13986092940871347
0.13986081359265254
0.13986079363660223
0.1398608486927236
0.1398609552529629
0.1398610896086362
0.13986122996433462
0.13986135803965238
0.13986146007811526
0.13986152726558146
0.13986155562702965
0.1398615455134009
0.13986150080788107
0.13986142797783965
0.13986133508187518
0.13986123081867097
0.13986112368157563
0.13986102126312086
0.13986092973749698
0.13986085353509675
0.13986079520998196
0.13986075548766708
0.1398607334673951
0.13986072694161708
0.1398607327876897
0.13986074738443985
0.13986076700971603
0.13986078818356115
0.13986080793332156
0.13986082396951138
0.13986083477242406
0.13986083959792203
0.13986083841609384
0.13986083179893657
0.13986082077376852
0.1398608066585947
0.13986079089471715
0.1398607748906543
0.13986075988967986
0.13986074687071123
0.13986073648870176
0.13986072905628477
0.13986072456374607
0.1398607227301715
0.13986072307561312
0.13986072500280752
0.1398607278774895
0.13986073109838115
0.13986073415091035
0.1398607366419327
0.13986073831559723
0.13986073905260757
0.13986073885637476
0.1398607378300247
0.13986073614814712
0.1398607340267731
0.13986073169454827
0.1398607293674858
0.13986072722906803
0.13986072541680128
0.13986072401560282
0.13986072305768157
0.13986072252792212
0.1398607223733084
0.1398607225146868
0.13986072285918594
0.13986072331185306
0.13986072378544165
0.13986072420771248
0.13986072452599652
0.13986072470907882
0.1398607247466846
0.13986072464698582
0.13986072443264594
0.13986072413597186
0.1398607237937683
0.1398607234424687
0.13986072311404651
0.13986072283307352
0.1398607226151202
0.13986072246649317
0.1398607223851284
0.1398607223623257
0.1398607223849503
0.13986072243773257
0.13986072250536324
0.13986072257417376
