1.6682610806621436
1.6591558838238785
1.648759659847875
1.6369241761186042
1.6238788454016386
1.609566759996578
1.5941584918132448
1.5776047915743698
1.5601287483355797
1.5416823010023915
1.522251622458259
1.5020007619297322
1.4809687950407682
1.4591770341221315
1.4366484985371928
1.4132525796033768
1.389135303908786
1.3643415986547567
1.3388735235623297
1.3125713693182435
1.2858038889329833
1.2586568051811213
1.2311818246637505
1.2034544525882032
1.1756632975001264
1.1473814026207836
1.1188162860487454
1.0900649665408313
1.0613146324698324
1.0326353988910928
1.0033784313321483
0.9743565487089451
0.9455483990571619
0.9167088353796489
0.8877775169160309
0.8591532759293299
0.8307488469237722
0.8023238788131821
0.774009805249876
0.7461392635653361
0.7185839134665987
0.6916022637310082
0.6653376886005691
0.6397871341831428
0.6149782557695246
0.5910500053563209
0.5679240390732804
0.5457001206718949
0.5240329089751378
0.5024873491817216
0.48203037443076213
0.46232419662023955
0.4436440281230489
0.4248991822392983
0.4069999460178071
0.3902461333661375
0.37403000248847756
0.3584124560480252
0.3430195621000549
0.3283542688931301
0.31461995517896146
0.3015616533245939
0.28903896579147753
0.27699249208523
0.26515048286983345
0.2549900026743577
0.2418846622801921
0.22847501574084692
0.21587015613582974
0.20357043890494275
0.1918185083865477
0.1809801531784427
0.16971584580988766
0.15976173972848565
0.1501884885670755
0.14093227068464872
0.1328594015560488
0.12602431651038937
0.1196553023311475
0.11423918565940244
0.10956881978234091
0.10405407302638597
0.09940176627170394
0.09508661276809809
0.09128217877848696
0.08861669781928555
0.08611847529990997
0.08278831389094099
0.08002390283883795
0.07670673692023679
0.07454683349930515
0.07120390089273118
0.06981296627729283
0.0699928047737482
0.06936223721987803
0.06804273132710775
0.06715191240562864
0.0661496973809429
0.06553149929970942
0.06605690236928363
0.06769501762549818
0.0666428824885852
0.06461207169163713
0.06354816460374892
0.06230015275943856
0.06069905081228766
0.05964408520514501
0.0591129114396552
0.05935195680451639
0.0587011150393294
0.05854775696346992
0.0590061023201039
0.059567510948394
0.0609450361386783
0.06202939190539478
0.06234612684132814
0.0629367439406572
0.06365620222165018
0.06307958536860878
0.06289678921719181
0.06282800788374883
0.06269669667017823
0.06296383016746501
0.06218387002187936
0.06207499596690626
0.06201300811938904
0.06316600226067533
0.0638533077083547
0.06424194735300488
0.06490361013388829
0.06590893715930445
0.06520539703891097
0.06476984078394717
0.0639884282083715
0.06440582845705596
0.0649187105026447
0.0655314956369776
0.06588711277637505
0.06736351798383966
0.06821479909502903
0.06895497095981382
0.06966816017788804
0.06977618726240384
0.07068742241973626
0.07114170010761972
0.07094989434589906
0.07134911163271328
0.07188262361181862
0.07231659935769552
0.07261920764054822
0.07296674616286804
0.07259977540443951
0.07327211040213054
0.07335315567796025
0.07372491257973592
0.07469492983185691
0.07536918466376588
0.07516184722877102
0.07540960269424658
0.07611319418156835
0.07711673995926815
0.07758370386025278
0.078500578846213
0.07892325388087638
0.07993883425366713
0.0806764475619958
0.0827273472879991
0.08387450337557549
0.08329063660263922
0.082932385330586
0.08226223266560849
0.08229202907169028
0.08230749106464588
0.0817017062716551
0.08201172769971385
0.08294443748626595
0.08353187556529197
0.08524647393430188
0.08399542197690683
0.08289982929606886
0.08199568508074354
0.08308053039500754
0.08324933316719788
0.0844318478825483
0.08696077887537854
0.08652120156066286
0.08607446256676408
0.08579297454778413
0.08533428717519541
0.08597255874528452
0.08712925150802772
0.08893498650384471
0.09248297967678556
0.08960226946781465
0.08837397511800309
0.08642736909588974
0.08401328724996264
0.08162941571499419
0.08084187585372696
0.08161857071550947
