0.9999211752872271
0.9999131314940363
0.999903799217533
0.9998927884766925
0.999879928727614
0.9998649752806528
0.9998476872418895
0.9998278065106643
0.999805052072337
0.9997791252357131
0.9997496538321654
0.9997162565370311
0.9996785244286178
0.9996360981353132
0.9995884530369873
0.9995350519852868
0.9994754440505407
0.999409144715782
0.9993354163705452
0.9992539819586107
0.9991637566104491
0.9990646535896247
0.9989551486343031
0.9988342603828865
0.9987014498761337
0.9985555925686939
0.9983951896755121
0.9982204366024093
0.9980307970404424
0.9978245760666027
0.9976014045475028
0.9973587002961738
0.9970974513718972
0.9968164113005551
0.996512421725616
0.9961877023907938
0.9958410055612517
0.9954690153143109
0.9950713791978308
0.9946460750832683
0.9941944917026111
0.9937140276200526
0.9932057290891108
0.9926728744556401
0.9921096284240275
0.9915138773888926
0.9908877228615675
0.9902365635494211
0.9895524408042283
0.9888420441403405
0.9881033012443922
0.9873358679274511
0.9865437102962884
0.9857201377704256
0.984873956343174
0.9839953343872735
0.9830981517729744
0.9821765373273409
0.981232590931345
0.9802768719382572
0.9793065717542686
0.9783150501515094
0.9773037766430664
0.9762916367115843
0.9788672211863131
0.977955201392288
0.9770413265551289
0.976114224985285
0.9751765925790686
0.9742325153056423
0.9732742847285634
0.9723070321461157
0.9713290245667371
0.9703584904452516
0.9693851257954945
0.9683998720506849
0.9674136683066851
0.9664293564557497
0.9654323090710198
0.964436922711521
0.9634511615817671
0.9624656260852489
0.9614989881126211
0.9605443262792466
0.9595940446723621
0.9586593864060224
0.9577297403185602
0.9568094518716549
0.9559028576374257
0.9550072177123875
0.9541203392702295
0.9532723108780415
0.9524347483417448
0.951613931010917
0.9507949290143421
0.9500088484121095
0.9492423214550275
0.9484967782654211
0.9477693598177744
0.9470641366418018
0.9463667823444245
0.9457108291767883
0.9450608502434834
0.9444220367570967
0.9438041526725213
0.943205394387269
0.9426204329969174
0.9420604884674106
0.9415295100221734
0.9410032693719637
0.9404958359063542
0.93999297944004
0.9395045424937039
0.9390523970350192
0.9386258713082787
0.9382036965621399
0.9378017938140191
0.9374115306795547
0.9370259225173854
0.9366372972679098
0.9362618757884473
0.9359335435302051
0.9355784297010701
0.9352443554199389
0.9349341345529829
0.934630538252005
0.9343435633000448
0.9340539275155022
0.933780638647512
0.9335281119657343
0.9332908220587247
0.933082562316937
0.9328667877225778
0.932647044453622
0.9324428307845881
0.932238799693808
0.9320177705900086
0.9318066309111772
0.9316101473326474
0.9314244712653708
0.9312550567394927
0.9310878492330943
0.9309265222360565
0.9307714265954319
0.9306240101184761
0.930475034899091
0.9303375708097649
0.9302153594211723
0.93010155856447
0.9299971767814872
0.9298806741059933
0.9297548213378304
0.9296334650479523
0.9295168313430633
0.9294086822523304
0.9293071255755065
0.9291953830330659
0.9290872351181054
0.9289998230907931
0.9289198407784134
0.9288377824399615
0.9287534489648286
0.9286646146870577
0.9285733686429021
0.9285167773736489
0.9284614283227436
0.9284142221417041
0.9283649664736185
0.9283123675026183
0.9282363096078138
0.9281687825153884
0.9280998343551901
0.9280331099925643
0.927958452360245
0.9278946282755588
0.9278485735395302
0.9278165757343974
0.9277731081785127
0.9277346441243671
0.9277019421039236
0.9276690618934593
0.9276574569911007
0.9276175495582857
0.9275789127465235
0.9275429437326282
0.9274968814375026
0.9274706694979212
0.9274427222103749
0.9274121315138045
0.9274077273562461
0.927415489409989
0.9274237011057209
0.9274284125150538
0.927444995314787
0.927439706072908
0.9274314399083587
0.9274101439112208
0.927397716085177
0.9274061541079248
0.9274092597646948
