0.8059706134790059
0.7337626768786951
0.7327600261950888
0.7317538794251942
0.730744781730345
0.7297329977440039
0.72871866252464
0.7277018475589279
0.7266825902149567
0.7256609081938572
0.7246368072513865
0.7236102856251535
0.7225813367254215
0.7215499508522438
0.7205161163373011
0.7194798203301851
0.7184410493560913
0.7173997897212898
0.7163560278139445
0.7153097503308545
0.7142609444503274
0.7132095979649019
0.7121556993834566
0.711099238009498
0.7100402040005713
0.7089785884124814
0.7079143832311301
0.7068475813941439
0.7057781768040325
0.7047061643342674
0.7036315398294415
0.7025543001004608
0.7014744429155919
0.7003919669880552
0.6993068719607689
0.6982191583887637
0.6971288277197265
0.6960358822730692
0.6949403252178743
0.6938421605500233
0.6927413930687716
0.6916380283530057
0.690532072737386
0.6894235332885402
0.6883124177814688
0.6871987346762759
0.6860824930953393
0.6849637028010023
0.6838423741738624
0.6827185181917053
0.6815921464091363
0.6804632709379339
0.679331904428149
0.6781980600499624
0.6770617514763096
0.6759229928662567
0.6747817988491418
0.6736381845094509
0.6724921653724194
0.671343757390344
0.6701929769295737
0.6690398407581637
0.6678843660341611
0.6667265702945022
0.6655664714444847
0.6644040877477959
0.6632394378170614
0.6620725406048955
0.6609034153954114
0.6597320817961827
0.6585585597306107
0.6573828694306874
0.6562050314301191
0.655025066557791
0.6538429959315484
0.6526588409522738
0.6514726232982371
0.6502843649196977
0.6490940880337452
0.6479018151193525
0.6467075689126285
0.6455113724022574
0.6443132488251033
0.6431132216619659
0.6419113146334816
0.64070755169615
0.6395019570384717
0.6382945550771995
0.637085370453675
0.6358744280302582
0.6346617528868272
0.6334473703173471
0.6322313058264999
0.6310135851263678
0.6297942341331613
0.6285732789639851
0.6273507459336474
0.6261266615514858
0.6249010525182306
0.6236739457228786
0.6224453682395887
0.6212153473245865
0.6199839104130831
0.618751085116193
0.6175168992178626
0.6162813806717924
0.6150445575983647
0.613806458281561
0.6125671111658815
0.6113265448532468
0.6100847880999039
0.6088418698133111
0.6075978190490188
0.6063526650075337
0.6051064370311741
0.6038591646009075
0.6026108773331749
0.6013616049767021
0.600111377409295
0.5988602246346146
0.597608176778943
0.5963552640879266
0.5951015169233094
0.5938469657596441
0.5925916411809904
0.5913355738775941
0.5900787946425556
0.5888213343684752
0.5875632240440885
0.5863044947508846
0.5850451776597061
0.5837853040273424
0.5825249051930985
0.5812640125753599
0.5800026576681356
0.5787408720375948
0.5774786873185886
0.576216135211159
0.5749532474770396
0.5736900559361424
0.5724265924630383
0.5711628889834248
0.5698989774705883
0.5686348899418563
0.5673706584550433
0.56610631510489
0.5648418920194964
0.5635774213567499
0.5623129353007512
0.5610484660582318
0.5597840458549748
0.5585197069322263
0.5572554815431148
0.5559914019490608
0.5547275004161925
0.5534638092117599
0.5522003606005546
0.5509371868413251
0.5496743201832033
0.5484117928621288
0.5471496370972859
0.5458878850875348
0.5446265690078627
0.5433657210058331
0.542105373198047
0.5408455576666109
0.5395863064556203
0.5383276515676432
0.5370696249602265
0.5358122585424097
0.5345555841712495
0.5332996336483584
0.5320444387164642
0.5307900310559786
0.5295364422815816
0.5282837039388266
0.5270318475007618
0.5257809043645667
0.5245309058482139
0.523281883187144
0.5220338675309664
0.5207868899401782
0.519540981382907
0.5182961727316733
0.5170524947601813
0.5158099781401295
0.5145686534380485
0.5133285511121595
0.512089701509268
0.510852134861673
0.5096158812841167
0.508380970770745
0.5071474331921149
0.5059152982922164
0.5046845956855341
0.5034553548541347
0.5022276051447816
0.5010013757660912
0.4997766957857125
0.4985535941275412
0.4973320995689684
0.4961122407381625
0.49489404611138543
0.49367754401034003
0.49246276259955857
0.4912497298838192
0.4900384737056067
0.4888290217426019
0.48762140150521327
0.4864156403341423
0.48521176539798594
0.48400980369088253
0.48280978203018876
0.48161172705419886
0.48041566521990486
0.4792216228007897
0.478029625884666
0.47683970037155066
0.4756518719715851
0.47446616620298643
0.47328260839004843
0.47210122366117924
0.47092203694697965
0.469745072978364
0.46857035628472155
0.46739791119212104
0.46622776182155645
0.4650599320872296
0.4638944456948868
0.4627313261401831
0.4615705967071023
0.46041228046640803
0.45925640027414427
0.4581029787701768
0.45695203837677656
0.4558036012972455
0.4546576895145845
0.45351432479020737
0.4523735286626923
0.45123532244658093
0.4500997272312156
0.4489667638796222
0.44783645302743424
0.44670881508186
0.44558387022069157
0.444461638391357
0.4433421393100102
0.4422253924606716
0.4411114170944038
0.4400002322285288
0.4388918566458917
0.4377863088941617
0.43668360728517486
0.43558376989432246
0.43448681455997196
0.4333927588829377
0.4323016202259844
0.43121341571337746
0.430128162230468
0.4290458764233195
0.42796657469837907
0.4268902732221779
0.42581698792107636
0.42474673448105216
0.42367952834752054
0.4226153847251911
0.42155431857797043
0.4204963446288974
0.4194414773601113
0.41838973101286847
0.4173411195875829
0.41629565684391223
0.4152533563008728
0.4142142312369991
0.41317829469052425
0.41214555945961406
0.4111160381026141
0.4100897429383513
0.40906668604645413
0.40804687926771177
0.40703033420446977
0.4060170622210495
0.40500707444420614
0.40400038176361674
0.40299699483240037
0.40199692406766396
0.4010001796510846
0.40000677152952135
0.39901670941564926
0.39803000278863465
0.397046660894825
0.39606669274847794
0.39509010713251447
0.39411691259929593
0.3931471174714338
0.39218072984262087
0.39121775757849053
0.3902582083175029
0.3893020894718511
0.38834940822839703
0.387400171549631
0.38645438617464967
0.38551205862016225
0.3845731951815209
0.38363780193376285
0.3827058847326902
0.38177744921595635
0.38085250080418376
0.37993104470209393
0.37901308589966043
0.37809862917329207
0.37718767908700657
0.37628023999365834
0.3753763160361592
0.37447591114872514
0.3735790290581382
0.3726856732850302
0.37179584714517666
0.3709095537508079
0.3700267960119411
0.369147576637713
0.3682718981377463
0.3673997628235166
0.3665311728097327
0.36566613001574
0.3648046361669274
0.363946692796146
0.36309230124515257
0.36224146266604274
0.36139417802271556
0.36055044809233994
0.35971027346682605
0.35887365455431686
0.35804059158068147
0.3572110845910229
0.3563851334511864
0.35556273784928394
0.3547438972972242
0.35392861113224505
0.3531168785184602
0.35230869844840595
0.35150406974460047
0.35070299106110114
0.3499054608850741
0.3491114775383659
0.34832103917907853
0.34753414380315306
0.3467507892459498
0.3459709731838422
0.345194693135804
0.34442194646500623
0.3436527303804139
0.34288704193838093
0.34212487804426117
0.34136623545399736
0.34061111077573925
0.3398595004714384
0.33911140085845604
0.3383668081111738
0.3376257182625917
0.3368881272059404
0.33615403069628214
0.3354234243521157
0.3346963036569809
0.33397266396105996
0.3332525004827752
0.33253580831038876
0.3318225824035995
0.3311128175951329
0.3304065085923361
0.329703649978761
0.3290042362157527
0.3283082616440285
0.3276157204852538
0.3269266068436183
0.326240914707404
0.3255586379505516
0.3248797703342178
0.32420430550833246
0.3235322370131516
0.32286355828079694
0.3221982626368055
0.3215363433016517
0.32087779339228917
0.32022260592366214
0.31957077381023125
0.3189222898674773
0.3182771468134088
0.3176353372700612
0.31699685376498066
0.316361688732716
0.3157298345162899
0.31510128336866916
0.3144760274542282
0.3138540588502051
0.3132353695481419
0.31261995145533206
0.31200779639624454
0.311398896113955
0.31079324227155114
0.3101908264535499
0.30959164016728524
0.30899567484430646
0.30840292184175977
0.30781337244375206
0.30722701786272666
0.30664384924081123
0.3060638576511646
0.30548703409931666
0.3049133695244959
0.30434285480094536
0.3037754807392362
0.3032112380875688
0.3026501175330565
0.3020921097030156
0.30153720516623483
0.3009853944342359
0.3004366679625261
0.2998910161518443
0.29934842934939476
0.29880889785006826
0.29827241189765463
0.2977389616860525
0.2972085373604596
0.2966811290185548
0.2961567267116799
0.2956353204459963
0.29511690018364234
0.29460145584388187
0.29408897730423
0.2935794544015836
0.2930728769333357
0.29256923465847395
0.2920685172986843
0.29157071453942385
0.2910758160310031
0.2905838113896472
0.29009469019854495
0.289608442008903
0.28912505634096697
0.28864452268505525
0.2881668305025634
0.2876919692269766
0.28721992826485276
0.28675069699681455
0.2862842647785181
0.2858206209416131
0.2853597547947043
0.2849016556242855
0.28444631269567877
0.28399371525395456
0.2835438525248467
0.2830967137156545
0.2826522880161352
0.28221056459939187
0.28177153262274324
0.2813351812285877
0.28090149954526245
0.2804704766878833
0.28004210175918
0.27961636385032607
0.2791932520417487
0.2787727554039403
0.27835486299825307
0.2779395638776837
0.2775268470876583
0.2771167016667936
0.27670911664766074
0.2763040810575351
0.27590158391913333
0.27550161425134956
0.2751041610699757
0.27470921338841503
0.27431676021838747
0.2739267905706214
0.2735392934555452
0.2731542578839642
0.27277167286772264
0.27239152742037487
0.27201381055782603
0.2716385112989813
0.2712656186663783
0.2708951216868095
0.27052700939194574
0.2701612708189377
0.26979789501102147
0.269436871018106
0.2690781878973635
0.2687218347137942
0.26836780054080356
0.2680160744607588
0.26766664556553577
0.26731950295706897
0.2669746357478783
0.2666320330616073
0.26629168403353287
0.26595357781108364
0.26561770355434156
0.26528405043653913
0.264952607644548
0.2646233643793633
0.2642963098565735
0.2639714333068319
0.26364872397631334
0.26332817112716833
0.26300976403796816
0.2626934920041394
0.2623793443383998
0.26206731037118514
0.2617573794510548
0.26144954094511563
0.26114378423941476
0.2608400987393448
0.2605384738700298
0.26023889907670805
0.25994136382511135
0.2596458576018348
0.259352369914701
0.25906089029311863
0.25877140828843104
0.25848391347426525
0.2581983954468684
0.2579148438254423
0.25763324825246914
0.2573535983940344
0.25707588394013625
0.25680009460500364
0.25652622012739157
0.2562542502708808
0.2559841748241731
0.2557159836013727
0.25544966644226896
0.25518521321261256
0.25492261380438075
0.254661858136048
0.25440293615284204
0.2541458378269894
0.2538905531579779
0.2536370721727912
0.25338538492614593
0.2531354815007315
0.2528873520074252
0.2526409865855307
0.252396375402987
0.25215350865658026
0.2519123765721556
0.2516729694048214
0.25143527743914673
0.25119929098935534
0.25096500039951286
0.25073239604372033
0.25050146832628306
0.2502722076818985
0.25004460457581645
0.24981864950401833
0.2495943329933722
0.2493716456017926
0.24915057791840145
0.24893112056366906
0.24871326418957118
0.24849699947972226
0.24828231714952054
0.2480692079462793
0.24785766264935782
0.24764767207029192
0.24743922705291366
0.24723231847346838
0.247026937240737
0.2468230742961418
0.24662072061386098
0.24641986720092646
0.24622050509733173
0.24602262537612418
0.24582621914350244
0.24563127753891034
0.24543779173511837
0.24524575293831008
0.24505515238816866
0.24486598135794668
0.24467823115454568
0.244491893118584
0.24430695862447305
0.24412341908047253
0.24394126592876086
0.2437604906454901
0.24358108474084605
0.24340303975909505
0.24322634727864345
0.24305099891207893
0.24287698630622223
0.24270430114215902
0.24253293513528973
0.2423628800353631
0.24219412762650716
0.24202666972726627
0.24186049819062816
0.2416956049040483
0.24153198178947688
0.24136962080337898
0.24120851393675535
0.24104865321515767
0.24089003069870485
0.24073263848209103
0.2405764686946016
0.2404215135001153
0.24026776509711345
0.2401152157186779
0.2399638576325005
0.23981368314087403
0.23966468458069123
0.2395168543234426
0.23937018477520355
0.2392246683766296
0.23908029760294347
0.23893706496391998
0.23879496300387404
0.23865398430163953
0.23851412147055528
0.23837536715843877
0.23823771404756588
0.23810115485464733
0.23796568233080173
0.23783128926152575
0.23769796846666658
0.23756571280039063
0.23743451515114733
0.23730436844163616
0.2371752656287759
0.23704719970365495
0.23692016369150315
0.23679415065164278
0.23666915367745334
0.23654516589631724
0.23642218046958663
0.2363001905925265
0.23617918949427397
0.23605917043778069
0.2359401267197675
0.23582205167067238
0.2357049386545923
0.23558878106922954
0.23547357234583977
0.23535930594916932
0.23524597537739522
0.23513357416207192
0.235022095868063
0.23491153409348353
0.23480188246963296
0.23469313466093178
0.2345852843648557
0.23447832531187185
0.2343722512653631
0.23426705602156284
0.23416273340948968
0.23405927729087017
0.2339566815600661
0.23385494014400443
0.23375404700210334
0.23365399612619486
0.23355478154044895
0.23345639730129852
0.2333588374973603
0.23326209624935468
0.23316616771003107
0.23307104606407958
0.2329767255280556
0.23288320035029775
0.23279046481084054
0.23269851322133484
0.23260733992496085
0.23251693929634387
0.2324273057414702
0.2323384336975972
0.23225031763316384
0.23216295204771142
0.23207633147178475
0.23199045046684985
0.23190530362520112
0.2318208855698657
0.23173719095452194
0.2316542144634014
0.2315719508111952
0.23149039474296484
0.23140954103404365
0.23132938448994678
0.23124991994627442
0.23117114226861757
0.23109304635245997
0.23101562712308077
0.23093887953546466
0.23086279857419456
0.2307873792533618
0.23071261661646325
0.2306385057363025
0.23056504171489622
0.23049221968336508
0.23042003480184148
0.23034848225936655
0.23027755727378985
0.23020725509166517
0.23013757098815157
0.2300685002669144
0.23000003826001558
0.2299321803278156
0.22986492185887242
0.22979825826983413
0.2297321850053352
0.22966669753789626
0.2296017913678181
0.22953746202307623
0.22947370505921472
0.22941051605924712
0.22934789063354533
0.22928582441973833
0.22922431308260027
0.22916335231395157
0.22910293783255042
0.22904306538398211
0.22898373074056055
0.2289249297012148
0.22886665809138373
0.2288089117629113
0.2287516865939372
0.22869497848879006
0.22863878337787857
0.22858309721758652
0.22852791599016264
0.22847323570361322
0.22841905239159443
0.22836536211330394
0.2283121609533748
0.2282594450217602
0.2282072104536339
0.22815545340927745
0.2281041700739691
0.2280533566578803
0.22800300939596507
0.22795312454784644
0.22790369839771696
0.22785472725422284
0.2278062074503565
0.2277581353433492
0.22771050731455977
0.22766331976936993
0.22761656913706807
0.22757025187075275
0.2275243644472057
0.22747890336680143
0.22743386515338626
0.2273892463541748
0.2273450435396387
0.22730125330339945
0.22725787226211913
0.22721489705539122
0.2271723243456346
0.22713015081797805
0.2270883731801625
0.2270469881624244
0.2270059925173875
0.22696538301996005
0.226925156467222
0.2268853096783191
0.226845839494353
0.22680674277827506
0.22676801641478173
0.22672965731019545
0.22669166239237326
0.22665402861058614
0.22661675293541828
0.22657983235865853
0.2265432638931929
0.22650704457289794
0.22647117145253548
0.22643564160764262
0.2264004521344286
0.22636560014966856
0.22633108279059266
0.22629689721478619
0.22626304060008173
0.22622951014445236
0.22619630306590788
0.22616341660238726
0.22613084801165584
0.22609859457119852
0.22606665357811828
0.22603502234902917
0.22600369821995214
0.2259726785462105
0.22594196070232841
0.2259115420819252
0.2258814200976137
0.22585159218089224
0.2258220557820496
0.225792808370056
0.2257638474324608
0.22573517047529512
0.22570677502296432
0.2256786586181484
0.22565081882170024
0.2256232532125465
0.22559595938757848
0.22556893496156538
0.22554217756703665
0.22551568485419693
0.22548945449081526
0.22546348416213335
0.22543777157075462
0.2254123144365613
0.2253871104965981
0.22536215750498734
0.22533745323281862
0.22531299546806327
0.22528878201546476
0.225264810696446
0.2252410793490175
0.22521758582766394
0.22519432800326722
0.2251713037629971
0.22514851101021716
0.22512594766439153
0.22510361166098625
0.22508150095137758
0.2250596135027524
0.22503794729801463
0.22501650033569653
0.22499527062985403
0.22497425620998002
0.22495345512091125
0.22493286542273105
0.2249124851906772
0.22489231251505315
0.22487234550113133
0.2248525822690609
0.22483302095378133
0.22481365970492284
0.22479449668672302
0.22477553007793316
0.22475675807172524
0.2247381788756062
0.22471979071132298
0.22470159181477978
0.22468358043594294
0.2246657548387545
0.2246481133010434
0.22463065411443672
0.22461337558427763
0.22459627602952448
0.22457935378267868
0.22456260718968846
0.22454603460986444
0.22452963441579632
0.2245134049932629
0.22449734474114902
0.22448145207136116
0.2244657254087391
0.22445016319097555
0.2244347638685289
0.22441952590454095
0.2244044477747541
0.22438952796742762
0.2243747649832536
0.2243601573352758
0.2243457035488059
0.22433140216134684
0.2243172517225046
0.22430325079391344
0.2242893979491476
0.22427569177365025
0.22426213086464708
0.22424871383106837
0.22423543929346845
0.22422230588395176
0.22420931224608553
0.22419645703483082
0.2241837389164587
0.22417115656847508
0.22415870867953958
0.22414639394939873
0.22413421108879705
0.2241221588194079
0.224110235873758
0.22409844099514897
0.22408677293758406
0.22407523046569489
0.224063812354662
0.22405251739014675
0.22404134436821366
0.22403029209526182
0.2240193593879426
0.2240085450730973
0.2239978479876813
0.22398726697868987
0.22397680090308691
0.22396644862773984
0.22395620902933855
0.22394608099433533
0.22393606341886552
0.22392615520868675
0.2239163552791007
0.22390666255489
0.22389707597024966
0.2238875944687111
0.2238782170030852
0.22386894253538803
0.2238597700367727
0.22385069848746664
0.2238417268766999
0.22383285420264576
0.22382407947234684
0.2238154017016537
0.22380681991516338
0.22379833314614606
0.22378994043648515
0.223781640836616
0.22377343340545564
0.22376531721034476
0.2237572913269813
0.22374935483935732
0.22374150683970273
0.22373374642841048
0.22372607271399136
0.2237184848129955
0.22371098184996663
0.22370356295737082
0.2236962272755375
0.22368897395260712
0.22368180214445899
0.22367471101466574
0.22366769973442124
0.22366076748249009
0.22365391344514762
0.2236471368161178
0.2236404367965238
0.22363381259482107
0.2236272634267472
0.2236207885152638
0.22361438709049597
0.223608058389682
0.22360180165711274
0.22359561614408208
0.22358950110882436
0.22358345581646788
0.2235774795389721
0.22357157155507856
0.22356573115025757
0.22355995761665381
0.2235542502530311
0.22354860836472212
0.22354303126357433
0.22353751826790036
0.22353206870242126
0.2235266818982229
0.22352135719269606
0.223516093929491
0.22351089145846537
0.22350574913563304
0.22350066632311683
0.2234956423890977
0.22349067670776057
0.2234857686592543
0.2234809176296383
0.2234761230108293
0.223471384200565
0.22346670060234353
0.22346207162538645
0.2234574966845857
0.22345297520045504
0.22344850659909055
0.22344409031211987
0.22343972577665827
0.22343541243525633
0.2234311497358642
0.22342693713178152
0.22342277408161237
0.22341866004922328
0.22341459450369683
0.223410576919287
0.22340660677538027
0.22340268355644566
0.22339880675199864
0.22339497585655288
0.22339119036957988
0.22338744979546954
0.22338375364348195
0.22338010142771247
0.22337649266704485
0.2233729268851169
0.22336940361027235
0.22336592237552522
0.22336248271851777
0.22335908418148243
0.22335572631119816
0.22335240865895722
0.22334913078052032
