1.297650252046667
1.1271893529568593
1.118210634372834
1.1070611673723898
1.0948306835302941
1.081920375189061
1.0685289802838995
1.0547728837481853
1.0407283272946681
1.0264495245093512
1.0119775182006303
0.9973449234877371
0.9825786426910798
0.9677014997792455
0.9527332612031176
0.9376912860481177
0.9225909364371129
0.9074458212733294
0.8922679200637619
0.8770676323452329
0.861853820948935
0.846633952058618
0.8314144389069017
0.8162012071201218
0.8010003282986902
0.7858184681919891
0.7706630018957816
0.7555418557530932
0.740463239151688
0.7254353934933818
0.7104664083681845
0.6955641057454658
0.6807359772763795
0.6659891607625564
0.6513304469127588
0.6367663115935234
0.6223029707498391
0.6079464551662002
0.5937027005398937
0.5795776450703575
0.5655773220395719
0.5517079298409908
0.5379758633744359
0.5243877263383294
0.5109504955502638
0.4976723841653756
0.48456516394513727
0.4716470343141526
0.4589421718669434
0.4464759072639577
0.4342701303316343
0.42234163308106043
0.41070231527593165
0.3993598800943384
0.38831848846231215
0.37757928252729406
0.36714079878858935
0.3569992930888252
0.3471489831205748
0.3375822053848426
0.32828950133373563
0.31925973321882367
0.3104805352340399
0.3019395872683256
0.2936266643645455
0.2855349447005898
0.2776601113131445
0.26999826231297297
0.2625444484451678
0.2552922370733411
0.24823385818937313
0.24136055328153272
0.23466295475281085
0.22813142355699453
0.22175630831357215
0.21552813786516417
0.2094379207953305
0.20347806885307157
0.1976444898115877
0.1919387154676847
0.18636706237184864
0.18093682898356067
0.17565301948761522
0.17051714512080787
0.1655273431967492
0.1606789708936217
0.15596530929279198
0.15137826423994316
0.14690904940572452
0.14254892488400298
0.13829018757382702
0.13412761048693872
0.13005996080744692
0.12609025142940722
0.12222385498468909
0.11846571503676803
0.11481840935470435
0.11128149052208292
0.10785167108805332
0.10452341596677893
0.10128970952752298
0.0981429197236771
0.09507578864811456
0.09208259920380911
0.0891603371140931
0.08630921190754341
0.08353191189502757
0.08083187668891785
0.0782115807089582
0.07567150678282313
0.07320987460329814
0.07082292199875767
0.06850554015407377
0.06625213073449134
0.06405759296147351
0.061918315065234215
0.05983291436529776
0.057802357958157885
0.05582926229740558
0.05391662873724387
0.05206658198697737
0.050279555587284155
0.048554053186336765
0.04688690288145031
0.04527385611447707
0.04371038131845454
0.042192497988622214
0.04071746492005897
0.03928411200546194
0.03789267414187445
0.036544180444404356
0.03523965248873592
0.033979415961994636
0.03276272544757248
0.0315877550524451
0.030451901433132905
0.029352289447890628
0.028286341384483216
0.02725225464583482
0.026249241585395912
0.025277445929477813
0.024337565004719633
0.023430322835295857
0.02255598566916539
0.02171407017046265
0.020903306753458126
0.020121836313938227
0.019367560882450636
0.01863853822498769
0.017933304433730105
0.017251030370452513
0.016591470542279562
0.01595473490721432
0.01534097537106379
0.014750100357011056
0.014181607207016425
0.01363457152248845
0.013107778968430227
0.01259994444500467
0.012109942548174539
0.01163697435857026
0.011180619101879728
0.010740760026624096
0.01031741834506406
0.00991055925967057
0.009519938038506535
0.00914503314350045
0.008785079300886574
0.008439179900117744
0.008106455102794117
0.007786174497477598
0.007477831985354245
0.0071811427756833975
0.006895970446111791
0.00662221566801552
0.006359708623241766
0.006108141498160014
0.00586705970951864
0.0056359085602720555
0.005414113682485059
0.005201164268936116
0.004996669832340543
0.004800372796149813
0.004612116216115018
0.0044317819994928185
0.0042592242026484135
0.004094221429895661
0.0039364632138179576
0.0037855718157342446
0.003641148355656441
0.0035028247352077635
0.0033703024778155297
0.0032433659176826866
0.0031218674458964105
0.0030056927904207904
0.0028947207759062346
0.002788792586487873
0.0026877005894055594
0.0025911986693570024
0.0024990280392772884
