0.7792986514180585
0.763221668412858
0.753428780573247
0.7433419469045854
0.7329781747640625
0.7223519957733304
0.7114736414651956
0.7003511575659397
0.6889916713548498
0.6774020917343289
0.6655895153462483
0.6535614776284782
0.6413261170006057
0.6288922866697078
0.6162696321678696
0.6034686444473609
0.5905006939983843
0.5773780490840554
0.5641138798736334
0.5507222495272088
0.5372180928957657
0.5236171833146577
0.5099360879088912
0.49619211184945256
0.48240323207244573
0.46858802107798403
0.4547655615501095
0.44095535267222086
0.42717720914645374
0.41345115405316835
0.39979730680241266
0.38623576752768474
0.37278649934932406
0.35946920998683785
0.346303234223754
0.33330741872355807
0.3205000106599428
0.30789855155954493
0.29551977766149395
0.28337952797797905
0.2714926610965719
0.2598729816022636
0.24853317681953324
0.23748476438731692
0.22673805098758593
0.21630210235679803
0.2061847245235825
0.19639245604062372
0.18693057081766018
0.17780309101953906
0.1690128093707095
0.16056132010744717
0.15244905774215844
0.14467534275046212
0.13723843326062923
0.13013558181499285
0.12336309628197906
0.11691640402327808
0.11079011846048292
0.10497810723651047
0.09947356122658901
0.09426906371852917
0.0893566591503615
0.08472792086250547
0.08037401738999683
0.07628577688616589
0.07245374933148796
0.06886826623932507
0.06551949762336695
0.06239750603976735
0.059492297559963436
0.05679386956855614
0.05429225531438331
0.051977565172703355
0.04984002460263104
0.04787000880699377
0.04605807412218177
0.04439498618368265
0.04287174492919954
0.041479606515777534
0.04021010224047972
0.039055054566055514
0.03800659036367049
0.03705715149441058
0.03619950285969431
0.03542673805815222
0.034732282792785285
0.034109896177273225
0.03355367009425281
0.03305802676105596
0.032617714659853525
0.032227802989405085
0.03188367479468823
0.03158101892849696
0.03131582099596697
0.031084353428695533
0.03088316482998532
0.030709068726706756
0.03055913185657133
0.030430662112239326
0.030321196255876703
0.030228487509536328
0.030150493118305977
0.03008536197449818
0.030031422382548967
0.029987170035632893
0.02995125626655737
0.029922476627243122
0.02989975984311055
0.029882157181086222
0.029868832262725298
0.0298590513470689
0.029852174101631324
0.029847644873923218
0.029844984470623004
0.029843782446591915
0.029843689901566717
0.029844412778425755
0.029845705653559484
0.02984736600684368
0.029849228956240648
0.029851162439927137
0.02985306282708633
0.029854850937227173
0.029856468446801343
0.029857874661204153
0.029859043629857918
0.029859961581819028
0.029860624659502455
0.02986103692827624
0.029861208640180603
0.02986115473055151
0.02986089352706056
0.029860445651444745
0.029859833095187027
0.029859078451212828
0.029858204284829326
0.029857232628042518
0.0298561845825277
0.029855080017521574
0.029853937350006188
0.02985277339556036
0.029851603279266503
0.02985044039707352
0.02984929641889389
0.02984818132571121
0.029847103473712777
0.029846069679362208
0.029845085320054365
0.029844154445647475
0.029843279896915376
0.02984246342746133
0.029841705826250897
0.029841007038390432
0.029840366282218422
0.02983978216119698
0.02983925276942978
0.029838775789956085
0.029838348585238816
0.029837968279497584
0.02983763183274446
0.029837336106554813
0.029837077921731514
0.029836854108135635
0.02983666154707143
0.029836497206657486
0.02983635817065622
0.029836241661310825
0.029836145056712837
0.029836065903260045
0.029836001923738364
0.02983595102157155
0.029835911281746896
0.029835880968908435
0.029835858523078795
0.029835842553432967
0.029835831830523407
0.029835825277316652
0.02983582195935386
0.029835821074338242
0.029835821941383567
0.029835823990164045
0.029835826750125527
0.029835829839946038
0.02983583295735137
0.029835835869386096
0.02983583840325188
0.02983584043772758
0.02983584189523969
0.029835842734603713
0.029835842944428426
0.029835842537201507
0.029835841544018304
0.02983584000995787
0.029835837990052405
0.02983583554583047
0.029835832742393098
0.029835829645969647
0.029835826321938264
0.029835822833229053
0.029835819239108274
0.029835815594268844
0.029835811948200508
0.029835808344811254
0.029835804822233247
0.02983580141281994
0.029835798143264647
0.029835795034842683
0.029835792103729997
0.02983578936139175
0.029835786815009757
0.029835784467933557
0.029835782320155935
0.029835780368764664
0.029835778608411245
0.029835777031732458
0.02983577562976858
0.029835774392341974
0.029835773308396707
0.029835772366321844
0.029835771554217794
0.02983577086013689
0.029835770272290563
0.02983576977921787
0.029835769369924492
0.02983576903399221
0.02983576876166183
0.029835768543884478
0.029835768372367233
0.029835768239577676
0.0298357681387581
0.029835768063896206
0.029835768009712105
0.02983576797161902
0.029835767945680103
0.029835767928568457
0.029835767917511302
0.029835767910237898
0.029835767904934585
0.029835767900186827
0.02983576789492781
0.029835767888395814
0.02983576788008413
0.029835767869700214
0.029835767857127826
0.02983576784238995
0.0298357678256167
0.029835767807021463
0.029835767786871248
0.02983576776546837
0.02983576774313501
0.029835767720195583
0.029835767696964832
0.029835767673743074
0.029835767650803535
0.02983576762839013
0.0298357676067188
0.029835767585966955
0.029835767566281035
0.029835767547773173
0.02983576753052475
0.02983576751458672
0.029835767499981625
0.029835767486710907
0.029835767474756136
0.029835767464076124
0.029835767454617468
0.029835767446316108
0.029835767439097882
0.029835767432882854
0.029835767427586313
0.029835767423121662
0.02983576741940641
0.029835767416351522
0.029835767413878944
0.029835767411909964
0.029835767410371083
0.02983576740919658
0.02983576740832472
0.029835767407699887
0.029835767407270786
0.029835767406996894
0.029835767406837466
0.02983576740676208
0.029835767406744207
0.029835767406758973
0.029835767406790392
0.02983576740682381
0.029835767406848568
0.029835767406855784
0.029835767406843794
0.029835767406806712
0.029835767406744318
0.02983576740665861
0.02983576740654792
0.029835767406416913
0.029835767406268476
0.02983576740610483
0.029835767405931413
0.029835767405749114
0.029835767405562152
0.02983576740537408
0.029835767405187785
0.029835767405005487
0.029835767404829183
0.029835767404660984
0.029835767404503777
0.029835767404355895
0.02983576740421867
0.02983576740409477
0.029835767403982083
0.02983576740388194
0.029835767403793678
0.029835767403716407
0.029835767403649904
0.029835767403593505
0.02983576740354632
0.02983576740350624
0.02983576740347471
0.029835767403449953
0.02983576740343008
0.029835767403416646
0.029835767403406432
0.029835767403398883
0.029835767403394775
0.02983576740339311
0.029835767403393665
0.029835767403393998
0.02983576740339622
0.029835767403398772
0.02983576740340166
0.029835767403403324
0.029835767403406432
0.029835767403409097
0.029835767403411317
0.02983576740341176
0.029835767403413094
0.029835767403413094
0.02983576740341365
0.02983576740341276
0.029835767403412206
0.029835767403410762
0.029835767403409208
0.02983576740340832
0.029835767403405877
0.029835767403403657
0.029835767403401547
0.029835767403400215
0.029835767403398106
0.029835767403395663
0.029835767403394553
0.02983576740339211
0.029835767403390556
0.029835767403389668
0.029835767403388225
0.02983576740338678
0.029835767403385893
0.029835767403384672
0.02983576740338334
0.02983576740338323
0.029835767403383007
0.029835767403381674
0.029835767403381896
0.029835767403381563
0.029835767403381452
0.029835767403381452
0.029835767403380675
0.02983576740338112
0.029835767403381452
0.02983576740338101
0.029835767403380675
0.02983576740338112
0.02983576740338123
0.029835767403380564
0.02983576740338101
0.029835767403380786
0.029835767403380675
0.029835767403380675
0.029835767403380342
0.029835767403380564
0.029835767403380675
0.029835767403380675
0.029835767403380786
0.029835767403380564
0.02983576740338023
0.029835767403380786
0.02983576740338023
0.02983576740338112
0.02983576740338112
0.029835767403380786
0.029835767403379898
0.02983576740338023
0.029835767403380342
0.02983576740338012
0.029835767403380564
0.029835767403379454
0.02983576740338012
0.02983576740338012
0.02983576740338012
0.029835767403380675
0.02983576740338023
0.029835767403380564
0.029835767403380564
0.02983576740338023
0.02983576740338012
0.029835767403379787
0.029835767403379676
0.02983576740338023
0.02983576740337901
0.029835767403379898
0.029835767403379898
0.029835767403380342
0.029835767403380564
0.029835767403379787
0.02983576740338023
0.029835767403380342
0.029835767403380564
0.02983576740338012
0.029835767403379898
0.029835767403379787
0.029835767403380342
0.029835767403379676
0.029835767403380342
0.029835767403379343
0.02983576740338012
0.029835767403379898
0.02983576740338012
0.029835767403380564
0.02983576740338012
0.029835767403380564
0.029835767403379787
0.029835767403380342
0.02983576740338023
0.029835767403380564
0.02983576740338023
0.02983576740338012
0.02983576740338023
0.029835767403380342
0.029835767403379676
0.029835767403379898
0.029835767403379787
0.02983576740338023
0.02983576740338023
0.029835767403379898
0.02983576740338023
0.02983576740338023
0.02983576740338012
0.02983576740338023
0.02983576740338012
0.029835767403380564
0.02983576740338023
0.02983576740338012
0.029835767403380675
0.02983576740338023
0.02983576740338012
0.02983576740338012
0.029835767403380564
0.029835767403379898
0.029835767403380342
0.029835767403380564
0.02983576740338012
0.02983576740338023
0.02983576740338012
0.02983576740338023
0.029835767403379898
0.029835767403379676
0.029835767403379787
0.02983576740338012
0.02983576740338023
0.029835767403380342
0.029835767403379898
0.029835767403379787
0.029835767403380342
0.029835767403380342
0.02983576740338012
0.029835767403380342
0.02983576740338012
0.029835767403379787
0.029835767403380564
0.02983576740338012
0.02983576740338023
0.029835767403380675
0.02983576740338023
0.029835767403380564
0.029835767403380564
0.029835767403380342
0.029835767403380564
0.02983576740338023
0.029835767403380786
0.029835767403380564
0.029835767403380342
0.02983576740338012
0.02983576740338023
0.02983576740338023
0.02983576740338101
0.029835767403380342
0.02983576740338012
0.02983576740338012
0.029835767403380564
0.02983576740338023
0.029835767403379898
0.029835767403380675
0.029835767403380342
0.02983576740338023
0.029835767403379898
0.029835767403380564
0.02983576740338023
0.029835767403379898
0.02983576740338023
0.029835767403380342
0.029835767403380342
0.02983576740338023
0.029835767403380675
0.029835767403379787
0.029835767403379898
0.02983576740338023
0.029835767403380342
0.02983576740338012
0.02983576740338023
0.02983576740338012
0.029835767403380564
0.029835767403380564
0.029835767403380342
0.029835767403380564
0.029835767403380786
0.02983576740338012
0.029835767403380342
0.029835767403379898
0.029835767403380564
0.029835767403380342
0.02983576740338012
0.029835767403379343
0.029835767403379898
0.029835767403379676
0.029835767403380342
0.02983576740338023
0.029835767403379676
0.029835767403379898
0.029835767403380342
0.029835767403379898
0.029835767403380675
0.029835767403380564
0.029835767403380675
0.02983576740338023
0.029835767403380564
0.029835767403379787
0.02983576740338023
0.029835767403380675
0.02983576740338023
0.02983576740338012
0.02983576740338023
0.029835767403379898
0.029835767403379676
0.02983576740338023
0.029835767403379454
0.02983576740338023
0.029835767403380564
0.029835767403379454
0.029835767403380564
0.02983576740338101
0.029835767403380675
0.029835767403380564
0.029835767403380564
0.02983576740338023
0.02983576740338023
0.029835767403379676
0.02983576740338023
0.029835767403379898
0.029835767403379898
0.029835767403380342
0.029835767403379676
0.02983576740338023
0.02983576740338023
0.029835767403379787
0.02983576740338023
0.02983576740338012
0.029835767403379787
0.02983576740338012
0.029835767403379454
0.029835767403380342
0.029835767403380342
0.02983576740338012
0.029835767403380564
0.02983576740338012
0.029835767403379898
0.02983576740338023
0.029835767403380786
0.029835767403380564
0.029835767403379898
0.029835767403380564
0.029835767403379676
0.029835767403380675
0.029835767403380786
0.02983576740338012
0.029835767403380342
0.029835767403380675
0.02983576740338023
0.029835767403380342
0.02983576740338023
0.02983576740338023
0.02983576740338023
0.029835767403380342
