0.8041956712522796
0.742870285688459
0.7418287675966752
0.7407823157598943
0.7397318365367196
0.7386778506122942
0.7376206456523129
0.7365603871672174
0.7354971730137918
0.7344310611885473
0.7333620849659384
0.7322902616666108
0.7312155980129114
0.730138093551399
0.7290577429262999
0.7279745374406521
0.7268884661593376
0.725799516707704
0.7247076758618989
0.7236129299928351
0.7225152654047693
0.7214146685962828
0.7203111264629349
0.7192046264552512
0.7180951567019082
0.7169827061053977
0.7158672644156254
0.7147488222856203
0.7136273713126038
0.7125029040669832
0.711375414111338
0.7102448960110717
0.7091113453381255
0.7079747586689078
0.7068351335774219
0.7056924686244201
0.7045467633433007
0.703398018223357
0.7022462346909133
0.7010914150888019
0.6999335626545795
0.6987726814978266
0.6976087765768266
0.6964418536748807
0.6952719193764743
0.6940989810434871
0.6929230467915972
0.6917441254670205
0.6905622266236853
0.6893773605009406
0.6881895380018641
0.686998770672228
0.685805070680165
0.6846084507965655
0.6834089243762236
0.6822065053397465
0.6810012081562272
0.6797930478266786
0.6785820398682179
0.6773682002989914
0.6761515456238198
0.6749320928205409
0.6737098593270308
0.6724848630288763
0.671257122247672
0.670026655729915
0.6687934826364681
0.6675576225325666
0.6663190953783336
0.665077921519784
0.6638341216802801
0.6625877169524219
0.6613387287903356
0.6600871790023426
0.6588330897439765
0.657576483511334
0.656317383134724
0.6550558117726073
0.6537917929057913
0.652525350331874
0.6512565081599071
0.6499852908052641
0.6487117229847004
0.6474358297115834
0.6461576362912829
0.6448771683166987
0.6435944516639305
0.6423095124880502
0.6410223772189949
0.6397330725575452
0.6384416254713949
0.6371480631912929
0.6358524132072538
0.6345547032648295
0.6332549613614276
0.6319532157426782
0.6306494948988384
0.6293438275612253
0.628036242698681
0.6267267695140555
0.6254154374407046
0.6241022761390058
0.6227873154928802
0.6214705856063156
0.6201521167998976
0.6188319396073345
0.6175100847719832
0.6161865832433606
0.6148614661736562
0.6135347649142269
0.6122065110120809
0.6108767362063505
0.609545472424746
0.6082127517799922
0.606878606566253
0.6055430692555297
0.6042061724940442
0.6028679490986031
0.6015284320529373
0.6001876545040203
0.5988456497583723
0.5975024512783307
0.5961580926783088
0.5948126077210274
0.5934660303137245
0.5921183945043473
0.5907697344777161
0.5894200845516706
0.5880694791731931
0.5867179529145148
0.5853655404691924
0.5840122766481779
0.5826581963758526
0.5813033346860574
0.579947726718093
0.5785914077127079
0.577234413008068
0.5758767780357059
0.5745185383164604
0.5731597294563942
0.5718003871427011
0.5704405471395972
0.5690802452841985
0.5677195174823912
0.5663583997046797
0.5649969279820366
0.5636351384017337
0.5622730671031682
0.5609107502736785
0.5595482241443563
0.5581855249858463
0.5568226891041481
0.5554597528364074
0.5540967525467075
0.5527337246218549
0.551370705467167
0.5500077315022569
0.548644839156817
0.5472820648664101
0.5459194450682523
0.5445570161970101
0.5431948146805949
0.5418328769359628
0.5404712393649251
0.539109938349962
0.5377490102500437
0.5363884913964654
0.5350284180886842
0.5336688265901774
0.5323097531243046
0.5309512338701845
0.5295933049585875
0.5282360024678447
0.5268793624197641
0.5255234207755757
0.5241682134318848
0.5228137762166487
0.5214601448851695
0.5201073551161144
0.5187554425075436
0.5174044425729787
0.5160543907374788
0.5147053223337477
0.5133572725982671
0.5120102766674508
0.5106643695738298
0.5093195862422615
0.5079759614861712
0.5066335300038192
0.5052923263745974
0.5039523850553616
0.5026137403767919
0.5012764265397807
0.49994047761186333
0.4986059275236773
0.49727281006545276
0.49594115888354706
0.49461100747700604
0.4932823891941652
0.4919553372292943
0.49062988461926793
0.48930606424028533
0.4879839088046233
0.4866634508574328
0.4853447227735701
0.48402775675447873
0.4827125848251006
0.48139923883084146
0.4800877504345683
0.4787781511136592
0.47747047215708827
0.47616474466256264
0.4748609995336974
0.4735592674772403
0.47225957900033755
0.470961964407852
0.4696664537997176
0.46837307706835285
0.4670818638961103
0.4657928437527801
0.4645060458931366
0.46322149935453705
0.4619392329545692
0.46065927528873873
0.4593816547282171
0.4581063994176321
0.4568335372729052
0.45556309597914935
0.4542951029885981
0.45302958551860517
0.45176657054967784
0.45050608482357024
0.4492481548414211
0.44799280686194376
0.4467400668996703
0.4454899607232381
0.44424251385373137
0.4429977515630802
0.441755698872493
0.4405163805509602
0.43927982111378727
0.43804604482120124
0.43681507567698297
0.4355869374271718
0.43436165355880796
0.4331392472987272
0.43191974161240887
0.43070315920286983
0.42948952250961336
0.428278853707622
0.427071174706404
0.4258665071490896
0.424664872411571
0.42346629160169946
0.4222707855585246
0.42107837485158595
0.4198890797802496
0.4187029203730984
0.41751991638736274
0.4163400873084032
0.4151634523492439
0.4139900304501407
0.41281984027821383
0.41165290022710777
0.4104892284167122
0.40932884269292
0.4081717606274339
0.4070179995176145
0.4058675763863817
0.40472050798214554
0.4035768107787968
0.4024365009757286
0.4012995944979082
0.40016610699598487
0.3990360538464457
0.39790945015181556
0.396786310740883
0.3956666501689873
0.3945504827183278
0.39343782239832936
0.3923286829460295
0.3912230778265193
0.3901210202334163
0.3890225230893739
0.38792759904663066
0.38683626048759623
0.3857485195254723
0.38466438800490943
0.38358387750270284
0.3825069993285176
0.3814337645256469
0.3803641838718138
0.3792982678799989
0.3782360267992958
0.3771774706158112
0.37612260905358663
0.37507145157555233
0.3740240073845197
0.3729802854241908
0.3719402943802077
0.37090404268122723
0.3698715385000223
0.36884278975461016
0.3678178041094158
0.36679658897644984
0.3657791515165244
0.3647654986404827
0.36375563701046465
0.36274957304118927
0.36174731290126394
0.36074886251451754
0.3597542275613531
0.3587634134801264
0.3577764254685426
0.3567932684850811
0.35581394725042637
0.35483846624893656
0.3538668297301172
0.3528990417101251
0.3519351059732795
0.35097502607359843
0.35001880533635166
0.3490664468596286
0.3481179535159217
0.3471733279537297
0.3462325725991695
0.3452956896576058
0.34436268111530255
0.3434335487410707
0.3425082940879479
0.341586918494876
0.340669423088398
0.3397558087843683
0.33884607628966956
0.3379402261039376
0.337038258521307
0.33614017363215387
0.3352459713248589
0.33435565128757105
0.333469213009981
0.3325866557851067
0.33170797871108393
0.33083318069295853
0.3299622604444935
0.32909521648997886
0.32823204716604437
0.32737275062347815
0.3265173248290538
0.32566576756736065
0.32481807644263083
0.3239742488805821
0.3231342821302542
0.32229817326584886
0.3214659191885758
0.3206375166285024
0.319812962146394
0.31899225213556914
0.3181753828237458
0.31736235027488957
0.3165531503910707
0.3157477789143045
0.31494623142840883
0.314148503360844
0.313354589984567
0.31256448641987233
0.31177818763623477
0.31099568845415126
0.3102169835469807
0.3094420674427748
0.3086709345261148
0.30790357903993737
0.30713999508735934
0.3063801766334998
0.30562411750729546
0.3048718114033123
0.3041232518835528
0.303378432379256
0.3026373461926978
0.3018999864989774
0.30116634634780637
0.3004364186652806
0.2997101962556611
0.29898767180313246
0.2982688378735677
0.29755368691627604
0.2968422112657496
0.29613440314340156
0.29543025465929273
0.29472975781385713
0.29403290449961494
0.293339686502878
0.2926500955054453
0.29196412308629593
0.29128176072326817
0.2906029997947278
0.2899278315812345
0.28925624726719557
0.2885882379425019
0.2879237946041765
0.28726290815798483
0.28660556942006166
0.28595176911851006
0.2853014978949989
0.2846547463063477
0.28401150482610393
0.2833717638461034
0.28273551367803196
0.28210274455496054
0.28147344663288665
0.28084760999225367
0.28022522463946087
0.2796062805083702
0.27899076746179086
0.2783786752929617
0.27776999372701583
0.27716471242244445
0.27656282097253426
0.275964308906807
0.2753691656924432
0.27477738073568825
0.27418894338325994
0.27360384292373185
0.27302206858891376
0.27244360955521607
0.2718684549450012
0.2712965938279335
0.2707280152223017
0.2701627080963438
0.26960066136955085
0.2690418639139649
0.2684863045554646
0.2679339720750309
0.26738485521001254
0.26683894265537733
0.2662962230649407
0.26575668505259786
0.26522031719353567
0.2646871080254303
0.2641570460496391
0.2636301197323836
0.2631063175059064
0.26258562776963457
0.26206803889131425
0.26155353920814706
0.2610421170279077
0.26053376063005207
0.260028458266811
0.2595261981642777
0.25902696852347695
0.25853075752143007
0.25803755331220113
0.257547344027937
0.25706011777989246
0.25657586265944454
0.2560945667391007
0.25561621807348756
0.25514080470032896
0.2546683146414218
0.25419873590359365
0.25373205647964403
0.2532682643492872
0.2528073474800737
0.2523492938283064
0.251894091339941
0.25144172795148123
0.2509921915908552
0.25054547017829176
0.2501015516271772
0.24966042384490095
0.2492220747336975
0.24878649219147453
0.24835366411262882
0.24792357838884793
0.2474962229099158
0.2470715855644906
0.24664965424088237
0.24623041682782054
0.24581386121520465
0.24539997529485247
0.24498874696123485
0.2445801641121964
0.2441742146496768
0.2437708864804109
0.24337016751662632
0.24297204567672848
0.24257650888597437
0.2421835450771459
0.24179314219119696
0.24140528817790685
0.2410199709965214
0.24063717861637224
0.24025689901750635
0.23987912019129098
0.23950383014101495
0.23913101688248395
0.2387606684446023
0.23839277286994454
0.23802731821533174
0.2376642925523743
0.23730368396802948
0.23694548056514286
0.23658967046297186
0.23623624179771374
0.2358851827230234
0.23553648141051176
0.23519012605025325
0.23484610485126467
0.2345044060420015
0.234165017870818
0.23382792860644208
0.23349312653843313
0.2331605999776265
0.23283033725658342
0.23250232673002336
0.23217655677525373
0.23185301579258322
0.231531692205746
0.23121257446229793
0.230895651034019
0.23058091041730355
0.23026834113354644
0.22995793172951695
0.22964967077772924
0.2293435468768088
0.22903954865184473
0.2287376647547429
0.22843788386456365
0.22814019468786728
0.2278445859590349
0.22755104644059232
0.22725956492353339
0.22697013022762969
0.22668273120172389
0.2263973567240415
0.2261139957024776
0.22583263707488044
0.2255532698093332
0.22527588290443024
0.22500046538954
0.2247270063250717
0.22445549480273197
0.22418591994577175
0.22391827090923477
0.22365253688019726
0.22338870707800096
0.22312677075448384
0.2228667171941986
0.22260853571463912
0.22235221566644403
0.22209774643361124
0.22184511743369983
0.22159431811802277
0.2213453379718472
0.22109816651457326
0.22085279329992435
0.22060920791612137
0.2203673999860568
0.2201273591674644
0.21988907515308098
0.21965253767080328
0.21941773648385332
0.21918466139091208
0.21895330222628473
0.21872364886002293
0.2184956911980772
0.2182694191824207
0.21804482279118254
0.21782189203876945
0.21760061697598987
0.21738098769016434
0.21716299430524588
0.21694662698192335
0.21673187591772425
0.21651873134712185
0.21630718354162604
0.21609722280988042
0.21588883949775095
0.21568202398841052
0.21547676670242233
0.21527305809781705
0.21507088867017343
0.21487024895268225
0.21467112951622125
0.21447352096941508
0.21427741395869893
0.2140827991683819
0.21388966732069414
0.21369800917583948
0.21350781553205478
0.21331907722564136
0.21313178513101827
0.2129459301607569
0.21276150326561682
0.21257849543458374
0.212396897694901
0.21221670111208912
0.21203789678998086
0.21186047587073842
0.21168442953487465
0.2115097490012675
0.21133642552718002
0.21116445040826914
0.21099381497858927
0.21082451061061047
0.21065652871521212
0.2104898607416894
0.21032449817775323
0.21016043254952466
0.2099976554215287
0.20983615839669245
0.20967593311632593
0.20951697126011848
0.20935926454611786
0.2092028047307135
0.2090475836086223
0.20889359301286536
0.20874082481474165
0.2085892709238073
0.20843892328784452
0.20828977389283765
0.20814181476293125
0.2079950379604133
0.20784943558566404
0.2077049997771242
0.20756172271126483
0.20741959660253217
0.20727861370331746
0.20713876630390649
0.20700004673243066
0.20686244735483061
0.2067259605747943
0.20659057883371246
0.20645629461062687
0.2063231004221726
0.20619098882252607
0.2060599524033414
0.20592998379369964
0.2058010756600419
0.20567322070611238
0.205546411672891
0.20542064133853177
0.20529590251829333
0.20517218806447646
0.2050494908663515
0.2049278038500858
0.20480711997868262
0.20468743225189379
0.20456873370615825
0.20445101741452187
0.20433427648655822
0.20421850406829545
0.20410369334213596
0.20398983752677713
0.20387692987712736
0.20376496368422814
0.20365393227516604
0.2035438290129944
0.2034346472966443
0.20332638056083407
0.20321902227599054
0.20311256594815463
0.20300700511889513
0.20290233336521668
0.20279854429946453
0.20269563156924242
0.2025935888573125
0.2024924098815002
0.2023920883946021
0.20229261818429312
0.20219399307302366
0.20209620691792818
0.20199925361072202
0.20190312707760727
0.20180782127917019
0.20171333021028282
0.20161964789999753
0.20152676841145212
0.20143468584176372
0.20134339432192316
0.20125288801669505
0.20116316112451227
0.2010742078773714
0.20098602254072473
0.20089859941337462
0.2008119328273711
0.20072601714789784
0.20064084677316651
0.2005564161343113
0.20047271969527458
0.20038975195270192
0.20030750743582992
0.2002259807063721
0.2001451663584174
0.20006505901830796
0.19998565334453178
0.1999069440276141
0.19982892578999445
0.19975159338592363
0.1996749416013478
0.1995989652537863
0.1995236591922268
0.19944901829700734
0.1993750374796992
0.19930171168299315
0.19922903588058405
0.19915700507705225
0.19908561430775007
0.19901485863868285
0.19894473316639172
0.19887523301783805
0.19880635335028451
0.19873808935117898
0.19867043623802905
0.19860338925829557
0.19853694368926478
0.19847109483793413
0.19840583804088874
0.1983411686641844
0.19827708210323436
0.19821357378267856
0.1981506391562683
0.19808827370675264
0.19802647294574782
0.19796523241362474
0.1979045476793827
0.19784441434053635
0.19778482802298625
0.1977257843809065
0.19766727909661552
0.19760930788046194
0.19755186647070344
0.19749495063337863
0.19743855616219175
0.19738267887839445
0.19732731463065345
0.19727245929494164
0.19721810877440848
0.1971642589992616
0.19711090592664504
0.19705804554051687
0.19700567385153178
0.1969537868969118
0.19690238074033528
0.19685145147180327
0.19680099520752936
0.19675100808981105
0.19670148628691464
0.19665242599294352
0.19660382342773042
0.19655567483670466
0.1965079764907779
0.1964607246862201
0.1964139157445408
0.19636754601236361
0.19632161186130925
0.19627610968787623
0.1962310359133178
0.1961863869835173
0.19614215936887536
0.1960983495641866
0.19605495408851648
0.19601196948508637
0.19596939232114785
0.1959272191878676
0.19588544670020724
0.19584407149679883
0.1958030902398309
0.19576249961493108
0.1957222963310361
0.19568247712028697
0.1956430387378988
0.19560397796204976
0.19556529159375824
0.19552697645676576
0.19548902939741974
0.19545144728455632
0.19541422700938071
0.19537736548535178
0.19534085964806014
0.19530470645512088
0.1952689028860437
0.19523344594212821
0.19519833264634112
0.19516356004320123
0.195129125198663
0.19509502520000277
0.19506125715570433
0.19502781819533765
0.1949947054694503
0.1949619161494499
0.1949294474274902
0.1948972965163568
0.19486546064935284
0.19483393708018726
0.1948027230828585
0.19477181595154403
0.1947412130004822
0.19471091156386977
0.19468090899573876
0.19465120266985103
0.19462178997958623
0.1945926683378244
0.19456383517684317
0.19453528794819963
0.194507024122628
0.19447904118991843
0.19445133665881686
0.19442390805691068
0.19439675293052028
0.1943698688445873
0.19434325338257386
0.19431690414634184
0.1942908187560578
0.1942649948500762
0.1942394300848349
0.19421412213474964
0.1941890686921034
0.19416426746694304
0.1941397161869699
0.19411541259744103
0.19409135446105585
0.19406753955785427
0.19404396568511195
0.19402063065723574
0.19399753230565786
0.19397466847873723
0.19395203704164843
0.1939296358762873
0.19390746288115712
0.19388551597127757
0.1938637930780791
0.19384229214929471
0.19382101114886974
0.19379994805684853
0.19377910086928674
0.19375846759814097
0.1937380462711752
0.19371783493185646
0.19369783163925935
0.1936780344679655
0.19365844150796452
0.193639050864561
0.1936198606582692
0.19360086902472007
0.19358207411456452
0.19356347409337504
0.19354506714155395
0.1935268514542301
0.19350882524116908
0.19349098672667697
0.1934733341495063
0.19345586576276064
0.19343857983379864
0.1934214746441455
0.1934045484893967
0.19338779967912523
0.19337122653679117
0.19335482739964682
0.19333860061864572
0.19332254455835685
0.19330665759686216
0.19329093812568143
0.19327538454966753
0.19325999528692606
0.1932447687687241
0.19322970343939982
0.19321479775627415
0.19320005018956488
0.19318545922229413
0.1931710233502102
0.19315674108168956
0.19314261093765517
0.19312863145149695
0.19311480116897284
0.19310111864813395
0.19308758245923785
0.19307419118465552
0.1930609434188022
0.1930478377680399
0.1930348728506016
0.19302204729650418
0.19300935974747258
0.19299680885684545
0.19298439328950678
0.19297211172179674
0.19295996284143102
0.1929479453474222
0.19293605794999935
0.19292429937052846
0.19291266834143117
0.19290116360610343
0.1928897839188496
0.19287852804478367
0.19286739475976777
0.19285638285033324
0.19284549111359084
0.19283471835717225
0.19282406339913682
0.19281352506790805
0.19280310220219254
0.19279279365090263
0.19278259827308863
0.19277251493785863
0.19276254252430558
0.1927526799214373
0.19274292602809673
0.1927332797528979
0.19272374001414294
0.19271430573976167
0.19270497586722735
0.19269574934349742
0.19268662512493684
0.1926776021772434
0.1926686794753888
0.19265985600353763
0.1926511307549843
0.19264250273208383
0.1926339709461805
0.19262553441754238
0.19261719217529105
0.19260894325733713
0.1926007867103111
0.19259272158949636
0.1925847469587646
0.19257686189050993
0.19256906546558084
0.1925613567732164
0.19255373491098338
0.19254619898470882
0.19253874810841942
0.19253138140427406
0.19252409800250192
0.19251689704134012
0.19250977766697253
0.19250273903346526
0.19249578030270487
0.19248890064433744
0.19248209923570847
0.19247537526180158
0.19246872791517655
0.19246215639591224
0.19245565991154434
0.19244923767700683
0.19244288891457595
0.1924366128538043
0.19243040873147332
0.192424275791523
0.19241821328500874
0.19241222047002704
0.19240629661167719
0.1924004409819896
0.19239465285987833
0.19238893153108172
0.19238327628810892
0.1923776864301847
0.1923721612631929
0.1923667000996233
0.19236130225852044
0.19235596706542246
0.19235069385231685
0.19234548195758228
0.19234033072593315
0.19233523950837572
0.1923302076621506
0.19232523455067996
0.1923203195435187
0.192315462016306
0.19231066135070785
0.19230591693437438
0.1923012281608808
