0.9974981808274939
0.9972162785725643
0.9969433805062421
0.996642457978831
0.9963208986071599
0.9959704801538084
0.9955895079148059
0.9951807815876273
0.994737920599393
0.9942647113225555
0.9937427088188587
0.9931891248785393
0.9925885529515047
0.9919503675722059
0.9912594373737079
0.9905031406766469
0.989686347398591
0.9888166879852514
0.9878773759008064
0.9868689380042003
0.9857831461440759
0.9845941267167246
0.9833128235225901
0.9819018332915997
0.9803980402159072
0.9787484660932662
0.9770254304693596
0.9751676863267443
0.9732238431913354
0.9711356691714471
0.9689250272595207
0.9666179149002971
0.964157939762274
0.9615566460751693
0.9588621477636932
0.9559676649539394
0.9529550744141421
0.9497025452393669
0.9463134241342587
0.9428291594053432
0.9392012742419289
0.9353882869242927
0.9313731848512147
0.9271911942572711
0.9227566280177785
0.9181051180378846
0.9132344874480305
0.9082969487156518
0.9032211439666248
0.8980148201557925
0.8926754865517139
0.8872662473124667
0.8817297929146596
0.8760846756654006
0.8704865379072494
0.8646667795776096
0.8586655368497726
0.8526210656216726
0.8464827031690718
0.8402852783262532
0.834065348629659
0.8278599701090648
0.821774815360679
0.8156531179872037
0.8095223392559001
0.8030557959013285
0.7966081813075154
0.7902873784676612
0.7838631833429077
0.7775209671176418
0.7710620586414818
0.7646202333393214
0.7583612170446643
0.7520308459660182
0.7455860267553375
0.7394877888090575
0.7333858814067074
0.7272846944615876
0.7212702774808897
0.7153640392840084
0.7094215214906782
0.7036566633106343
0.6979403592546578
0.6925909929814029
0.6874151326383671
0.682030060027456
0.676976680965473
0.672060300814411
0.6673024483803974
0.6627317094874016
0.658287573125321
0.6538669021168804
0.6498336042827084
0.646031073954572
0.6422252660209351
0.6385071920000551
0.6347789892362135
0.6312154689191984
0.6275159166093487
0.6243711488639883
0.6214874416261353
0.6187050055072745
0.6159705383086981
0.6131557801920012
0.6103235034325671
0.607601882663712
0.6049483521262532
0.6024846027218506
0.6004055964089232
0.5985253774133914
0.5962547879404297
0.5941080892356656
0.5922178285520594
0.5904642015690942
0.58903913714974
0.5877541281768514
0.586840077082371
0.5856638913242387
0.5848292979623677
0.5836951962507173
0.5824216203415191
0.5808255778476437
0.5794096089357694
0.5784118921003362
0.5774655030797375
0.5764686254956688
0.5755995649223097
0.5747739411806186
0.5740752120571146
0.5735111103432078
0.5729368398039747
0.5722525126781579
0.5721563247250501
0.5722125637203745
0.5723070006137108
0.572659178784324
0.5723703282503496
0.5726153806597463
0.5720519043497154
0.5721273513906688
0.5723920976863235
0.5725334654646399
0.5725501217871106
0.5724173657351654
0.5722836817866868
0.5724103627208466
0.5722401258441283
0.5717043693951964
0.5712087358695153
0.5711440106287263
0.5711146859237384
0.5708985560108703
0.5707600166850904
0.5706071836393651
0.5706743596522552
0.5709806124755986
0.5713371618362226
0.571694490165882
0.5719953992364629
0.5718999239102653
0.5722027937396585
0.5722415762347539
0.5723832391057816
0.5723531765433779
0.5725987421687702
0.5729912663317485
0.5729987957464755
0.5729292973739213
0.5727180628554643
0.573024299196162
0.5732748373801002
0.5735742375461591
0.574027825707866
0.5742905948413098
0.5749358817342662
0.575068402667853
0.5753026384710378
0.5751099789830278
0.5748977588054915
0.5749817798822074
0.575408540774776
0.5753547740752185
0.5755123256043811
0.5757099553305403
0.576351159371363
0.5767809438574979
0.5768794755802127
0.5768248194129804
0.5772850798313367
0.5775492756451056
0.5776605181929262
0.5774966782151298
0.5775088344971315
0.5774436033556813
0.5773351918573244
0.5771622386926261
0.5769945350925266
0.576667195388745
0.5766554483582149
0.5770501033065294
