0.8065009330907307
0.7259870193347138
0.7250157440738133
0.7240420499978828
0.7230662425627219
0.7220883969100598
0.72110853129593
0.7201266439372087
0.7191427245160384
0.7181567587000767
0.7171687302222631
0.7161786219579764
0.7151864165379505
0.7141920967250421
0.7131956456610948
0.7121970470373091
0.7111962852166738
0.7101933453245786
0.7091882133171212
0.7081808760329966
0.7071713212327406
0.706159537627882
0.7051455149017707
0.7041292437233968
0.7031107157552003
0.7020899236556726
0.7010668610774153
0.7000415226612313
0.6990139040267526
0.6979840017600529
0.6969518133986645
0.6959173374143703
0.6948805731941203
0.6938415210193906
0.6928001820442854
0.6917565582726395
0.6907106525343814
0.689662468461367
0.6886120104629005
0.6875592837011091
0.686504294066342
0.6854470481527339
0.6843875532340553
0.6833258172399534
0.6822618487326878
0.6811956568844166
0.6801272514551167
0.679056642771172
0.6779838417046822
0.676908859653507
0.6758317085220786
0.6747524007029857
0.6736709490593353
0.6725873669078923
0.6715016680029868
0.6704138665211793
0.6693239770466672
0.668232014557413
0.6671379944119752
0.6660419323370101
0.664943844415435
0.663843747075203
0.6627416570786886
0.66163759151263
0.6605315677786245
0.659423603584125
0.6583137169339306
0.6572019261221318
0.6560882497244833
0.6549727065911899
0.6538553158400624
0.6527360968500331
0.6516150692550047
0.650492252938002
0.6493676680256175
0.6482413348827183
0.6471132741074015
0.6459835065261816
0.6448520531893829
0.6437189353667316
0.6425841745431229
0.6414477924145543
0.6403098108842062
0.6391702520586657
0.6380291382442684
0.636886491943558
0.6357423358518466
0.6345966928538735
0.6334495860205407
0.6323010386057302
0.6311510740431838
0.6299997159434483
0.6288469880908709
0.6276929144406413
0.6265375191158782
0.6253808264047485
0.6242228607576199
0.623063646784239
0.6219032092509336
0.6207415730778283
0.6195787633360825
0.6184148052451355
0.6172497241699597
0.6160835456183262
0.6149162952380636
0.613747998814334
0.6125786822668908
0.61140837164735
0.6102370931364467
0.6090648730412951
0.607891737792635
0.6067177139420765
0.6055428281593334
0.6043671072294461
0.6031905780499993
0.6020132676283236
0.600835203078689
0.5996564116194893
0.598476920570405
0.5972967573495673
0.5961159494706976
0.5949345245402455
0.5937525102545014
0.5925699343967095
0.59138682483416
0.5902032095152703
0.5890191164666574
0.5878345737901931
0.5866496096600515
0.5854642523197429
0.584278530079136
0.5830924713114713
0.5819061044503613
0.5807194579867838
0.579532560466061
0.578345440484834
0.5771581266880244
0.5759706477657915
0.5747830324504772
0.5735953095135475
0.5724075077625266
0.5712196560379219
0.5700317832101454
0.5688439181764331
0.5676560898577523
0.5664683271957132
0.5652806591494728
0.5640931146926353
0.5629057228101546
0.5617185124952311
0.5605315127462112
0.559344752563486
0.5581582609463867
0.5569720668900877
0.5557861993825077
0.554600687401211
0.5534155599103212
0.552230845857427
0.5510465741705008
0.5498627737548194
0.5486794734898921
0.5474967022263941
0.5463144887831077
0.5451328619438707
0.5439518504545342
0.5427714830199322
0.5415917883008534
0.5404127949110351
0.5392345314141553
0.5380570263208486
0.536880308085727
0.5357044051044171
0.5345293457106093
0.533355158173126
0.5321818706929957
0.5310095114005551
0.529838108352557
0.528667689529301
0.5274982828317798
0.5263299160788464
0.5251626170043917
0.5239964132545574
0.5228313323849487
0.5216674018578871
0.5205046490396681
0.5193431011978538
0.5181827854985774
0.5170237290038775
0.515865958669051
0.5147095013400351
0.5135543837508068
0.5124006325208144
0.5112482741524289
0.5100973350284241
0.508947841409483
0.5077998194317292
0.5066532951042888
0.5055082943068752
0.5043648427874086
0.503222966159657
0.5020826899009123
0.500944039349692
0.4998070397034726
0.49867171601645266
0.497538093197345
0.4964061960072057
0.4952760490572835
0.49414767680691285
0.4930211035614337
0.49189635347013705
0.4907734505242586
0.48965241855498964
0.4885332812315306
0.48741606205917465
0.48630078437742597
0.4851874713581533
0.4840761460037717
0.48296683114546834
0.48185954944145537
0.48075432337526114
0.4796511752540559
0.47855012720700885
0.4774512011836911
0.47635441895250175
0.47525980209913654
0.4741673720250924
0.47307714994620587
0.4719891568912291
0.4709034137004404
0.46981994102429236
0.46873875932209863
0.46765988886074794
0.4665833497134705
0.4655091617586241
0.46443734467852804
0.46336791795832766
0.46230090088489917
0.46123631254579
0.4601741718281951
0.45911449741796695
0.45805730779866993
0.4570026212506636
0.45595045585022265
0.4549008294687019
0.4538537597717257
0.45280926421842216
0.45176736006068785
0.4507280643424947
0.4496913938992232
0.4486573653570446
0.44762599513232404
0.4465972994310732
0.44557129424842523
0.4445479953681556
0.44352741836223053
0.4425095785903951
0.4414944911997922
0.4404821711246174
0.4394726330858091
0.4384658915907743
0.4374619609331416
0.4364608551925513
0.43546258823448303
0.43446717371011034
0.4334746250561913
0.4324849554949891
0.43149817803422963
0.4305143054670849
0.42953335037219376
0.42855532511371075
0.4275802418413859
0.42660811249068054
0.42563894878290487
0.4246727622253944
0.4237095641117111
0.4227493655218745
0.42179217732262775
0.42083801016772415
0.41988687449824524
0.41893878054295464
0.4179937383186685
0.4170517576306607
0.416112848073093
0.41517701902947435
0.41424427967314037
0.41331463896776965
0.4123881056679176
0.41146468831957506
0.4105443952607607
0.4096272346221289
0.408713214327607
0.4078023420950557
0.40689462543695176
0.40599007166109624
0.4050886878713428
0.40419048096835075
0.4032954576503617
0.40240362441398947
0.40151498755504555
0.40062955316937165
0.3997473271537004
0.39886831520653354
0.3979925228290452
0.39711995532599265
0.3962506178066595
0.39538451518580875
0.39452165218465785
0.39366203333187
0.3928056629645621
0.39195254522933387
0.39110268408330606
0.3902560832951849
0.38941274644633206
0.3885726769318585
0.38773587796172926
0.38690235256187944
0.38607210357535215
0.38524513366344937
0.38442144530688516
0.38360104080697033
0.3827839222867919
0.381970091692418
0.3811595507941048
0.38035230118752916
0.37954834429501316
0.37874768136677417
0.3779503134821822
0.37715624155102423
0.37636546631478196
0.37557798834791245
0.37479380805915063
0.3740129256928051
0.37323534133007386
0.37246105489036374
0.3716900661326139
0.3709223746566339
0.37015797990444554
0.3693968811616275
0.368639077558673
0.36788456807234626
0.3671333515270535
0.36638542659621043
0.3656407918036212
0.36489944552485265
0.3641613859886309
0.36342661127821874
0.36269511933281806
0.3619669079489586
0.3612419747819029
0.3605203173470458
0.3598019330213227
0.3590868190446107
0.3583749725211428
0.3576663904209162
0.3569610695811085
0.35625900670748245
0.35556019837580954
0.3548646410332794
0.3541723309999155
0.35348326446998946
0.35279743751344106
0.35211484607728594
0.35143548598703434
0.3507593529481029
0.35008644254722154
0.34941675025385277
0.34875027142159465
0.34808700128958747
0.3474269349839222
0.3467700675190396
0.34611639379913206
0.3454659086195394
0.3448186066681461
0.34417448252677074
0.34353353067255465
0.34289574547934554
0.34226112121907937
0.34162965206315643
0.34100133208381744
0.34037615525550646
0.339754115456238
0.33913520646896367
0.3385194219829112
0.3379067555949494
0.3372972008109293
0.33669075104701707
0.33608739963103795
0.3354871398037993
0.3348899647204143
0.33429586745162343
0.3337048409850998
0.33311687822676017
0.3325319720020584
0.33195011505728755
0.33137130006085413
0.3307955196045699
0.33022276620491675
0.32965303230431664
0.3290863102723911
0.32852259240721204
0.3279618709365518
0.32740413801911383
0.32684938574577205
0.3262976061407884
0.325748791163032
0.32520293270718614
0.32466002260495175
0.32412005262623633
0.32358301448034565
0.3230488998171547
0.32251770022828163
0.32198940724825176
0.3214640123556429
0.3209415069742394
0.3204218824741655
0.3199051301730159
0.3193912413369736
0.31888020718192867
0.31837201887457667
0.3178666675335169
0.3173641442303401
0.316864439990706
0.3163675457954146
0.31587345258146915
0.3153821512431252
0.3148936326329407
0.31440788756280647
0.31392490680497975
0.3134446810930953
0.3129672011231811
0.3124924575546575
0.31202044101133
0.31155114208237
0.31108455132329427
0.31062065925692783
0.31015945637436226
0.3097009331359061
0.3092450799720182
0.3087918872842468
0.3083413454461458
0.30789344480419034
0.3074481756786813
0.3070055283646411
0.3065654931326982
0.3061280602299683
0.305693219880926
0.3052609622882573
0.30483127763371776
0.30440415607897764
0.3039795877664493
0.3035575628201199
0.3031380713463637
0.302721103434754
0.3023066491588602
0.3018946985770429
0.30148524173323377
0.30107826865770904
0.3006737693678566
0.3002717338689377
0.29987215215482543
0.29947501420875355
0.29908031000404767
0.2986880295048433
0.29829816266680853
0.2979106994378443
0.29752562975878905
0.29714294356410287
0.2967626307825574
0.2963846813379024
0.29600908514953517
0.295635832133163
0.2952649122014428
0.29489631526463433
0.2945300312312247
0.294166050008561
0.2938043615034668
0.2934449556228488
0.2930878222743075
0.2927329513667235
0.29238033281085274
0.29202995651989616
0.29168181241008473
0.29133589040123165
0.2909921804172978
0.290650672386938
0.29031135624404225
0.2899742219282735
0.2896392593855913
0.28930645856877757
0.2889758094379443
0.2886473019610428
0.2883209261143618
0.28799667188301914
0.2876745292614452
0.28735448825386445
0.28703653887476255
0.28672067114935285
0.2864068751140354
0.2860951408168422
0.2857854583178848
0.2854778176897951
0.2851722090181483
0.2848686224018938
0.28456704795376986
0.28426747580071365
0.2839698960842715
0.28367429896099317
0.28338067460282534
0.2830890131974978
0.2827993049489068
0.2825115400774819
0.2822257088205604
0.2819418014327493
0.28165980818627434
0.2813797193713389
0.28110152529646537
0.2808252162888287
0.2805507826945969
0.280278214879253
0.2800075032279197
0.27973863814567224
0.27947161005785315
0.2792064094103721
0.2789430266700098
0.27868145232470987
0.27842167688386754
0.2781636908786177
0.2779074848621056
0.2776530494097672
0.2774003751195927
0.2771494526123942
0.2769002725320595
0.2766528255458077
0.27640710234443544
0.2761630936425655
0.2759207901788788
0.2756801827163521
0.27544126204248653
0.27520401896953217
0.2749684443347108
0.27473452900042183
0.27450226385446663
0.2742716398102444
0.2740426478069592
0.27381527880981704
0.27358952381021695
0.2733653738259436
0.2731428199013509
0.2729218531075386
0.2727024645425361
0.27248464533147
0.2722683866267328
0.27205367960815074
0.27184051548314037
0.2716288854868657
0.271418780882394
0.2712101929608419
0.2710031130415218
0.27079753247208194
0.27059344262864526
0.2703908349159456
0.27018970076745197
0.2699900316455027
0.26979181904142424
0.26959505447565224
0.2693997294978506
0.2692058356870204
0.2690133646516122
0.2688223080296307
0.2686326574887402
0.26844440472636677
0.2682575414697862
0.26807205947622637
0.26788795053295644
0.2677052064573693
0.2675238190970699
0.2673437803299574
0.2671650820643011
0.266987716238816
0.2668116748227396
0.2666369498158948
0.2664635332487628
0.2662914171825431
0.2661205937092189
0.2659510549516124
0.26578279306344277
0.2656158002293775
0.26545006866508525
0.2652855906172835
0.26512235836378306
0.26496036421353375
0.26479960050666207
0.26464005961451076
0.2644817339396749
0.26432461591603384
0.2641686980087865
0.26401397271447424
0.2638604325610113
0.2637080701077056
0.26355687794528715
0.2634068486959208
0.2632579750132279
0.26311024958230067
0.26296366511971314
0.2628182143735366
0.2626738901233515
0.26253068518024036
0.26238859238681334
0.26224760461719443
0.2621077147770311
0.26196891580349435
0.26183120066527155
0.26169456236256394
0.2615589939270855
0.261424488422044
0.2612910389421441
0.2611586386135677
0.2610272805939603
0.2608969580724202
0.2607676642694817
0.2606393924370942
0.2605121358586019
0.2603858878487252
0.26026064175353747
0.2601363909504375
0.26001312884812544
0.25989084888657554
0.2597695445370055
0.25964920930184565
0.2595298367147105
0.2594114203403598
0.25929395377466735
0.25917743064458454
0.25906184460809867
0.25894718935420336
0.25883345860284424
0.2587206461048911
0.2586087456420857
0.2584977510270038
0.2583876561030033
0.25827845474418487
0.25817014085533907
0.25806270837189915
0.25795615125988824
0.2578504635158745
0.25774563916691295
0.25764167227049384
0.2575385569144878
0.25743628721709166
0.2573348573267672
0.2572342614221911
0.25713449371218866
0.2570355484356791
0.2569374198616101
0.2568401022889045
0.2567435900463849
0.2566478774927248
0.25655295901636943
0.25645882903548356
0.2563654819978777
0.2562729123809385
0.2561811146915708
0.2560900834661197
0.2559998132703033
0.25591029869914583
0.2558215343769027
0.2557335149569867
0.25564623512190243
0.255559689583165
0.25547387308122904
0.2553887803854171
0.25530440629383744
0.25522074563331276
0.25513779325929964
0.25505554405581465
0.25497399293535095
0.2548931348388047
0.2548129647353933
0.2547334776225716
0.2546546685259584
0.2545765324992465
0.2544990646241292
0.25442226001021007
0.2543461137949269
0.2542706211434611
0.2541957772486606
0.2541215773309483
0.25404801663824106
0.25397509044586386
0.25390279405646343
0.25383112279991815
0.2537600720332561
0.2536896371405669
0.2536198135329082
0.2535505966482221
0.25348198195124627
0.2534139649334263
0.2533465411128194
0.25327970603400896
0.25321345526801675
0.2531477844122064
0.25308268909019704
0.2530181649517692
0.25295420767277255
0.2528908129550359
0.2528279765262743
0.2527656941399953
0.25270396157540687
0.25264277463732376
0.2525821291560706
0.2525220209873962
0.2524624460123719
0.2524034001372991
0.25234487929361604
0.2522868794378009
0.2522293965512791
0.25217242664032524
0.25211596573597317
0.25206000989390986
0.25200455519439025
0.2519495977421329
0.25189513366623173
0.2518411591200499
0.2517876702811317
0.25173466335110295
0.25168213455557076
0.25163008014403154
0.2515784963897686
0.2515273795897581
0.2514767260645736
0.25142653215828314
0.2513767942383546
0.25132750869555753
0.2512786719438642
0.25123028042035456
0.2511823305851135
0.2511348189211363
0.25108774193422967
0.2510410961529117
0.25099487812831855
0.25094908443409725
0.25090371166631575
0.25085875644335964
0.2508142154058355
0.2507700852164718
0.25072636256002134
0.250683044143159
0.25064012669438906
0.25059760696394207
0.2505554817236758
0.25051374776698243
0.2504724019086826
0.2504314409849302
0.2503908618531181
0.25035066139176954
0.25031083650045083
0.25027138409966454
0.2502323011307549
0.25019358455580976
0.2501552313575591
0.25011723853928247
0.25007960312470423
0.2500423221579021
0.2500053927032013
0.2499688118450849
0.2499325766880912
0.24989668435671497
0.2498611319953148
0.24982591676800825
0.2497910358585843
0.24975648647039528
0.249722265826266
0.24968837116839537
0.2496547997582601
0.24962154887651555
0.24958861582290115
0.2495559979161408
0.2495236924938501
0.24949169691243966
0.24946000854701467
0.2494286247912808
0.249397543057453
0.24936676077615205
0.24933627539631464
0.24930608438509372
0.24927618522776795
0.2492465754276404
0.24921725250594962
0.24918821400177038
0.24915945747192214
0.24913098049087445
0.24910278065064562
0.24907485556072073
0.2490472028479488
0.2490198201564504
0.24899270514752836
0.24896585549956696
0.24893926890794893
0.24891294308495182
0.24888687575966284
0.24886106467788338
0.24883550760203565
0.24881020231107398
0.24878514660038997
0.24876033828172062
0.24873577518306123
0.24871145514856785
0.24868737603847102
0.24866353572898303
0.24863993211220758
0.24861656309604907
0.24859342660412553
0.24857052057567408
0.24854784296546528
0.24852539174370858
0.24850316489597135
0.24848116042308355
0.24845937634105164
0.24843781068096804
0.24841646148892516
0.24839532682592846
0.24837440476780637
0.2483536934051246
0.24833319084309569
0.24831289520150035
0.2482928046145899
0.24827291723100864
0.24825323121370546
0.24823374473984627
0.2482144560007279
0.24819536320169922
0.24817646456206754
0.24815775831502085
0.2481392427075395
0.24812091600031316
0.24810277646765755
0.24808482239743068
0.2480670520909506
0.24804946386290994
0.24803205604129464
0.24801482696730215
0.24799777499525855
0.24798089849253657
0.24796419583947438
0.24794766542929703
0.24793130566802812
0.24791511497441754
0.24789909177985858
0.24788323452830374
0.24786754167618696
0.24785201169235116
0.2478366430579566
0.2478214342664149
0.24780638382329745
0.24779149024627145
0.24777675206500815
0.24776216782111593
0.24774773606805633
0.2477334553710694
0.24771932430709664
0.2477053414647058
0.24769150544401564
0.2476778148566141
0.2476642683254897
0.24765086448495255
0.2476376019805624
0.24762447946904942
0.2476114956182457
0.24759864910700602
0.2475859386251399
0.2475733628733311
0.24756092056307233
0.2475486104165846
0.2475364311667544
0.2475243815570508
0.24751246034146412
0.24750066628442724
0.2474889981607472
0.24747745475553273
0.24746603486412921
0.24745473729204093
0.2474435608548644
0.24743250437822273
0.24742156669769189
0.24741074665872897
0.24740004311661412
0.24738945493636966
0.2473789809927025
0.2473686201699309
0.24735837136191818
0.2473482334720064
0.24733820541294993
0.24732828610684676
0.24731847448507727
0.24730876948823388
0.2472991700660585
0.24728967517737344
0.24728028379002487
0.2472709948808084
0.24726180743541226
0.24725272044835
0.24724373292289759
0.24723484387103378
0.24722605231336925
0.24721735727909266
0.2472087578059048
0.2472002529399543
0.24719184173578046
0.2471835232562487
0.24717529657249437
0.2471671607638536
0.24715911491781206
0.24715115812993937
0.2471432895038307
0.24713550815105023
0.24712781319106825
0.2471202037512018
0.24711267896656253
0.24710523797999084
0.2470978799420025
0.24709060401073268
0.24708340935187356
0.24707629513862228
0.2470692605516206
0.2470623047789018
0.24705542701583483
0.24704862646506387
0.24704190233645829
0.24703525384705827
0.24702868022101443
0.24702218068953918
0.24701575449084723
0.24700940087010592
0.24700311907938433
0.24699690837759036
0.24699076803042885
0.24698469731034
0.24697869549645635
0.2469727618745402
0.2469668957369412
0.2469610963825405
0.2469553631166992
0.2469496952512099
0.24694409210424662
0.2469385530003091
0.2469330772701822
0.24692766425087653
0.24692231328558867
0.24691702372364333
0.24691179492045112
0.24690662623745663
0.2469015170420915
0.2468964667077289
0.2468914746136296
0.2468865401449034
0.24688166269245582
0.24687684165294232
0.2468720764287241
0.24686736642782192
0.24686271106386648
0.2468581097560576
0.24685356192911956
0.24684906701324916
0.24684462444407929
0.24684023366262842
0.2468358941152623
0.24683160525364423
0.24682736653469384
0.2468231774205467
0.2468190373785083
0.2468149458810105
0.24681090240557246
0.24680690643475345
0.24680295745611913
0.246799054962192
0.24679519845041165
0.24679138742309725
0.2467876213874044
0.2467838998552847
0.24678022234344565
0.24677658837330851
0.24677299747097514
0.2467694491671787
0.24676594299725563
0.24676247850109567
0.2467590552231126
0.246755672712197
0.24675233052168866
0.2467490282093281
0.24674576533722503
0.24674254147182018
0.24673935618384724
0.24673620904829585
0.24673309964437706
0.246730027555483
0.24672699236915452
0.24672399367704312
0.24672103107487786
0.2467181041624259
