0.9985715228062014
0.9984775502040348
0.998396344956854
0.9983069885786433
0.99821011024085
0.998105072864939
0.9979917770183971
0.9978705131111869
0.997741298707071
0.9976024144642722
0.9974555046571417
0.9972957446683683
0.9971272454713727
0.9969458432720546
0.9967526180940219
0.9965448058684985
0.9963224417537467
0.9960848965898812
0.9958350205709237
0.9955678530517097
0.9952824267964593
0.9949785309351403
0.9946548275771331
0.9943104120863532
0.9939485338114523
0.9935582973539583
0.9931387587706201
0.9926963224623604
0.9922398062266025
0.9917516490641844
0.9912358638293998
0.990687534671101
0.9901102436683441
0.9894997486991013
0.9888458860818814
0.988161689030006
0.9874544005574873
0.9867207170569801
0.9859641445479584
0.9851580245074252
0.9843286113924445
0.9834585143140441
0.9825618866844354
0.9816480429032088
0.9806985183113938
0.9796939943141381
0.9786781282371567
0.9776273240676803
0.9765410584230051
0.975436797865043
0.9743095898479945
0.9731671455837424
0.9720082861028255
0.9708273374646104
0.9696596064568642
0.9684570521022423
0.9672376091673411
0.9660247471090306
0.9647928445413996
0.9635645838646726
0.9623521088047166
0.9611537903484624
0.9599514659773464
0.9587790882880852
0.9575868444028371
0.9564009967547779
0.9552150385253275
0.9540567891831598
0.9529417427951136
0.9517783845110397
0.9505900268865338
0.9494647283502948
0.9483520646315032
0.947236950354399
0.9461159282432978
0.9449713691506585
0.9438661753331371
0.9427975954956386
0.9417867489420463
0.9408099480206997
0.9397917141796348
0.9387691752216962
0.9377669064209039
0.936797359182426
0.9359141430812374
0.9350197187283964
0.9341320780759004
0.9332214171490115
0.9323766112641255
0.9315083130960652
0.9307268962938319
0.929904959772568
0.9290835334716588
0.9282706127451515
0.9274838187064757
0.9267674728006859
0.9261296573995115
0.9254653852043678
0.9248183788573723
0.9242282548306202
0.9236056858777839
0.9230728926535103
0.922564641188883
0.9219911791180364
0.9214226046131011
0.9209114026744508
0.9204425215329446
0.9199211992516213
0.919455365123439
0.9190253510122336
0.9186643951674891
0.918372571372677
0.9180403113559442
0.917731999408795
0.917524890102315
0.9173041069491905
0.9171626016373207
0.9169556120248691
0.9167701662676804
0.9166473829078912
0.9165282475554168
0.9164336971587875
0.9163953416581567
0.9162998709700184
0.9161737867656012
0.9160789305026186
0.9160041870027157
0.9159569601837427
0.9159673589555191
0.9160265511843924
0.9160514586431637
0.9159668085429197
0.9158997106304672
0.9158146386257148
0.9157771164261157
0.9157767579787031
0.915788090377051
0.9158290196665622
0.9159385021599652
0.9160326818923166
0.9161452684850129
0.9160488876111526
0.9160211559025331
0.9159784677468201
0.9158858075506212
0.9158932274847296
0.9159316245747244
0.9159954235534765
0.9159149979813054
0.9159216011293718
0.9158760982784833
0.915854941990315
0.9158758481067978
0.9159537979881167
0.9160634094882919
0.9161708407951988
0.9162434249737559
0.9162667200555472
0.9163257112596883
0.9163746224367955
0.9163881869372559
0.9163807292244013
0.9163483115217633
0.9163826965428878
0.9163909178547316
0.9164451706315114
0.9164090625889628
0.9163752572347954
0.916315694227248
0.9162794364888235
0.9163228285295235
0.9163851941764463
0.9164021467126923
0.9164220662697803
0.9165669939129402
0.9165218751645172
0.9164264136900326
0.9164339595093095
0.9165346041505662
0.9165210917161156
0.9165199804175738
0.9166166173517414
0.9166290726456299
0.9166996062541085
0.9167789750735508
0.9167687506451698
0.9167487936783505
0.9167251251846917
0.916692634325059
0.9166385038026242
0.9166525872073126
0.9167405493622035
0.9167281917168251
0.9167424888610184
0.9167815030354263
0.9168784503428777
0.9169159957081762
0.9169172897128081
0.9169339905763906
0.9169380929630193
