0.7859487473054472
0.762233016094888
0.755110804347739
0.747824033428703
0.7403840964951125
0.7327997633600929
0.725076595420026
0.7172184193322051
0.7092281754971465
0.7011083775076505
0.6928613735799398
0.6844895050724953
0.6759952086708167
0.6673810859337017
0.6586499528094889
0.6498048761153927
0.6408492009989233
0.6317865717597879
0.6226209474732496
0.6133566133045365
0.6039981880724103
0.5945506284180426
0.5850192298121031
0.5754096245589202
0.565727776914108
0.555979975410277
0.5461728224775582
0.5363132214471615
0.5264083610340382
0.5164656974069031
0.5064929339688158
0.49649799898813696
0.4864890212370254
0.47647430381207956
0.4664622963285856
0.4564615656956138
0.44648076569349393
0.43652860558757667
0.4266138180223571
0.4167451264476493
0.40693121233349605
0.3971806824324957
0.3875020363473317
0.37790363465730403
0.36839366785070127
0.3589801262999016
0.3496707715033919
0.34047310880352966
0.3313943617711358
0.32244144842822
0.31362095945849233
0.30493913853239596
0.29640186484929065
0.288014637974774
0.27978256502624854
0.2717103502350221
0.2638022868890747
0.25606225163723406
0.24849370111341296
0.2410996708189742
0.2338827761824026
0.22684521569860616
0.219988776035406
0.21331483898221737
0.2068243901056931
0.20051802896909698
0.19439598076652798
0.1884581092195039
0.1827039305820577
0.17713262860087164
0.17174307027928848
0.16653382229779468
0.16150316794876785
0.1566491244496535
0.15196946050602345
0.14746171400405395
0.1431232097206102
0.13895107694811537
0.1349422669406236
0.13109357009674716
0.1274016328043187
0.1238629738806033
0.12047400055055546
0.1172310239139156
0.11413027385978303
0.11116791339461107
0.10834005235646293
0.10564276049457755
0.1030720798991197
0.10062403677111131
0.09829465252731318
0.09607995423895599
0.09397598440694066
0.09197881007943198
0.09008453132057992
0.0882892890416227
0.08658927220774115
0.0849807244358537
0.08345995000011242
0.08202331926312645
0.0806672735520072
0.07938832949923891
0.07818308286903086
0.07704821189036848
0.07598048011837477
0.07497673884590583
0.07403392908741135
0.07314908315722113
0.07231932586439704
0.07154187534613976
0.07081404356166165
0.07013323646812053
0.0694969538999669
0.06890278917267711
0.06834842843146871
0.06783164976509826
0.06735032210440839
0.06690240392468472
0.06648594177036993
0.06609906862003978
0.06574000210890574
0.06540704262547337
0.06509857129826402
0.0648130478878266
0.06454900859853885
0.06430506382393064
0.06407989583859985
0.06387225644894323
0.0636809646142682
0.06350490404902631
0.0633430208162763
0.06319432092160737
0.06305786791619694
0.06293278051683815
0.06281823025017685
0.06271343912767424
0.06261767735721102
0.06253026109657422
0.06245055025351742
0.062377946336492296
0.06231189035958529
0.062251860804714454
0.06219737164361472
0.06214797042169673
0.06210323640543047
0.06206277879448274
0.06202623499950699
0.06199326898605151
0.06196356968483607
0.061936849468269606
0.06191284269284536
0.061891304306816
0.06187200852232155
0.06185474755092901
0.061839330401420756
0.061825581738456314
0.061813340800658256
0.061802460376489954
0.061792805836297204
0.061784254218704926
0.0617766933695556
0.06177002113153218
0.06176414458253454
0.06175897932089791
0.06175444879549419
0.061750483678791546
0.061747021280918246
0.06174400500283317
0.0617413838266857
0.06173911184152614
0.06173714780251782
0.06173545472186903
0.0617339994897651
0.06173275252356836
0.06173168744368551
0.06173078077450056
0.061730011668837736
0.061729361654503934
0.061728814401480925
0.0617283555084317
0.06172797230720983
0.061727653684168104
0.06172738991706517
0.06172717252647908
0.06172699414065941
0.06172684837281939
0.061726729709935424
0.06172663341215079
0.0617265554219536
0.06172649228234872
0.06172644106326486
0.06172639929553736
0.061726364911792175
0.06172633619365875
0.061726311724715655
0.06172629034869137
0.06172627113240259
0.0617262533330013
0.061726236369111454
0.061726219795477655
0.06172620328076961
0.061726186588229925
0.06172616955885368
0.061726152096850284
0.06172613415711614
0.061726115734513365
0.061726096854738954
0.06172607756660009
0.06172605793552455
0.061726038038162234
0.06172601795793076
0.06172599778138432
0.06172597759530252
0.06172595748438914
0.0617259375294964
0.061725917806304875
0.06172589838437792
0.0617258793265294
0.0617258606884632
0.06172584251862734
0.061725824858236855
0.061725807741446315
0.06172579119562238
0.06172577524170719
0.061725759894633137
0.06172574516378526
0.06172573105348034
0.06172571756347445
0.06172570468944316
0.06172569242348391
0.06172568075457863
0.06172566966905546
0.06172565915100803
0.061725649182700515
0.061725639744937943
0.06172563081740179
0.06172562237896739
0.061725614407974194
0.061725606882479966
0.06172559978047454
0.06172559308007741
0.06172558675969697
0.06172558079817392
0.061725575174897074
0.06172556986990119
0.06172556486394243
0.06172556013856001
0.0617255556761136
0.061725551459819616
0.06172554747376591
0.06172554370291783
0.06172554013311282
0.06172553675105508
0.061725533544290445
0.06172553050118745
0.061725527610911546
0.06172552486338512
0.0617255222492622
0.061725519759885494
0.061725517387253626
0.0617255151239795
0.061725512963254014
0.061725510898804736
0.061725508924864836
0.06172550703612867
0.06172550522772147
0.06172550349516326
0.06172550183433889
0.06172550024146284
0.06172549871305277
0.061725497245905814
0.06172549583706377
0.06172549448380049
0.061725493183590996
0.061725491934097376
0.06172549073314626
0.061725489578713155
0.06172548846891068
0.06172548740196537
0.06172548637621833
0.06172548539010192
0.0617254844421371
0.061725483530920666
0.06172548265511957
0.06172548181346238
0.06172548100473563
0.061725480227775686
0.061725479481461676
0.061725478764721564
0.06172547807651696
0.061725477415846
0.061725476781740896
0.06172547617326385
0.06172547558950603
0.06172547502958736
0.06172547449265242
0.06172547397787087
0.0617254734844378
0.0617254730115695
0.06172547255850758
0.061725472124512515
0.06172547170886977
0.06172547131088324
0.06172547092987768
0.061725470565199836
0.06172547021621677
0.06172546988231431
0.06172546956289626
0.06172546925738853
0.06172546896523434
0.06172546868589457
0.06172546841885007
0.06172546816359936
0.06172546791965672
0.06172546768655662
0.06172546746384555
0.06172546725109129
0.06172546704787629
0.06172546685379654
0.061725466668466455
0.06172546649151167
0.061725466322574696
0.06172546616131136
0.06172546600739237
0.061725465860499096
0.061725465720326333
0.06172546558658343
0.06172546545898816
0.0617254653372723
0.061725465221177056
0.06172546511045629
0.06172546500487164
0.061725464904196614
0.061725464808213615
0.061725464716714584
0.06172546462949835
0.06172546454637484
0.061725464467161206
0.061725464391680696
0.06172546431976744
0.0617254642512588
0.06172546418600311
0.06172546412385305
0.06172546406466528
0.06172546400830781
0.061725463954651505
0.0617254639035717
0.06172546385495126
0.06172546380867816
0.061725463764643274
0.06172546372274479
0.06172546368288356
0.06172546364496423
0.06172546360889919
0.06172546357459918
0.06172546354198438
0.06172546351097441
0.061725463481494436
0.06172546345347296
0.06172546342684104
0.061725463401534064
0.06172546337748752
0.061725463354642796
0.061725463332942376
0.06172546331233042
0.06172546329275763
0.061725463274172054
0.0617254632565265
0.06172546323977601
0.06172546322387629
0.0617254632087888
0.06172546319447081
0.06172546318088645
0.06172546316799987
0.06172546315577632
0.06172546314418348
0.06172546313319105
0.06172546312276761
0.06172546311288629
0.06172546310351967
0.061725463094642996
0.061725463086230836
0.06172546307825988
0.061725463070708475
0.06172546306355642
0.06172546305678139
0.061725463050366525
0.06172546304429172
0.06172546303854076
0.061725463033096895
0.06172546302794457
0.061725463023068916
0.061725463018454274
0.06172546301408943
0.06172546300996107
0.0617254630060563
0.0617254630023627
0.06172546299887127
0.06172546299557047
0.06172546299244963
0.06172546298949888
0.061725462986712554
0.06172546298407877
0.061725462981591206
0.06172546297924064
0.06172546297702042
0.061725462974924095
0.06172546297294568
0.06172546297107717
0.06172546296931347
0.0617254629676488
0.061725462966077504
0.06172546296459591
0.061725462963197586
0.061725462961879085
0.06172546296063519
0.06172546295946313
0.06172546295835735
0.061725462957314625
0.06172546295633208
0.061725462955406374
0.06172546295453396
0.061725462953712285
0.06172546295293857
0.061725462952209376
0.061725462951522925
0.06172546295087633
0.06172546295026782
0.061725462949695165
0.061725462949155485
0.06172546294864922
0.06172546294817194
0.06172546294772285
0.061725462947300636
0.06172546294690362
0.061725462946530585
0.0617254629461802
0.06172546294584913
0.061725462945540044
0.06172546294524828
0.061725462944974496
0.06172546294471781
0.06172546294447623
0.061725462944248854
0.061725462944036025
0.06172546294383785
0.061725462943648335
0.06172546294347303
0.061725462943308274
0.06172546294315273
0.061725462943007625
0.061725462942870846
0.061725462942743614
0.061725462942623266
0.06172546294251047
0.061725462942405884
0.061725462942307185
0.06172546294221448
0.061725462942126996
0.06172546294204617
0.061725462941971454
0.061725462941899845
0.06172546294183345
0.06172546294177117
0.06172546294171222
0.061725462941657816
0.061725462941606524
0.061725462941558784
0.061725462941514375
0.06172546294147219
0.06172546294143355
0.06172546294139725
0.06172546294136316
0.06172546294133163
0.061725462941300435
0.061725462941273346
0.061725462941247144
0.061725462941222387
0.061725462941200515
0.06172546294117931
0.06172546294115977
0.06172546294114134
0.06172546294112413
0.06172546294110759
0.061725462941093046
0.061725462941079834
0.06172546294106607
0.06172546294105352
0.06172546294104153
0.06172546294103132
0.061725462941022324
0.061725462941012665
0.061725462941003784
0.061725462940996234
0.061725462940988685
0.061725462940982134
0.06172546294097536
0.06172546294097059
0.06172546294096426
0.06172546294095993
0.06172546294095482
0.06172546294095005
0.06172546294094483
0.061725462940941056
0.06172546294093817
0.06172546294093506
0.061725462940931286
0.061725462940928844
0.061725462940925624
0.06172546294092374
0.06172546294092163
0.06172546294091952
0.06172546294091796
0.0617254629409153
0.06172546294091452
0.061725462940912856
0.061725462940911746
0.06172546294090975
0.06172546294090864
0.06172546294090664
0.06172546294090564
0.06172546294090575
0.06172546294090464
0.061725462940902975
0.06172546294090242
0.0617254629409022
0.06172546294090109
0.061725462940900755
0.06172546294089987
0.06172546294089987
0.06172546294089987
0.06172546294089898
0.06172546294089776
0.06172546294089809
0.06172546294089687
0.06172546294089665
0.06172546294089665
0.06172546294089709
0.06172546294089509
0.06172546294089554
0.06172546294089587
0.06172546294089554
0.061725462940895315
0.06172546294089498
0.06172546294089498
0.06172546294089398
0.06172546294089454
0.06172546294089365
0.06172546294089443
0.06172546294089443
0.06172546294089398
0.06172546294089354
0.061725462940893205
0.06172546294089376
0.061725462940893205
0.061725462940893094
0.061725462940893316
0.061725462940893205
0.06172546294089398
0.061725462940893316
0.06172546294089365
0.06172546294089365
0.06172546294089354
0.061725462940893205
0.06172546294089287
0.061725462940893205
0.06172546294089243
0.061725462940893094
0.06172546294089287
0.06172546294089365
0.06172546294089287
0.06172546294089243
0.06172546294089354
0.06172546294089365
0.06172546294089365
0.061725462940893316
0.061725462940893205
0.06172546294089287
0.06172546294089276
0.061725462940893094
0.06172546294089265
0.061725462940893094
0.061725462940893094
0.061725462940893205
0.06172546294089243
0.06172546294089287
0.061725462940893205
0.061725462940893316
0.06172546294089276
0.06172546294089276
0.06172546294089243
0.06172546294089243
0.061725462940893094
0.061725462940893094
0.06172546294089287
0.061725462940893205
0.061725462940893316
0.061725462940893205
0.06172546294089276
0.06172546294089265
0.061725462940893205
0.06172546294089243
0.061725462940891984
0.06172546294089276
0.061725462940893316
0.06172546294089287
0.061725462940893205
0.06172546294089354
0.061725462940893094
0.06172546294089276
0.061725462940893094
0.061725462940893094
0.06172546294089287
0.061725462940893205
0.061725462940893094
0.061725462940893316
0.061725462940893205
0.06172546294089365
0.06172546294089287
0.061725462940893094
0.061725462940893094
0.061725462940893094
0.061725462940893316
0.061725462940893094
0.061725462940893094
0.061725462940893094
0.06172546294089354
0.061725462940893205
0.061725462940893205
0.061725462940893094
0.061725462940893316
0.061725462940893094
0.061725462940893094
0.06172546294089354
0.06172546294089376
0.06172546294089354
0.06172546294089354
0.06172546294089376
0.06172546294089376
0.061725462940893094
0.061725462940893094
0.061725462940893094
0.061725462940893094
0.06172546294089276
0.061725462940893094
0.06172546294089354
0.061725462940893094
0.061725462940893205
0.061725462940893094
0.061725462940893094
0.06172546294089354
0.061725462940893316
0.06172546294089287
0.06172546294089287
0.06172546294089354
0.061725462940893094
0.06172546294089354
0.061725462940893094
0.061725462940893316
0.061725462940893316
0.06172546294089354
0.061725462940893094
0.061725462940893316
0.061725462940893094
0.061725462940893205
0.061725462940893316
0.06172546294089354
0.06172546294089287
0.061725462940893316
0.061725462940893094
0.06172546294089354
0.06172546294089365
0.061725462940893316
0.06172546294089276
0.061725462940893094
0.06172546294089287
0.06172546294089276
0.061725462940893094
0.06172546294089287
0.06172546294089287
0.06172546294089365
0.061725462940893094
0.061725462940893094
0.061725462940893094
0.061725462940893205
0.061725462940893205
0.06172546294089354
0.06172546294089376
0.061725462940893316
0.061725462940893205
0.06172546294089276
0.061725462940893205
0.06172546294089365
0.061725462940893205
0.061725462940893316
0.06172546294089365
0.061725462940893316
0.061725462940893094
0.06172546294089287
0.06172546294089354
0.061725462940893205
0.061725462940893094
