0.9552608102703759
0.8149355750667607
0.8083350207047096
0.8014725749434555
0.7944500366064801
0.7873197777162365
0.7801105317280073
0.7728398931594336
0.7656389648422333
0.7583774624589243
0.7510613574500404
0.7436955071544636
0.736283869064024
0.7288293091696333
0.7213331703643946
0.7137953810590094
0.7062158008227617
0.6985953799088137
0.6909357601830632
0.683238624586075
0.6755057315083765
0.6677393005404477
0.6599423964519014
0.6521192128621398
0.6442752517632563
0.6364173977044305
0.6285538272908691
0.6206935005888407
0.6128443927448459
0.6050078775548968
0.5971623277389853
0.5892295430881146
0.5810927041296632
0.5719890869119278
0.5628249812504841
0.5537040100629724
0.5446793766796835
0.5357784418014748
0.5270144731678
0.5183928349766698
0.5099149028097749
0.5015807187790055
0.49339091323634104
0.48534825494555556
0.4774591174780777
0.4697351644110308
0.4621956836792989
0.45487129750141414
0.44676402003719584
0.4388909892782352
0.43126562647699723
0.4238893939527192
0.4167586209212196
0.4098722209265747
0.40323776910691617
0.3957953591037535
0.3887340444488776
0.38207243736624863
0.37409075881896575
0.366654400000879
0.3597841302637178
0.35350183269932384
0.3463806261442922
0.33944370734737594
0.3330060088911712
0.32705757617856135
0.3215823293902378
0.3165618457852978
0.31197845390961454
0.30781752070418045
0.30406899957257105
0.30106900695569894
0.29629679470174203
0.29051109990696156
0.28522721387247973
0.28043713294838163
0.27612757240076624
0.27228134342105925
0.26887754907673156
0.2658910324817899
0.26329331162124225
0.26105537948674773
0.2591506624748157
0.2562338051272921
0.25373408325383334
0.25162454589331373
0.24987815883761128
0.24691589931953084
0.24445925179193073
0.24246903544079604
0.24000530724393865
0.23808407991697284
0.23665351266292667
0.23566249519318028
0.23506264807140154
0.23393004913975377
0.23316556583370718
0.23273043876887703
0.23259015703089134
0.2327149749854644
0.23168594823897248
0.23006989055974314
0.22881116857293218
0.22782984271589923
0.22713105742728987
0.2266854954963652
0.22646588765697168
0.22644721561812517
0.2258163825539549
0.2254874439594514
0.225425284027956
0.22559747045068862
0.22597482025431395
0.22582480786552328
0.2246507037540436
0.22382542753994927
0.22330937231076062
0.2230656461274615
0.22306036552014097
0.22254829762638156
0.22227714696342168
0.22221648599505422
0.22233899618458805
0.22262052028576176
0.22304010126033524
0.22357999157010447
0.22361992248762397
0.22280094639674028
0.22222026293602093
0.22168965956814574
0.22137254117029215
0.22124611621646215
0.22128882844423392
0.2209139110594093
0.2207520129174632
0.22077674569438827
0.22096420172708642
0.2212929908048251
0.22174430462598693
0.2223019793907771
0.22133624009693145
0.2206293496847491
0.2201553169611345
0.21988967361981346
0.21980940090733211
0.2198929817952598
0.22012052413832256
0.22047391244205825
0.2203439466759667
0.2203482123385163
0.22047304968712325
0.22070611606784363
0.2210363360968658
0.22052322731273033
0.22020898189749513
0.2200743513009808
0.22010141148702048
0.22027355985100314
0.21995469777630813
0.2197965330268864
0.2197791537645002
0.21988414168084686
0.2200945354286456
0.2203948611663868
0.2207711923052461
0.22121121154056544
0.2217042573307611
0.22135019011800686
0.22116206789280682
0.22050968846674668
0.22004269355684292
0.2197448528453354
0.21960019493603003
0.2195932058605667
0.21970905835151058
0.21993384324528617
0.22025478134484383
0.2206604007968702
0.22114067113821523
0.221687090427593
0.2216985375573638
0.22094787818259562
0.2203983560442173
0.22003046571395818
0.21982553083132936
0.21976565803023043
0.2198338000352887
0.2200138828555918
0.22029096166568757
0.2206513787407939
0.22108290450676038
0.2209285401462953
0.220924858400124
0.2210538226242002
0.22129904128006697
0.22164574280461755
0.22113696001541897
0.22079601251702594
0.22060752617740204
0.22055695862540903
