0.9996174317869603
0.9995661506051581
0.9995181896536076
0.9994632256276161
0.9994005218834288
0.9993295947222177
0.9992492344452896
0.9991587422123208
0.9990572043513588
0.9989448720922343
0.9988191605699056
0.998678776903689
0.998523752596607
0.9983523491437923
0.9981603341847554
0.9979472390195889
0.9977133137153371
0.9974565344873505
0.9971717997711499
0.9968612025991256
0.9965252745083435
0.9961627633290883
0.9957669882084519
0.9953359533500609
0.9948721775152265
0.9943678871012989
0.9938246088600571
0.9932465874794504
0.9926243399666304
0.9919579838061472
0.9912510369937511
0.990493946544678
0.9896760783154827
0.9888036023887344
0.987878919888
0.9868910257678155
0.9858517548084222
0.9847501021406933
0.9835763917806004
0.9823398904549648
0.981042237738578
0.9796802491642675
0.9782484532551031
0.9767465108610094
0.9751576393307231
0.9735000521166038
0.971773468127057
0.9699881775294106
0.9681271219758542
0.9662288465544833
0.9642571560408759
0.9622190583641322
0.9601330970407738
0.957990124029027
0.9557741040416571
0.9535083816002906
0.9511676506142247
0.9487977683046523
0.9463632884336558
0.9438992164354089
0.9413667937681838
0.938757144385185
0.9361458679826997
0.9335366509554881
0.9309186978362708
0.9282715556370371
0.9255633427976562
0.9228112459631742
0.9200295752677882
0.9172768762230192
0.9144923390751302
0.9117232105291039
0.9090137417469976
0.9063166193372562
0.9036176078696418
0.9009309235647455
0.8981880062407531
0.8954849425485113
0.8927447549827107
0.8900732995902445
0.8874745266186391
0.8849506742955534
0.8824758413011975
0.8799842748922468
0.8775063102939427
0.8750966044111687
0.8727529024048924
0.8703958828271007
0.8681039940994154
0.8658794265681371
0.8637185649892384
0.8616464490203912
0.8595909846890593
0.8576108572212406
0.8557008048862258
0.8538291609844226
0.8520365896442608
0.8502763377459531
0.8486383544086089
0.8470872222674601
0.8456560334117762
0.8443634731278182
0.8431322003955066
0.8419029288982389
0.8407734629692748
0.839676292209913
0.8386608748679402
0.8376486259006266
0.836691207293461
0.8358330393353202
0.8350060117838293
0.8343028597331651
0.8335674136247953
0.8328808987816424
0.8321828006300941
0.8314516258087105
0.8307080201593343
0.8300448160444828
0.8293707864686072
0.8286665141101492
0.8279472350744794
0.8273164443039452
0.8266846404517381
0.8260967622186945
0.8255031767153767
0.8250043459259426
0.8245723987355084
0.8240559729215824
0.8235876338005184
0.8230849275505814
0.8226715388127412
0.8222570445452284
0.8219102585495718
0.8215341343911694
0.8211371903756064
0.8207672141140712
0.8203073039857836
0.8198671790021897
0.8194905009564011
0.819055443894207
0.8186409254597808
0.8182477260474157
0.8178037120486699
0.8173395596900543
0.8169416421153199
0.8165621741209911
0.8161484312070205
0.8157413365678822
0.8153542733175794
0.8150437667679216
0.8146227738603962
0.8142436013588236
0.8138640524786382
0.8135953214607186
0.8133254406355968
0.8129655293310712
0.8126247126586725
0.8123397085239078
0.8121243656045801
0.8119099933893994
0.8117181506890391
0.811586808872686
0.8112510358189148
0.8110101284989418
0.8109566231955191
0.810756064528873
0.8105773111951247
0.8104040336825354
0.8102169735246537
0.8100180474963531
0.8099938673179576
0.8098138640896244
0.8097023732511672
0.8096235020039921
0.8096049146028809
0.8095068992323267
0.809311893257457
0.8092276417702611
0.8092464891387781
0.8093199178730053
0.8093742763010588
0.8092855541850813
0.8091537700197778
0.8092020592082554
0.8091750908651019
0.8092028597123069
0.8093660609410606
0.809373418931796
0.8094371462368104
0.8094093201136527
0.8092778358283618
0.8093136708424689
0.8092377796965469
0.8092467796275232
0.8093052767332146
0.8094204524556139
0.809561958793997
0.8096792739282415
0.8097821567535584
0.8098758469501126
