0.9998935329752687
0.9998734318546533
0.9998488781954913
0.9998190753399333
0.9997831648996442
0.9997404672469478
0.9996901714702091
0.9996314232449817
0.9995629674523855
0.9994836441026842
0.9993922281213474
0.9992876476151754
0.9991682231353403
0.9990329959873633
0.9988803191791282
0.9987086740284259
0.9985157685444663
0.9983006759689469
0.9980609428339834
0.9977948701967099
0.9974991871930606
0.9971726161537181
0.9968104207106768
0.9964097796278516
0.9959662506773784
0.9954800782522117
0.9949485919718905
0.9943672874385826
0.9937315927182523
0.9930418853721159
0.9922942523477527
0.9914835924255094
0.9906112382445795
0.9896644889544788
0.9886438120725956
0.9875455851823428
0.9863625530370244
0.9850965058100971
0.9837364432354577
0.9822839154951093
0.9807404912226526
0.9791036890750319
0.9773704447090091
0.9755353213990902
0.9735951763342439
0.9715370726287647
0.9693871335035165
0.9671225973341996
0.9647539074750074
0.9622767225618478
0.9596715586523212
0.9602240040321379
0.9575943703281332
0.9548559412770063
0.9520062386824829
0.9490527256792208
0.946010391280356
0.9428661737736223
0.9440406706922141
0.9409307042453005
0.9377182348883661
0.9344278898158392
0.9310497888180691
0.9276004610723555
0.9240823395780366
0.9205110153990541
0.9168941486728382
0.9132515124289015
0.9095294881611578
0.9057788228831132
0.9019791289927527
0.8981496495101509
0.8943034819845841
0.8904216290157498
0.8865394962140531
0.8826945857345575
0.878858575588157
0.8749816280071948
0.8710897982345249
0.8672245803256968
0.8633218514039012
0.8594208620474252
0.8556114465399588
0.8518305567158159
0.8481129706146011
0.8444561407604847
0.8408636834334132
0.8373359122926605
0.8338507071307132
0.8304606262577371
0.8271141733711145
0.8238384279747094
0.8206920987714268
0.8176225007263056
0.8146726344287761
0.8117886919478006
0.8089683520260968
0.8062021165743486
0.8035402051247644
0.8009829826408714
0.798509801513019
0.7962044548811636
0.7939520277198574
0.7916975190886484
0.7894530585337554
0.7872464637756897
0.7851096675883598
0.78308554748708
0.781093129381303
0.7791855716160746
0.7773452271603305
0.7755980152750926
0.7738925822078402
0.7723219791655065
0.7707442707266072
0.7692103129831168
0.767714854093341
0.7662996066560721
0.764872819854757
0.7635293703306517
0.7623183540042021
0.7611485166650366
0.760031017761987
0.7589424186414268
0.75792113617634
0.756910677794846
0.7558465698941178
0.754810858999634
0.7538503501764339
0.7529117460836758
0.752049829070677
0.7511525734899499
0.7502726275171571
0.7494810960091218
0.748737212729925
0.7479476296208603
0.7472023128358467
0.7464908959975862
0.7458551706053831
0.7451997381212843
0.7445699445307623
0.7438872640333305
0.7432141659570899
0.7425654380337315
0.7419371448072449
0.7413190661087325
0.7407489395345543
0.7403115005067236
0.7398878101620403
0.7394800798797316
0.7391027129386418
0.7387237168739293
0.7382919628796347
0.737919010118606
0.7375362228680347
0.7371521504607894
0.736890782483069
0.736675716926275
0.7364784710860889
0.7363063552704534
0.7361036939392008
0.735897039149892
0.7357448309310499
0.7355502402394318
0.7352750125094563
0.7350054603506317
0.7348791730664332
0.7346642670473837
0.7345055756185209
0.7343469915837677
0.7342862650592874
0.7341933881331301
0.7341299509224506
0.7341021391960472
0.7340659434387926
0.7340264297630166
0.7339712043325717
0.7339381279641883
0.7339524652427258
0.7339333926162822
0.7339414799834283
0.7339298765962653
0.7339996895576768
0.7340511523356403
0.7340352671812301
0.7340112184121681
0.734052548888614
0.734091847837636
0.7341012415684032
0.7340394216500026
0.7339785233043179
0.7339726666803317
0.7340085189446693
0.7339900113481832
0.7339902961212132
0.7339844802979645
0.7339166277559429
0.7339951096360634
0.7340087475421837
0.7341257795580274
