0.8065009660138424
0.725985370440062
0.725014101675951
0.7240404143100261
0.7230646137560746
0.722086775118626
0.7211069166300963
0.7201250364923211
0.7191411243775594
0.7181551659467815
0.7171671449283028
0.7161770441942581
0.7151848463730919
0.7141905342260504
0.7131940908938563
0.7121955000669549
0.7111947461078514
0.7101918141416597
0.7091866901243589
0.7081793608946463
0.7071698142131553
0.7061580387915813
0.7051440243134957
0.7041277614481507
0.7031092418582786
0.7020884582026834
0.7010654041342925
0.7000400742942444
0.6990124643025075
0.697982570745493
0.6969503911610662
0.6959159240213366
0.6948791687135709
0.6938401255195539
0.6927987955936845
0.6917551809400806
0.6907092843889389
0.6896611095723708
0.6886106608999194
0.6875579435339356
0.6865029633649777
0.6854457269873734
0.6843862416750689
0.6833245153578749
0.6822605565981946
0.6811943745683173
0.6801259790283336
0.6790553803047283
0.6779825892696836
0.6769076173211306
0.6758304763635559
0.6747511787895888
0.6736697374623641
0.6725861656986589
0.6715004772528036
0.6704126863013455
0.6693228074284556
0.668230855612058
0.6671368462106588
0.6660407949508518
0.6649427179154788
0.6638426315324064
0.6627405525639103
0.6616364980966205
0.6605304855320118
0.6594225325774075
0.6583126572374651
0.6572008778061216
0.6560872128589716
0.6549716812460464
0.6538543020849739
0.6527350947544965
0.6516140788883145
0.6504912743692421
0.6493667013236528
0.6482403801161831
0.6471123313446938
0.6459825758354509
0.6448511346385242
0.6437180290233755
0.6425832804746276
0.6414469106879956
0.6403089415663723
0.6391693952160462
0.638028293943047
0.6368856602496051
0.6357415168307106
0.6345958865707735
0.6334487925403585
0.6323002579930019
0.631150306362094
0.6299989612578218
0.6288462464641631
0.6276921859359346
0.626536803795871
0.6253801243317516
0.6242221719935472
0.6230629713906009
0.6219025472888284
0.620740924607939
0.6195781284186668
0.6184141839400192
0.6172491165365328
0.6160829517155322
0.6149157151243967
0.6137474325478294
0.6125781299051218
0.6114078332474175
0.6102365687549762
0.6090643627344294
0.607891241616028
0.6067172319508878
0.6055423604082206
0.6043666537725616
0.6031901389409813
0.6020128429202931
0.6008347928242437
0.5996560158706952
0.598476539378795
0.5972963907661328
0.5961155975458854
0.5949341873239489
0.5937521877960601
0.5925696267449001
0.5913865320371927
0.590202931620786
0.5890188535217176
0.5878343258412806
0.5866493767530625
0.5854640344999833
0.5842783273913175
0.5830922837997052
0.5819059321581561
0.5807193009570399
0.5795324187410673
0.5783453141062622
0.5771580156969274
0.5759705522025975
0.5747829523549859
0.5735952449249291
0.5724074587193144
0.5712196225780115
0.5700317653707911
0.5688439159942418
0.5676561033686842
0.5664683564350761
0.5652807041519194
0.5640931754921603
0.562905799440093
0.5617186049882548
0.5605316211343254
0.5593448768780271
0.5581584012180205
0.5569722231488072
0.5557863716576292
0.5546008757213754
0.5534157643034867
0.5522310663508716
0.551046810790818
0.5498630265279187
0.548679742440995
0.5474969873800344
0.5463147901631269
0.5451331795734209
0.5439521843560748
0.5427718332152283
0.5415921548109763
0.5404131777563583
0.5392349306143571
0.5380574418949096
0.5368807400519298
0.5357048534803452
0.5345298105131482
0.5333556394184604
0.532182368396612
0.531010025577239
0.5298386390163952
0.5286682366936801
0.5274988465093864
0.5263304962816673
0.5251632137437157
0.5239970265409735
0.5228319622283495
0.5216680482674654
0.5205053120239227
0.5193437807645858
0.5181834816548927
0.5170244417561898
0.5158666880230793
0.514710247300808
0.5135551463226617
0.5124014117074001
0.5112490699567074
0.5100981474526702
0.5089486704552872
0.5078006651000002
0.5066541573952548
0.5055091732200849
0.5043657383217353
0.5032238783132972
0.5020836186713917
0.5009449847338652
0.4998080016975268
0.4986726946159098
0.49753908839706396
0.4964072078013846
0.49527707743946225
0.49414872176997826
0.4930221650976184
0.49189743157102594
0.4907745451807899
0.4896535297574579
0.48853440896959166
0.4874172063218467
0.4863019451530939
0.4851886486345701
0.4840773397680661
0.4829680413841452
0.4818607761403989
0.4807555665197406
0.479652434828726
0.4785514031959196
0.4774524935702831
0.4763557277196163
0.47526112722901825
0.47416871349939294
0.47307850774598725
0.47199053099696864
0.4709048040920345
0.4698213476810612
0.4687401822227891
0.4676613279835413
0.46658480503598243
0.46551063325791076
0.46443883233109096
0.4633694217401204
0.46230242077132744
0.46123784851171956
0.46017572384795447
0.45911606546535266
0.45805889184695336
0.4570042212725913
0.45595207181802755
0.4549024613541012
0.453855407545931
0.4528109278521407
0.4517690395241307
0.4507297596053784
0.4496931049307782
0.4486590921260176
0.44762773760698604
0.4465990575792206
0.44557306803738816
0.4445497847648011
0.4435292233329705
0.44251139910118764
0.44149632721614773
0.44048402261161035
0.43947450000807353
0.4384677739125147
0.43746385861813597
0.43646276820415897
0.4354645165356472
0.43446911726336757
0.43347658382367016
0.4324869294384224
0.43150016711495576
0.4305163096460548
0.42953536960997485
0.42855735937049333
0.4275822910769902
0.42661017666455947
0.4256410278541516
0.42467485615274514
0.4237116728535516
0.42275148903624804
0.4217943155672371
0.4208401630999373
0.4198890420751049
0.41894096272117753
0.4179959350546566
0.41705396888050206
0.4161150737925704
0.41517925917406673
0.41424653419803414
0.4133169078278581
0.41239038881780987
0.41146698571360163
0.41054670685297634
0.40962956036631926
0.4087155541772949
0.4078046960035049
0.4068969933571721
0.40599245354585145
0.40509108367315283
0.4041928906394997
0.40329788114289866
0.4024060616797398
0.4015174385456104
0.40063201783613633
0.3997498054478391
0.39887080707901534
0.39799502823063604
0.397122474207264
0.3962531501179889
0.3953870608773916
0.3945242112065057
0.3936646056338188
0.3928082484962784
0.3919551439403154
0.391105295922892
0.39025870821255715
0.38941538439052137
0.3885753278517473
0.3877385418060594
0.38690502927925563
0.3860747931142471
0.385247835972205
0.3844241603337254
0.3836037684999968
0.38278666259399374
0.3819728445616746
0.38116231617319307
0.3803550790241238
0.37955113453669276
0.3787504839610264
0.3779531283764096
0.37715906869254456
0.376368305650835
0.3755808398256656
0.3747966716257015
0.37401580129518563
0.3732382289152545
0.37246395440525737
0.37169297752408237
0.37092529787148887
0.3701609148894549
0.36939982786351633
0.36864203592413036
0.36788753804803065
0.3671363330595928
0.3663884196322068
0.36564379628965615
0.36490246140749116
0.3641644132144234
0.3634296497937056
0.3626981690845327
0.36196996888343325
0.36124504684566927
0.3605234004866421
0.35980502718329155
0.35908992417550956
0.3583780885675417
0.3576695173294058
0.35696420729829936
0.35626215518001036
0.3555633575503385
0.3548678108565041
0.3541755114185663
0.3534864554308348
0.3528006389632904
0.3521180579629931
0.35143870825549883
0.35076258554627315
0.3500896854221026
0.349420003352504
0.348753534691134
0.3480902746771961
0.3474302184368435
0.34677336098458544
0.3461196972246846
0.3454692219525539
0.34482192985615245
0.3441778155173786
0.3435368734134515
0.34289909791830364
0.3422644833039573
0.3416330237419011
0.341004713304464
0.3403795459661847
0.33975751560517575
0.3391386160044809
0.338522840853433
0.3379101837490007
0.33730063819713896
0.3366941976141219
0.33609085532788396
0.3354906045793421
0.3348934385237238
0.33429935023188206
0.3337083326916096
0.3331203788089412
0.3325354814094531
0.3319536332395572
0.33137482696778975
0.33079905518608743
0.33022631041105777
0.3296565850852561
0.3290898715784335
0.3285261621887975
0.3279654491442541
0.3274077246036441
0.32685298065798074
0.32630120933166307
0.3257524025837051
0.32520655230893114
0.32466365033918787
0.3241236884445272
0.32358665833440303
0.3230525516588395
0.3225213600096053
0.3219930749213752
0.3214676878728815
0.3209451902880609
0.3204255735371949
0.31990882893803185
0.3193949477569157
0.3188839212098923
0.318375740463818
0.3178703966374541
0.31736788080255096
0.3168681839849333
0.3163712971655648
0.3158772112816123
0.3153859172274994
0.31489740585594916
0.3144116679790211
0.3139286943691393
0.31344847576011103
0.3129710028481334
0.31249626629279603
0.31202425671807754
0.31155496471332167
0.31108838083421986
0.3106244956037706
0.31016329951323884
0.3097047830231091
0.3092489365640164
0.30879575053768626
0.3083452153178482
0.30789732125115654
0.307452058658089
0.30700941783384794
0.3065693890492409
0.3061319625515643
0.30569712856546927
0.3052648772938261
0.304835198918571
0.30440808360155336
0.3039835214853701
0.303561502694189
0.303142017334566
0.3027250554962593
0.30231060725302017
0.3018986626633935
0.3014892117714929
0.3010822446077789
0.3006777511898253
0.3002757215230746
0.29987614560158693
0.29947901340878047
0.29908431491816356
0.2986920400940579
0.29830217889231625
0.297914721261026
0.29752965714120905
0.2971469764675123
0.2967666691688904
0.2963887251692805
0.29601313438826615
0.2956398867417366
0.29526897214253667
0.2949003805011109
0.29453410172613126
0.29417012572513224
0.2938084424051187
0.29344904167318686
0.2930919134371175
0.2927370476059804
0.2923844340907128
0.2920340628047051
0.29168592366436774
0.29134000658969983
0.290996301504847
0.2906547983386485
0.2903154870251775
0.28997835750428047
0.2896433997221003
0.2893106036316023
0.2889799591930826
0.28865145637467327
0.2883250851528464
0.2880008355129
0.28767869744944985
0.28735866096689966
0.2870407160799172
0.28672485281389726
0.2864110612054178
0.28609933130269394
0.28578965316601856
0.2854820168681985
0.28517641249499326
0.28487283014552534
0.2845712599327165
0.28427169198368063
0.2839741164401427
0.2836785234588274
0.2833849032118606
0.28309324588714846
0.28280354168876143
0.2825157808373068
0.28222995357029623
0.28194605014251195
0.28166406082635476
0.28138397591220066
0.28110578570874534
0.28082948054333823
0.28055505076231846
0.28028248673134193
0.28001177883570294
0.2797429174806476
0.2794758930916892
0.279210696114906
0.27894731701724995
0.2786857462868334
0.2784259744332207
0.27816799198771225
0.27791178950362283
0.27765735755655474
0.2774046867446668
0.2771537676889331
0.27690459103340836
0.27665714744547687
0.2764114276160997
0.2761674222600612
0.2759251221162077
0.2756845179476769
0.2754456005421341
0.27520836071198806
0.2749727892946213
0.27473887715259515
0.2745066151738692
0.2742759942720022
0.27404700538635807
0.27381963948229693
0.2735938875513785
0.27336974061154284
0.27314718970729723
0.27292622590990145
0.2727068403175368
0.2724890240554835
0.2722727682762903
0.27205806415993405
0.2718449029139832
0.2716332757737553
0.2714231740024674
0.27121458889138694
0.27100751175997606
0.2708019339560316
0.27059784685582633
0.2703952418642386
0.2701941104148896
0.26999444397026096
0.2697962340218246
0.26959947209016477
0.2694041497250875
0.269210258505737
0.26901779004070814
0.26882673596814977
0.2686370879558684
0.268448837701428
0.2682619769322492
0.26807649740569917
0.26789239090918393
0.2677096492602363
0.26752826430660204
0.2673482279263154
0.26716953202778226
0.26699216854985686
0.26681612946190736
0.26664140676389547
0.26646799248643516
0.2662958786908606
0.26612505746928716
0.2659555209446687
0.2657872612708565
0.2656202706326495
0.26545454124584733
0.2652900653572954
0.2651268352449353
0.26496484321784364
0.26480408161627533
0.26464454281170047
0.26448621920684
0.2643291032357008
0.2641731873636045
0.2640184640872172
0.263864925934579
0.263712565465119
0.2635613752696909
0.2634113479705812
0.2632624762215309
0.26311475270775464
0.2629681701459464
0.26282272128429673
0.26267839890250244
0.26253519581176876
0.2623931048548179
0.2622521189058936
0.2621122308707585
0.2619734336866997
0.26183572032251856
0.26169908377853257
0.2615635170865648
0.26142901330993984
0.2612955655434742
0.261163166913459
0.261031810577653
0.2609014897252656
0.26077219757693915
0.2606439273847304
0.2605166724320961
0.26039042603386264
0.2602651815362096
0.26014093231664326
0.2600176717839706
0.25989539337826983
0.2597740905708644
0.2596537568642874
0.2595343857922585
0.25941597091964075
0.2592985058424081
0.2591819841876152
0.2590663996133512
0.2589517458087064
0.25883801649373084
0.25872520541939137
0.25861330636752944
0.25850231315081684
0.25839221961271164
0.2582830196274095
0.25817470709979806
0.25806727596540513
0.2579607201903521
0.25785503377130004
0.2577502107353946
0.25764624514022383
0.2575431310737505
0.2574408626542609
0.2573394340303109
0.2572388393806667
0.25713907291424654
0.2570401288700568
0.2569420015171372
0.2568446851544941
0.2567481741110469
0.2566524627455471
0.2565575454465362
0.25646341663225947
0.2563700707506138
0.2562775022790733
0.25618570572462607
0.25609467562370314
0.25600440654210666
0.25591489307494164
0.2558261298465463
0.25573811151041825
0.2556508327491409
0.2555642882743122
0.25547847282646785
0.2553933811750081
0.2553090081181222
0.25522534848271095
0.2551423971243104
0.25506014892701234
0.25497859880339213
0.25489774169441903
0.25481757256938675
0.25473808642582796
0.2546592782894348
0.25458114321397496
0.2545036762812173
0.25442687260084007
0.2543507273103499
0.2542752355750073
0.2542003925877262
0.2541261935690041
0.2540526337668303
0.2539797084565988
0.25390741294102703
0.2538357425500628
0.2537646926408056
0.2536942585974101
0.253624435831004
0.25355521977959805
0.2534866059079993
0.25341858970771514
0.2533511666968721
0.2532843324201197
0.2532180824485445
0.2531524123795762
0.253087317836898
0.2530227944703519
0.25295883795585505
0.2528954439952985
0.2528326083164587
0.2527703266729068
0.2527085948439117
0.25264740863434876
0.25258676387460766
0.25252665642049177
0.25246708215313685
0.2524080369789018
0.2523495168292843
0.2522915176608219
0.2522340354549991
0.2521770662181485
0.252120605981358
0.2520646508003749
0.2520091967555097
0.25195423995153743
0.2518997765176071
0.2518458026071375
0.2517923143977301
0.25173930809106215
0.2516867799127964
0.2516347261124806
0.25158314296345463
0.2515320267627481
0.2514813738309837
0.2514311805122835
0.2513814431741661
0.25133215820745347
0.251283322026168
0.2512349310674412
0.2511869817914082
0.25113947068111253
0.2510923942424118
0.251045749003874
0.2509995315166802
0.25095373835452905
0.25090836611353573
0.2508634114121314
0.2508188708909739
0.2507747412128335
0.25073101906251294
0.25068770114673156
0.2506447841940411
0.25060226495471427
0.25056014020065753
0.25051840672530623
0.2504770613435232
0.25043610089151047
0.2503955222267007
0.25035532222766343
0.2503154977940055
0.25027604584627283
0.2502369633258513
0.25019824719487127
0.25015989443610553
0.2501219020528733
0.25008426706894094
0.2500469865284235
0.2500100574956904
0.24997347705526263
0.24993724231171888
0.24990135038959316
0.24986579843328205
0.24983058360694332
0.24979570309440335
0.24976115409905153
0.2497269338437521
0.24969303957074163
0.24965946854153198
0.24962621803681595
0.2495932853563695
0.24956066781895458
0.24952836276222123
0.24949636754261417
0.24946467953527485
0.24943329613394594
0.24940221475087443
0.24937143281671714
0.24934094778044413
0.24931075710924333
0.24928085828842528
0.24925124882132765
0.24922192622922135
0.2491928880512141
0.24916413184415875
0.24913565518255432
0.2491074556584535
0.24907953088137302
0.2490518784781922
0.24902449609306343
0.24899738138731875
0.24897053203937736
0.24894394574464718
0.24891762021543806
0.2488915531808683
0.2488657423867663
0.24884018559558585
0.24881488058630874
0.24878982515435577
0.24876501711149412
0.2487404542857451
0.24871613452129326
0.24869205567839836
0.24866821563329877
0.24864461227812684
0.24862124352081416
0.2485981072850033
0.2485752015099605
0.248552524150481
0.2485300731768021
0.24850784657451708
0.24848584234448012
0.24846405850272324
0.24844249308036537
0.24842114412352367
0.24840000969322862
0.24837908786533236
0.24835837673042482
0.2483378743937451
0.24831757897509465
0.2482974886087509
0.24827760144338196
0.24825791564195854
0.2482384293816694
0.24821914085383578
0.2482000482638279
0.24818114983097672
0.24816244378849106
0.24814392838337473
0.24812560187633936
0.24810746254172267
0.24808950866740442
0.2480717385547201
0.2480541505183883
0.24803674288641508
0.2480195140000162
0.2480024622135385
0.2479855858943787
0.24796888342289203
0.24795235319232434
0.24793599360871965
0.24791980309084705
0.24790378007011837
0.24788792299050544
0.24787223030846395
0.24785670049285147
0.2478413320248527
0.2478261233978919
0.24781107311756279
0.2477961797015501
0.24778144167954264
0.24776685759316575
0.24775242599589997
0.24773814545300288
0.24772401454143278
0.24771003184977713
0.24769619597816817
0.24768250553821203
0.2476689591529152
0.2476555554566039
0.24764229309485286
0.2476291707244106
0.2476161870131245
0.2476033406398651
0.24759063029445771
0.24757805467760274
0.24756561250080722
0.24755330248630936
0.24754112336700873
0.2475290738863919
0.24751715279846287
0.24750535886766734
0.24749369086883066
0.24748214758707476
0.24747072781775714
0.2474594303663995
0.2474482540486126
0.2474371976900328
0.24742626012624747
0.24741544020273099
0.24740473677477348
0.24739414870741572
0.2473836748753736
0.24737331416298114
0.24736306546411313
0.2473529276821247
0.24734289972978407
0.24733298052920194
0.24732316901177087
0.24731346411809552
0.2473038647979302
0.24729437001011068
0.24728497872249244
0.24727568991188553
0.24726650256399074
0.24725741567332993
0.24724842824319582
0.24723953928557263
0.24723074782108645
0.2472220528789365
0.24721345349683388
0.2472049487209399
0.2471965376058035
0.24718821921430223
0.24717999261758028
0.247171856894986
0.24716381113401564
0.24715585443024823
0.24714798588729148
0.24714020461671626
0.24713250973800538
0.2471249003784859
0.2471173756732784
0.24710993476523446
0.24710257680487901
0.2470953009503557
0.24708810636736833
0.24708099222912072
0.24707395771626695
0.24706700201684884
0.24706012432624236
0.2470533238471031
0.24704659978931032
0.24703995136990953
0.2470333778130639
0.24702687834999038
0.2470204522189161
0.24701409866501567
0.24700781694036567
0.247001606303884
0.2469954660212822
0.24698939536501108
0.2469833936142085
0.24697746005464605
0.24697159397868174
0.24696579468520363
0.24696006147958205
0.24695439367361482
0.2469487905854857
0.24694325153970265
0.2469377758670558
0.2469323629045651
0.24692701199543177
0.24692172248899136
0.24691649374065838
0.24691132511188696
0.2469062159701152
0.24690116568872156
0.24689617364697636
0.24689123922999345
0.24688636182868695
0.24688154083971836
0.24687677566545563
0.24687206571392595
0.24686741039876647
0.24686280913918468
0.24685826135990852
0.24685376649114377
0.2468493239685281
0.2468449332330872
0.2468405937311896
0.2468363049145087
0.24683206623996823
0.24682787716971044
0.24682373717104478
0.2468196457164119
0.24681560228333366
0.24681160635437693
0.2468076574171122
0.2468037549640666
0.24679989849268702
0.2467960875052957
0.24679232150905717
0.24678860001592573
0.24678492254261342
0.24678128861054927
0.24677769774583724
0.24677414947921872
0.24677064334603316
0.24676717888617616
0.24676375564406505
0.24676037316859778
0.24675703101311486
0.24675372873536539
0.2467504658974624
0.2467472420658524
0.2467440568112722
0.24674090970871576
0.24673780033739978
0.24673472828072007
0.24673169312622145
0.24672869446556245
0.2467257318944739
0.24672280501272736
