0.9997412627615719
0.999733156990865
0.9997260887597705
0.9997183231220952
0.9997098386131011
0.9997005528708782
0.9996904777578672
0.9996795690410354
0.9996678393239289
0.9996551782518722
0.9996416373162849
0.999627178565177
0.9996115187903012
0.9995947540887572
0.9995766187074501
0.9995572364619261
0.9995365026582967
0.9995141587601979
0.9994904635403935
0.9994653642490771
0.9994386951288161
0.999410328909104
0.9993804770521317
0.9993487171340543
0.9993150630771258
0.9992796347079179
0.9992423214137428
0.9992033142356526
0.9991626537965009
0.9991198654865516
0.9990753368664703
0.9990290509222924
0.9989808867951021
0.9989298620966516
0.9988766529560322
0.9988209181036304
0.9987627386993871
0.9987025159323876
0.9986398387657722
0.9985747950827619
0.9985071256661866
0.9984371400114705
0.9983649825141487
0.998290605230287
0.998214424991691
0.9981365728716156
0.9980563485787197
0.997974367230789
0.9978913742865394
0.9978073286610589
0.9977198569870952
0.9976313518123198
0.9975408535178742
0.9974488104528206
0.9973554145074895
0.997260530853751
0.9971640908824184
0.9970669296394522
0.996969414827712
0.9968712298884591
0.9967729869323922
0.9966729474669631
0.9965722887237561
0.9964699134014018
0.996367636306432
0.9962667764262574
0.9961668194293646
0.9960681979094901
0.9959691321375684
0.9958715287356208
0.9957749324951832
0.9956773770196207
0.9955792716598816
0.9954823247813879
0.9953870386006174
0.9952903653515403
0.995191359375311
0.9950960482065404
0.9950034315913092
0.9949113245515186
0.9948202206082615
0.9947313488585483
0.994644472728598
0.9945590152361459
0.9944744173799863
0.994389912917081
0.9943051591872561
0.9942218242265682
0.994140330926852
0.9940602761085702
0.9939822460780138
0.9939084625826364
0.9938360440871862
0.9937669969765631
0.9936983648681826
0.9936283502701213
0.9935566197945431
0.9934854144939347
0.9934177168608742
0.9933541268891858
0.99329536451615
0.9932383823391147
0.9931811347284489
0.9931250276341123
0.9930696201356739
0.9930179925361245
0.99296668337585
0.9929192996531675
0.9928727222163715
0.992830700800446
0.9927897517776858
0.9927538891460722
0.9927161423107008
0.9926802779525552
0.9926462382735418
0.9926097914643444
0.9925770021448601
0.992541061872392
0.9925081086467371
0.9924791929202084
0.9924470395425107
0.992416946739883
0.9923879977263235
0.9923634221121175
0.9923363035783527
0.9923111639001504
0.9922833410658106
0.9922585041027592
0.992234857795084
0.9922153967599232
0.992195151579499
0.9921731453717523
0.9921541446828377
0.9921359926341258
0.992117693282252
0.9920959070531773
0.9920744246118098
0.9920530383384745
0.9920359219297448
0.9920186694118517
0.9920035638354902
0.9919863872565481
0.99196730815581
0.9919479591810153
0.9919304635705002
0.991911882704518
0.9918967894296853
0.9918815012983819
0.9918699298640133
0.9918572367106884
0.9918448857322026
0.9918263186866688
0.991810129937311
0.9917962602070015
0.9917891696848077
0.991784567443125
0.9917833883372843
0.9917787018105132
0.9917764697617114
0.9917698498947178
0.9917616889546703
0.9917545924784493
0.9917449911144268
0.9917374662867805
0.9917306480250174
0.9917220475507259
0.9917182633584273
0.9917190886736003
0.991723229700764
0.9917257039844832
0.9917246979653479
0.9917243557573581
0.9917256931949948
0.991730775139568
0.9917348762982723
0.9917422126533016
0.9917484314471046
0.9917568046149137
0.9917606368061838
0.9917628329875058
0.9917619254358964
0.9917638166662723
0.9917629517025905
0.991764130089454
0.9917704963640748
0.9917764994185778
0.9917811920894579
0.991786612223776
0.9917907894997717
0.9917909672394859
0.9917957461017751
0.9918004194408871
0.9918034174120655
0.991808052958192
0.9918170877452283
0.9918260281438857
0.991827787616136
0.9918348340238329
0.991837105041609
0.9918402958863357
