0.6853879424522983
0.2254194043045704
0.21696823468384965
0.20937278546832286
0.20229385363573263
0.19561665523173263
0.18929568434434918
0.1833087072970733
0.17764261407213713
0.17228815968437014
0.16723770761896053
0.1624841600518785
0.15802041855017004
0.15383910611501309
0.14993242843348478
0.14629211406711076
0.1429094016457083
0.1397750560979153
0.13687940328941037
0.13421237653336762
0.1317635708463303
0.12952230230399056
0.12747767078781738
0.1256186250052125
0.12393402902237409
0.12241272973473805
0.1210436247578492
0.11981573018570564
0.11871824756463989
0.11774062929802198
0.11687264155847123
0.11610442366509681
0.11542654280443344
0.11483004295034394
0.1143064868789088
0.11384799028140158
0.1134472471482632
0.11309754582111613
0.11279277537639443
0.11252742229878517
0.11229655770979381
0.11209581572036671
0.11192136376101251
0.11176986599385354
0.11163844111598976
0.11152461601264685
0.11142627680528584
0.11134161886142746
0.11126909729053032
0.11120737934873244
0.111155300022537
0.11111182186783096
0.11107599995735155
0.11104695254851965
0.11102383783545967
0.11100583690382937
0.11099214277316831
0.11098195519572014
0.11097448068870207
0.11096893711340776
0.11096456198312789
0.11096062358586078
0.11095643394961834
0.11095136265945543
0.1109448505566673
0.11093642241100103
0.11092569775366018
0.11091239918803662
0.11089635765042209
0.11087751426695285
0.11085591863708906
0.1108317235588817
0.11080517638798111
0.11077660738226704
0.11074641551976516
0.11071505238339502
0.11068300477818611
0.11065077678310181
0.11061887194071902
0.11058777625586003
0.11055794261257335
0.11052977713263408
0.11050362789384972
0.11047977630923543
0.11045843134494841
0.11043972663183214
0.11042372040800295
0.11041039812284671
0.1103996774398499
0.11039141529967782
0.11038541664764207
0.11038144439204474
0.11037923014185674
0.11037848527302142
0.1103789118909752
0.1103802132907638
0.11038210356305467
0.11038431605167197
0.11038661043312455
0.11038877825794909
0.11039064686457302
0.11039208164592679
0.11039298671458007
0.11039330407136133
0.11039301143331263
0.11039211891788862
0.11039066481050548
0.1103887106613511
0.11038633596475028
0.11038363267079972
0.11038069976532662
0.11037763813176597
0.11037454587884347
0.11037151428279635
0.11036862445415452
0.1103659447987857
0.11036352930286093
0.11036141663335369
0.11035963001118482
0.11035817778442443
0.11035705460501401
0.11035624309490133
0.11035571587657185
0.11035543783866437
0.11035536850932313
0.11035546441755867
0.11035568133531308
0.110355976309173
0.1103563094096333
0.11035664514635822
0.11035695351888498
0.11035721069262477
0.11035739930890708
0.11035750845441228
0.11035753332904936
0.11035747466176948
0.1103573379307639
0.11035713244797098
0.11035687036798626
0.11035656567864893
0.11035623322521211
0.11035588781261756
0.11035554342156823
0.11035521256441243
0.11035490579690364
0.11035463139221334
0.11035439517460656
0.1103542005023382
0.11035404838285924
0.11035393769853628
0.11035386551785936
0.11035382746553302
0.11035381812483064
0.11035383144695604
0.11035386114470519
0.11035390105117543
0.11035394542835601
0.11035398921488432
0.11035402820675992
0.11035405916916548
0.11035407988150042
0.11035408912114318
0.11035408659418018
0.1103540728233105
0.11035404900432451
0.1103540168429779
0.11035397838380555
0.11035393584152692
0.11035389144430735
0.11035384729638335
0.11035380526557816
0.11035376689916217
0.11035373336947268
0.11035370544882145
0.11035368351157004
0.11035366755991809
0.11035365726895933
0.11035365204595521
0.11035365109852553
0.11035365350655398
0.11035365829299998
0.11035366448944418
0.11035367119301033
0.11035367761222332
0.11035368310033383
0.11035368717557657
0.11035368952869912
0.11035369001884088
0.11035368865943951
0.11035368559625802
0.11035368107987363
0.11035367543503516
0.1103536690292079
0.11035366224240056
0.11035365544003833
0.11035364895024247
0.1103536430464342
0.11035363793573287
0.11035363375318398
0.1103536305614818
