0.795865111592518
0.7570758189096358
0.7536743673629974
0.7502296797980079
0.7467464563812167
0.7432278123844759
0.7396755263145914
0.736090645446309
0.7324738110235554
0.728825429319836
0.7251457664574275
0.7214350041201805
0.717693274098602
0.7139206807628509
0.7101173163172221
0.7062832715506578
0.702418643666183
0.6985235421469236
0.6945980932573077
0.6906424435646994
0.6866567627360838
0.682641245782254
0.6785961148690398
0.6745216207803084
0.6704180440941279
0.6662856961175454
0.662124919614379
0.6579360893526272
0.6537196124925166
0.6494759288321601
0.6452055109247814
0.640908864079218
0.6365865262536894
0.632239067851476
0.6278670914260744
0.6234712313025472
0.6190521531210826
0.6146105533081603
0.6101471584802525
0.6056627247845503
0.601158037180817
0.5966339086681949
0.5920911794604655
0.587530716113069
0.5829534106049452
0.5783601793781101
0.5737519623377052
0.5691297218151534
0.5644944414969328
0.5598471253213959
0.5551887963460069
0.5505204955873104
0.5458432808358871
0.5411582254485772
0.5364664171201758
0.5317689566368491
0.5270669566134949
0.5223615402172836
0.5176538398796318
0.5129449959988701
0.5082361556358814
0.503528471205005
0.4988230991625181
0.4941211986949997
0.48942393040992294
0.48473245503079687
0.4800479320991933
0.4753715186859798
0.47070436811409
0.46604762869510263
0.46140244248191864
0.45676994403976623
0.45215125923773525
0.44754750406298294
0.4429597834597121
0.4383891901949619
0.4338368037531478
0.42930368926126816
0.4247908964465542
0.4202994586282872
0.41583039174539527
0.41138469342134065
0.4069633420677107
0.4025672960278014
0.39819749276137395
0.39385484807164717
0.3895402553754651
0.3852545850174469
0.3809986836288254
0.3767733735315063
0.3725794521878173
0.3684176916962265
0.36428883833323134
0.3601936121414562
0.3561327065639075
0.3521067881241925
0.34811649615239215
0.34416244255618533
0.34024521163666466
0.336365359948247
0.3325234162019145
0.3287198812109584
0.3249552278783149
0.32122990122446904
0.3175443184548453
0.3138988690655262
0.3102939149860643
0.30672979075809603
0.3032068037484268
0.2997252343951722
0.2962853364855432
0.29288733746378204
0.28953143876777165
0.2862178161927721
0.28294662028075956
0.27971797673380827
0.27653198684995106
0.2733887279799757
0.2702882540035777
0.26723059582334674
0.2642157618750419
0.2612437386526536
0.25831449124674455
0.2554279638946295
0.2525840805409493
0.24978274540723167
0.24702384356909868
0.244307241539773
0.2416327878586263
0.23900031368349428
0.23640963338561516
0.23386054514599997
0.23135283155216513
0.2288862601941708
0.22646058425896032
0.22407554312206235
0.2217308629357504
0.21942625721282605
0.21716142740520894
0.21493606347660899
0.2127498444685728
0.21060243905926124
0.20849350611436346
0.206422695229584
0.2043896472642195
0.20239399486534504
0.20043536298220188
0.1985133693704242
0.19662762508574916
0.19477773496694561
0.19296329810768575
0.19118390831714527
0.1894391545691687
0.18772862143981495
0.18605188953319585
0.18440853589550932
0.18279813441719728
0.18122025622321258
0.17967447005137238
0.1781603426188213
0.17667743897664134
0.17522532285266068
0.17380355698255157
0.17241170342929701
0.17104932389114458
0.1697159799981739
0.16841123359761967
0.1671346470280911
0.16588578338286875
0.1646642067624282
0.1634694825163957
0.16230117747511796
0.16115886017102943
0.1600421010500429
0.15895047267315743
0.15788354990848985
0.15684091011397205
0.15582213331089534
0.15482680234856472
0.15385450306024362
0.1529048244106449
0.1519773586351767
0.15107170137117032
0.150187451781309
0.14932421266949447
0.14848159058934096
0.1476591959455652
0.1468566430884305
0.1460735504015065
0.14530954038294253
0.14456423972044707
0.14383727936020552
0.14312829456992138
0.14243692499619254
0.14176281471640928
0.1411056122853691
0.14046497077681164
0.1398405478200262
0.13923200563175098
0.1386390110435265
0.13806123552465444
0.13749835520097997
0.13695005086961043
0.1364160080097817
0.1358959167899857
0.13538947207154617
0.1348963734087789
0.13441632504587908
0.13394903591069562
0.133494219605498
0.13305159439491776
0.13262088319115029
0.13220181353657046
0.13179411758388382
0.1313975320739207
0.1310117983112068
0.13063666213741498
0.13027187390280348
0.1299171884357656
0.12957236501056657
0.12923716731339507
0.12891136340681963
0.12859472569272068
0.12828703087383442
0.1279880599139508
0.12769759799688796
0.1274154344842957
0.12714136287239197
0.1268751807477031
0.12661668974186602
0.12636569548559062
0.1261220075618419
0.12588543945829045
0.1256558085191325
0.1254329358963151
0.12521664650022712
0.12500676894993734
0.12480313552300182
0.12460558210493333
0.12441394813834616
0.12422807657185286
0.12404781380875518
0.12387300965556658
0.12370351727041451
0.12353919311138106
0.12337989688479223
0.12322549149351902
0.12307584298532348
0.12293082050126758
0.12279029622425863
0.12265414532770869
0.12252224592439187
0.12239447901549516
0.12227072843990527
0.12215088082375758
0.12203482553026035
0.12192245460984352
0.12181366275062822
0.12170834722925494
0.12160640786208254
0.12150774695678768
0.12141226926437099
0.12131988193159327
0.12123049445386291
0.12114401862857072
0.12106036850891211
0.12097946035819429
0.12090121260463615
0.12082554579668248
0.12075238255884646
0.1206816475480732
0.12061326741064493
0.12054717073964027
0.12048328803293484
0.12042155165178026
0.12036189577993317
0.12030425638336473
0.12024857117054388
0.12019477955330338
0.12014282260828091
0.12009264303895328
0.12004418513825499
0.11999739475178128
0.11995221924159105
0.1199086074505864
0.11986650966749346
0.11982587759242191
0.11978666430302709
0.11974882422124178
0.1197123130806057
0.11967708789417386
0.11964310692300062
0.11961032964521057
0.11957871672563813
0.11954822998603465
0.11951883237584904
0.11949048794356587
0.11946316180860972
0.11943682013378887
0.11941143009830546
0.11938695987129755
0.11936337858592527
0.11934065631398516
0.11931876404106234
0.11929767364219312
0.11927735785804894
0.11925779027163153
0.11923894528547496
0.11922079809932973
0.1192033246883607
0.119186501781809
0.11917030684214869
0.11915471804469757
0.11913971425771164
0.11912527502291681
0.11911138053651638
0.11909801163061096
0.11908514975508855
0.1190727769599178
0.11906087587788416
0.11904942970772547
0.11903842219769423
0.11902783762950275
0.11901766080267928
0.11900787701930637
0.11899847206914005
0.11898943221510205
0.1189807441791414
0.11897239512845459
0.11896437266206694
0.11895666479774725
0.11894925995927397
0.1189421469640285
0.11893531501092058
0.11892875366862443
0.11892245286413639
0.1189164028716424
0.11891059430167272
0.11890501809056175
0.11889966549019737
0.11889452805804102
0.11888959764743134
0.11888486639815687
0.11888032672728999
0.11887597132027716
0.11887179312228724
0.11886778532979125
0.1188639413824043
0.11886025495494046
0.11885671994970803
0.11885333048902724
0.11885008090796367
0.11884696574727516
0.11884397974656957
0.11884111783766116
0.1188383751381249
0.11883574694504395
0.1188332287289513
0.1188308161279431
0.11882850494197472
0.11882629112733756
0.11882417079129659
0.11882214018689818
0.11882019570792968
0.11881833388404806
0.11881655137605496
0.11881484497131023
0.1188132115793129
0.11881164822739476
0.11881015205657264
0.11880872031751666
0.11880735036666101
0.1188060396624353
0.11880478576160902
0.11880358631576915
0.11880243906789956
0.11880134184908575
0.11880029257531233
0.11879928924438188
0.11879832993292228
0.11879741279350509
0.11879653605184826
0.11879569800413226
0.11879489701437418
0.1187941315119293
0.1187933999890477
0.11879270099852768
0.11879203315144748
0.11879139511497439
0.11879078561024636
0.11879020341033508
0.11878964733827091
0.11878911626513877
0.11878860910825095
0.1187881248293654
0.11878766243298255
0.11878722096470007
0.11878679950961513
0.11878639719079986
0.1187860131678189
0.11878564663530478
0.11878529682158767
0.11878496298736818
0.11878464442444503
0.11878434045448161
0.11878405042782969
0.1187837737223778
0.11878350974246776
0.1187832579178213
0.11878301770253141
0.11878278857408053
0.11878257003239179
0.11878236159892896
0.11878216281581155
0.1187819732449853
0.11878179246740261
0.1187816200822498
0.11878145570619614
0.11878129897267298
0.11878114953118546
0.11878100704664263
0.11878087119871505
0.11878074168122765
0.11878061820156127
0.11878050048008715
0.11878038824961956
0.11878028125489548
0.11878017925206485
0.11878008200821155
0.11877998930088651
0.11877990091766122
0.11877981665570092
0.11877973632135197
0.1187796597297508
0.11877958670443822
0.11877951707700218
0.11877945068672835
0.11877938738026328
0.11877932701129412
0.11877926944024286
0.11877921453396978
0.11877916216549256
0.11877911221371018
0.1187790645631499
0.1187790191037138
0.1187789757304385
0.11877893434327336
0.11877889484685344
0.11877885715029368
0.11877882116698968
0.11877878681442156
0.11877875401396898
0.11877872269074052
0.11877869277339714
0.11877866419399752
0.11877863688783663
0.11877861079330643
0.11877858585174417
0.1187785620073013
0.11877853920681714
0.11877851739969192
0.11877849653776629
0.11877847657520946
0.1187784574684132
0.11877843917588704
0.11877842165815589
0.11877840487767022
0.11877838879871427
0.11877837338731523
0.11877835861116937
0.11877834443955537
0.1187783308432625
0.11877831779451942
0.11877830526692656
0.11877829323538214
0.11877828167603299
0.11877827056620571
0.1187782598843512
0.11877824960999206
0.11877823972367019
0.1187782302068977
0.11877822104210811
0.11877821221261298
0.1187782037025612
0.11877819549689006
0.11877818758129732
0.1187781799421952
0.118778172566682
0.1187781654424992
0.11877815855801133
0.11877815190216523
0.11877814546446386
0.1187781392349444
0.11877813320414032
0.11877812736306848
0.11877812170319435
0.11877811621642032
0.11877811089505252
0.11877810573178771
0.11877810071969275
0.11877809585218169
0.11877809112300597
0.1187780865262279
0.11877808205621199
0.11877807770760429
0.11877807347532443
0.11877806935454494
0.11877806534068203
0.1187780614293823
0.11877805761650961
0.118778053898137
0.11877805027053367
0.11877804673015246
0.11877804327362596
0.11877803989775215
0.11877803659948827
0.11877803337594328
0.11877803022436717
0.1187780271421458
0.11877802412679372
0.11877802117594671
0.11877801828735224
0.1187780154588739
0.11877801268847155
0.11877800997420662
0.11877800731423382
0.11877800470679267
0.11877800215020695
0.11877799964288194
0.11877799718329507
0.11877799476999507
0.11877799240159748
0.11877799007678058
0.11877798779428572
0.1187779855529083
0.11877798335149681
0.11877798118895544
0.11877797906423238
0.11877797697632364
0.11877797492426723
0.11877797290714398
0.11877797092407316
0.11877796897421211
0.1187779670567487
0.11877796517090966
0.11877796331594981
0.1187779614911545
0.1187779596958376
0.11877795792933943
0.1187779561910256
0.11877795448028616
0.11877795279653369
0.1187779511392022
0.11877794950774645
0.11877794790164253
0.11877794632037986
0.11877794476347114
0.11877794323044244
0.11877794172083744
0.1187779402342134
0.11877793877014142
0.11877793732820896
0.11877793590801466
0.11877793450916796
0.11877793313129281
0.11877793177402218
0.11877793043700124
0.11877792911988372
0.11877792782233287
0.11877792654402464
0.11877792528463749
0.11877792404386545
0.11877792282140265
0.118777921616957
0.11877792043024271
0.11877791926097947
0.11877791810889304
0.11877791697371609
0.11877791585519004
0.11877791475305821
0.11877791366707224
0.11877791259698689
0.11877791154256478
0.11877791050357167
0.11877790947977884
0.11877790847096159
0.11877790747689876
0.11877790649737674
0.11877790553218226
0.11877790458110749
0.11877790364395091
0.11877790272050837
0.11877790181058645
0.11877790091399199
0.1187779000305339
0.11877789916002468
0.11877789830228302
0.11877789745712697
0.11877789662438032
0.11877789580386633
0.11877789499541647
0.11877789419885809
0.118777893414026
0.11877789264075744
0.11877789187889043
0.11877789112826498
0.11877789038872566
0.11877788966011771
0.11877788894228836
0.11877788823508839
0.1187778875383706
0.11877788685198942
0.11877788617580132
0.1187778855096634
0.11877788485343821
0.11877788420698632
0.11877788357017438
0.11877788294286573
0.11877788232493136
0.11877788171623915
0.11877788111666243
0.11877788052607274
0.11877787994434563
0.11877787937135909
0.11877787880699031
0.11877787825111985
0.11877787770362891
0.11877787716440091
0.11877787663332107
0.1187778761102739
0.11877787559514952
0.11877787508783666
0.1187778745882232
0.11877787409620522
0.11877787361167325
0.11877787313452381
0.11877787266465278
0.11877787220195801
0.11877787174633736
0.11877787129769246
0.11877787085592395
0.11877787042093424
0.11877786999262929
0.11877786957091419
0.11877786915569277
0.11877786874687646
0.11877786834437176
0.11877786794809031
0.11877786755794195
0.11877786717384053
0.1187778667956998
0.1187778664234328
0.11877786605695695
0.11877786569618998
0.11877786534104695
0.11877786499145049
0.11877786464731799
0.11877786430857329
0.11877786397513601
0.11877786364693055
0.11877786332388196
0.11877786300591409
0.11877786269295465
0.11877786238492993
0.11877786208176866
0.11877786178339977
0.11877786148975333
0.11877786120076017
0.11877786091635212
0.11877786063646267
0.11877786036102511
0.11877786008997393
0.11877785982324485
0.11877785956077458
0.11877785930249851
0.11877785904835703
0.11877785879828873
0.11877785855223111
0.11877785831012722
0.11877785807191632
0.11877785783754147
0.11877785760694515
0.1187778573800724
0.11877785715686606
0.11877785693727094
0.11877785672123486
0.11877785650870243
0.11877785629962245
0.11877785609394209
0.1187778558916115
0.1187778556925777
0.11877785549679365
0.11877785530420748
0.1187778551147739
0.11877785492844284
0.11877785474516678
0.11877785456490109
0.11877785438759991
0.1187778542132164
0.11877785404170671
0.1187778538730263
0.11877785370713312
0.11877785354398351
0.11877785338353652
0.1187778532257493
0.11877785307058086
0.11877785291799192
0.11877785276794162
0.11877785262039053
0.11877785247530193
0.11877785233263571
0.11877785219235448
0.11877785205442148
0.11877785191879997
0.11877785178545475
0.11877785165434973
0.11877785152544984
0.11877785139871999
0.11877785127412699
0.11877785115163697
0.11877785103121619
0.11877785091283422
0.11877785079645686
0.11877785068205304
0.11877785056959234
0.11877785045904254
0.1187778503503748
0.11877785024355803
0.11877785013856379
0.11877785003536434
0.11877784993392693
0.11877784983422746
0.11877784973623673
0.11877784963992744
0.11877784954527215
0.11877784945224601
0.11877784936082059
0.11877784927097179
0.11877784918267331
0.11877784909590172
0.11877784901063004
0.11877784892683663
0.11877784884449527
0.11877784876358344
0.11877784868407815
0.11877784860595542
0.1187778485291936
0.11877784845377137
0.11877784837966532
0.118777848306855
0.1187778482353189
0.11877784816503656
0.11877784809598635
0.11877784802814917
0.11877784796150437
0.1187778478960323
0.11877784783171474
0.11877784776853062
0.11877784770646416
0.1187778476454936
0.11877784758560284
0.118777847526773
0.11877784746898745
0.11877784741222774
0.11877784735647812
0.11877784730172036
0.1187778472479385
0.11877784719511653
0.1187778471432378
0.11877784709228678
0.11877784704224803
0.1187778469931059
0.11877784694484583
0.11877784689745274
0.11877784685091208
0.1187778468052092
0.11877784676032876
0.11877784671626024
0.11877784667298608
0.11877784663049529
0.11877784658877388
0.11877784654780799
0.11877784650758672
0.11877784646809486
0.11877784642932088
0.11877784639125366
0.11877784635388056
0.11877784631718846
0.11877784628116661
0.11877784624580412
0.11877784621108878
0.1187778461770087
0.11877784614355591
0.11877784611071551
0.11877784607847941
0.11877784604683717
0.11877784601577757
0.11877784598529084
0.11877784595536844
0.11877784592599816
0.11877784589717189
0.11877784586887907
0.11877784584111184
0.1187778458138603
0.11877784578711503
0.11877784576086714
0.11877784573510841
0.11877784570983085
0.11877784568502436
0.1187778456606815
0.11877784563679439
0.11877784561335514
0.11877784559035465
0.11877784556778648
0.11877784554564241
0.1187778455239149
0.11877784550259662
0.11877784548167947
0.11877784546115855
0.11877784544102477
0.11877784542127123
0.11877784540189262
0.11877784538288028
0.11877784536422942
0.11877784534593294
0.11877784532798386
0.11877784531037683
0.11877784529310509
0.11877784527616264
0.11877784525954505
0.11877784524324397
0.11877784522725532
0.11877784521157231
0.11877784519619039
0.11877784518110435
0.11877784516630785
0.1187778451517959
0.11877784513756318
0.11877784512360645
0.11877784510991718
0.1187778450964937
0.11877784508332934
0.11877784507042055
0.11877784505776023
0.1187778450453475
0.11877784503317546
0.11877784502123978
0.1187778450095357
0.11877784499806132
