1.0575716607317094
0.8725722973077058
0.8619071421240766
0.8512262637447047
0.840537169277274
0.8298449464265838
0.8191536859264245
0.8084670302976784
0.797788408334811
0.7871211464327631
0.77646852561917
0.7658338121225836
0.7552202739169424
0.7446311892882762
0.7340698505755823
0.7235395648315661
0.7130436524239308
0.7025854442048795
0.6921682776541083
0.6817954922699293
0.6714704244037248
0.6611964016831497
0.6509767371372096
0.6408147231147793
0.6307136250731423
0.6206766753023104
0.6107070666427221
0.6008079462474473
0.5909824094346817
0.5812334936716733
0.5715641727271018
0.5619773510250966
0.552475858230524
0.5430624440917533
0.5337397735638648
0.5245104222321074
0.5153768720524006
0.506341507422747
0.49740661159663585
0.48857436344682714
0.4798468345853428
0.47122598684308076
0.46271367011015485
0.45431162053591345
0.4460214590855787
0.43784469044857416
0.42978270229189036
0.4218367648502532
0.41400803084344623
0.4062975357098451
0.3987061981440816
0.3912348209257838
0.3838840920254476
0.376654585972811
0.36954676547248555
0.36256098325115665
0.35569748412031027
0.3489564072382246
0.3423377885548427
0.3358415634231347
0.32946756936063
0.323215548944981
0.3170851528276631
0.31107594285025136
0.3051873952481025
0.2994189039267334
0.2937697837966942
0.28823927415328615
0.28282654208807934
0.2775306859198077
0.27235073863287157
0.2672856713123645
0.2623343965652174
0.2574957719177672
0.25276860318074373
0.24815164777338738
0.2436436179990905
0.23924318426565497
0.2349489782439226
0.23075959595919535
0.226673600810499
0.2226895265133584
0.2188058799623401
0.21502114401018826
0.21133378016091045
0.2077422311746828
0.20424492358291757
0.2008402701122928
0.19752667201695354
0.19430252131848805
0.19116620295364015
0.18811609683004601
0.18515057979058636
0.18226802748721327
0.17946681616536073
0.1767453243602607
0.17410193450668512
0.171535034463801
0.16904301895697174
0.1666242909384682
0.16427726286915176
0.1620003579232843
0.15979201111868682
0.15765067037452193
0.1555747974990147
0.15356286910945138
0.15161337748680906
0.14972483136736955
0.14789575667366536
0.14612469718708584
0.14441021516445005
0.14275089190081855
0.14114532824078108
0.13959214504041384
0.13808998358205257
0.1366375059439792
0.13523339532706538
0.13387635634036088
0.13256511524755818
0.13129842017620683
0.13007504129149053
0.12889377093632257
0.12775342373945378
0.12665283669323077
0.12559086920258083
0.12456640310674537
0.12357834267522405
0.12262561457933989
0.12170716784077835
0.12082197375840327
0.11996902581459963
0.1191473395623452
0.11835595249416427
0.1175939238940703
0.11686033467356065
0.11615428719268238
0.11547490506714791
0.11482133296243884
0.11419273637579785
0.11358830140697303
0.11300723451854207
0.1124487622866115
0.11191213114265282
0.11139660710720593
0.11090147551615163
0.11042604074022451
0.1099696258984112
0.10953157256585162
0.10911124047683578
0.10870800722346365
0.10832126795051196
0.10795043504702949
0.10759493783515883
0.1072542222566632
0.10692775055761454
0.10661500097168013
0.10631546740242498
0.1060286591050293
0.10575410036780107
0.10549133019384675
0.10523990198324591
0.10499938321605862
0.1047693551364785
0.10454941243842791
0.10433916295287753
0.10413822733715579
0.10394623876650139
0.10376284262809506
0.10358769621779611
0.1034204684397924
0.1032608395093626
0.10310850065893379
0.1029631538476072
0.10282451147431199
0.1026922960947344
0.10256624014216033
0.10244608565235526
0.10233158399259751
0.10222249559496914
0.10211858969399738
0.10201964406873291
0.10192544478933813
0.10183578596825223
0.10175046951598944
0.101669304901619
0.10159210891796679
0.10151870545157109
0.10144892525741663
0.10138260573846503
0.1013195907299911
0.10125973028872963
0.10120288048682913
0.10114890321060477
0.10109766596407482
0.10104904167726232
0.10100290851923482
0.10095914971585392
0.10091765337219892
0.10087831229962597
0.10084102384741932
0.100805689738988
0.10077221591255736
0.10074051236630159
0.10071049300786043
0.10068207550818002
0.10065518115961618
0.10062973473823494
0.10060566437024336
0.10058290140248242
0.10056138027691065
0.10054103840900713
0.10052181607001959
0.10050365627298391
0.10048650466243841
0.10047030940775693
0.10045502110002386
0.10044059265237233
0.10042697920370895
0.10041413802574538
0.10040202843325936
0.10039061169750646
0.10037985096270387
0.1003697111655092
0.10036015895741558
0.10035116262998671
0.10034269204285472
0.1003347185544053
0.10032721495507434
0.10032015540318179
0.10031351536322952
0.10030727154658982
0.10030140185451335
0.1002958853233858
0.10029070207216328
0.10028583325191893
0.10028126099743234
0.10027696838075678
0.10027293936669872
0.10026915877014664
0.10026561221518643
0.10026228609594283
0.10025916753908708
0.10025624436795279
0.10025350506820278
0.10025093875499154
0.10024853514156952
0.10024628450927546
0.10024417767886651
0.10024220598313484
0.10024036124076356
0.10023863573137254
0.10023702217170999
0.10023551369294398
0.10023410381901092
0.10023278644597848
0.10023155582238297
0.10023040653050035
0.10022933346851398
0.1002283318335408
0.10022739710548094
0.10022652503165565
0.10022571161219988
0.10022495308617775
0.10022424591838898
0.10022358678683659
0.10022297257082635
0.10022240033967049
0.10022186734196825
0.10022137099543711
0.10022090887727021
0.10022047871499538
0.10022007837781277
0.10021970586838884
0.10021935931508519
0.10021903696460192
0.10021873717501528
0.10021845840919147
0.10021819922855756
0.1002179582872127
0.10021773432636284
0.10021752616906295
0.10021733271525113
0.1002171529370607
0.10021698587439537
0.10021683063075489
0.10021668636929816
0.10021655230913089
0.1002164277218074
0.10021631192803448
0.1002162042945667
0.10021610423128359
0.10021601118843886
0.10021592465407166
0.1002158441515724
0.10021576923739384
0.10021569949889975
0.10021563455234363
0.10021557404097041
0.10021551763323398
0.10021546502112429
0.10021541591859771
0.10021537006010517
0.10021532719921163
0.10021528710730292
0.10021524957237336
0.10021521439789112
0.10021518140173545
0.10021515041520203
0.10021512128207265
0.10021509385774512
0.10021506800841973
0.10021504361033928
0.10021502054907859
0.10021499871888162
0.10021497802204231
0.100214958368327
0.10021493967443544
0.10021492186349855
0.10021490486461017
0.10021488861239042
0.10021487304657965
0.10021485811165985
0.10021484375650269
0.10021482993404189
0.10021481660096855
0.10021480371744806
0.1002147912468569
0.10021477915553823
0.10021476741257511
0.1002147559895797
0.10021474486049796
0.10021473400142843
0.10021472339045438
0.10021471300748809
0.10021470283412653
0.10021469285351824
0.10021468305023952
0.10021467341018042
0.10021466392043886
0.10021465456922306
0.10021464534576151
0.1002146362402193
0.10021462724362157
0.10021461834778234
0.10021460954523909
0.10021460082919255
0.10021459219345087
0.10021458363237874
0.10021457514085003
0.10021456671420438
0.10021455834820757
0.10021455003901451
0.1002145417831359
0.10021453357740683
0.10021452541895881
0.10021451730519347
0.10021450923375862
0.10021450120252647
0.10021449320957337
0.10021448525316161
0.1002144773317225
0.10021446944384083
0.10021446158824104
0.10021445376377425
0.10021444596940639
0.10021443820420767
0.10021443046734263
0.10021442275806132
0.10021441507569111
0.10021440741962924
0.10021439978933626
0.10021439218432963
0.1002143846041783
0.10021437704849762
0.10021436951694485
0.10021436200921456
0.10021435452503542
0.10021434706416633
0.10021433962639352
0.1002143322115276
0.10021432481940108
0.10021431744986613
0.10021431010279241
0.10021430277806513
0.10021429547558347
0.10021428819525906
0.10021428093701452
0.10021427370078224
0.10021426648650329
0.1002142592941264
0.10021425212360707
0.10021424497490673
0.10021423784799215
0.10021423074283453
0.10021422365940919
0.10021421659769492
0.10021420955767345
0.10021420253932928
0.10021419554264895
0.10021418856762111
0.10021418161423586
0.1002141746824848
0.10021416777236057
0.10021416088385675
0.10021415401696775
0.10021414717168846
0.10021414034801428
0.10021413354594093
0.1002141267654643
0.10021412000658046
0.10021411326928548
0.10021410655357534
0.10021409985944606
0.10021409318689335
0.10021408653591285
0.10021407990649982
0.10021407329864933
0.10021406671235607
0.10021406014761441
0.10021405360441844
0.10021404708276171
0.1002140405826375
0.10021403410403856
0.10021402764695737
0.10021402121138584
0.10021401479731547
0.10021400840473738
0.10021400203364215
0.10021399568401994
0.10021398935586047
0.10021398304915302
0.10021397676388637
0.10021397050004881
0.10021396425762828
0.10021395803661215
0.10021395183698743
0.10021394565874057
0.1002139395018577
0.10021393336632435
0.10021392725212575
0.1002139211592466
0.10021391508767119
0.10021390903738332
0.10021390300836647
0.10021389700060351
0.10021389101407709
0.10021388504876927
0.10021387910466177
0.10021387318173584
0.10021386727997239
0.1002138613993518
0.10021385553985422
0.10021384970145918
0.10021384388414595
0.10021383808789341
0.10021383231267993
0.1002138265584836
0.10021382082528209
0.1002138151130526
0.10021380942177209
0.10021380375141707
0.10021379810196361
0.10021379247338753
0.10021378686566419
0.10021378127876869
0.10021377571267563
0.10021377016735927
0.10021376464279362
0.10021375913895225
0.10021375365580848
0.10021374819333505
0.10021374275150467
0.10021373733028945
0.10021373192966132
0.1002137265495918
0.1002137211900521
0.10021371585101309
0.10021371053244536
0.10021370523431915
0.10021369995660424
0.10021369469927045
0.10021368946228691
0.10021368424562266
0.10021367904924633
0.10021367387312634
0.1002136687172307
0.10021366358152724
0.10021365846598342
0.10021365337056638
0.10021364829524305
0.10021364323998005
0.10021363820474372
0.10021363318950006
0.10021362819421488
0.10021362321885369
0.10021361826338165
0.1002136133277638
0.10021360841196479
0.10021360351594906
0.10021359863968084
