0.999984128169622
0.999983687208193
0.9999832353411905
0.9999827611751062
0.9999823537821397
0.9999818517182931
0.9999813189236559
0.9999807553183799
0.9999801594089031
0.9999795290182907
0.9999788618524114
0.9999781549626309
0.9999774051236201
0.9999766084262983
0.9999757622184446
0.9999748617036195
0.999973901022102
0.9999728755492303
0.9999717781429304
0.9999706029258211
0.9999693433384435
0.9999679920074255
0.9999665418042339
0.9999649829047309
0.9999633053493431
0.9999614993330108
0.9999595526485087
0.9999574567159969
0.9999551975300186
0.9999527658843179
0.9999501467167522
0.9999473263106239
0.9999442883438708
0.9999410192692603
0.9999375072899818
0.9999337355881598
0.9999296945037973
0.9999253700757552
0.9999207513606372
0.9999158233368364
0.9999105724817815
0.9999049880266108
0.999899057331064
0.9998927690378787
0.9998861151114111
0.9998791041549485
0.9998717094377189
0.9998639254400514
0.9998557448660913
0.999847179614897
0.9998382258048671
0.9998288803297932
0.999819136067134
0.9998090248546739
0.9997985395963357
0.9997876906934344
0.9997765067123924
0.9997650097145979
0.9997531476852167
0.9997409599009586
0.9997284658826275
0.9997156843382831
0.9997026424857759
0.9996893414884886
0.999675810693016
0.9996620833500107
0.9996481292401102
0.9996340048205079
0.9996196911137816
0.9996052391638849
0.9995906909789741
0.9995760733060619
0.9995613803400651
0.9995466495285061
0.9995318614945123
0.9995170271004994
0.9995021149909971
0.9994872769974472
0.999472484633924
0.9994578319810179
0.9994433081969415
0.9994288333628033
0.9994144732593299
0.9994002696871689
0.9993862846338031
0.9993724614940049
0.9993588349729345
0.9993453715345995
0.9993321447131597
0.9993191997203044
0.9993065257162093
0.9992940167698225
0.9992817509876873
0.9992697987384677
0.999258147715568
0.9992468419225332
0.9992358022338323
0.9992250245772559
0.9992145498427666
0.9992042900039171
0.9991942349380731
0.9991843497420502
0.9991746599770688
0.9991652903124035
0.99915624982723
0.9991475444064645
0.9991390814244694
0.9991308294332734
0.999122729803056
0.9991148745622316
0.9991072246927322
0.9990997977288839
0.9990926341128876
0.9990855522694144
0.9990786248686243
0.9990718437065161
0.9990652691622481
0.9990589042669236
0.9990528663220318
0.9990469686264762
0.9990412536184539
0.9990357178434126
0.9990303846707238
0.9990251631738356
0.9990201831625538
0.9990155050315611
0.9990109078619325
0.9990064325894443
0.9990021429595174
0.9989980671170752
0.9989940073452566
0.9989899875272642
0.9989861285988778
0.998982448649893
0.9989790027326461
0.9989756852615506
0.998972408483913
0.9989690590938257
0.9989657579841479
0.9989626532037319
0.9989596396511078
0.998956770633045
0.9989539497417647
0.9989512411074574
0.9989486467344706
0.9989461855471722
0.9989438480022075
0.9989416249891503
0.9989394879969052
0.9989375158584562
0.9989356765818327
0.9989338969204551
0.9989323447352411
0.9989308191445416
0.9989293321325664
0.9989278831231098
0.9989266218127268
0.9989253454148583
0.9989241017944707
0.9989229217829648
0.9989217672292077
0.9989207328991317
0.9989197719676643
0.998918877244846
0.998918207593425
0.998917413825935
0.9989166748918169
0.9989158444817631
0.9989152024001844
0.9989146119797607
0.9989139566371481
0.9989134403586184
0.9989128470795865
0.9989124647378854
0.9989121696231936
0.998911907663488
0.998911916131822
0.99891184624645
0.9989117813039493
0.9989117448792687
0.9989117500961122
0.998911602448918
0.9989114676324413
0.9989113358940548
0.9989111162785899
0.9989110221302913
0.9989110036209423
0.9989110570040747
0.9989111778411672
0.9989114510525275
0.9989116444422035
0.9989119322140446
0.9989122643564853
0.998912545966784
0.9989128370722301
0.998913164121629
0.9989137181027409
0.9989142817121709
0.9989149494312243
0.9989158428803225
