1.1469564431892953
1.1346584098542256
1.1293707394846508
1.1233589175181784
1.1170960731572843
1.110598442358395
1.1039129455051953
1.097050306262746
1.0900098578956827
1.0823659679068607
1.074511022956291
1.0664524935016875
1.0582660057647588
1.0496760158698526
1.040856642436573
1.0318179841640664
1.022572345599292
1.0130705163683
1.0034124721098399
0.9936182375741732
0.9836487442522037
0.9735346953817519
0.9632976666482692
0.9526034304583127
0.9416525285506638
0.9304481140118741
0.9189913880366466
0.9073812293420289
0.8955183586657605
0.8834799897219422
0.8712811200062737
0.8589366569005358
0.8464623244892209
0.833875410923456
0.8211950836440353
0.8083656364692337
0.7955761479417591
0.7819591413322494
0.7680217009031012
0.7542679955455452
0.7406167228963961
0.7270082595353315
0.7133885074839286
0.6997252321545452
0.6858435916656598
0.6718577194138907
0.6577055240415283
0.643343001721125
0.628540382866025
0.6135577386517512
0.5984493437103858
0.5832650301243854
0.5679716917043848
0.5526975680147541
0.5374838607128186
0.5223823097860881
0.5070444512752499
0.49194375730838397
0.47716684719088603
0.462802518862156
0.44760804252651737
0.4329157912003392
0.4188155133994962
0.4048694303531408
0.3916252973623294
0.37913982539448127
0.3674572726110296
0.356609564539319
0.34661613704278377
0.33716312230709256
0.3285983168395987
0.32083118043461667
0.3138363444295252
0.3075187311632044
0.301422045436713
0.2960285881867987
0.2913710091252695
0.28648449429564954
0.28242589312679506
0.279181760067762
0.2761113413984596
0.2739081392427985
0.2726449560811082
0.2725555298584331
0.27257224594822343
0.27024180200311865
0.2684209761933871
0.26709478329346925
0.2661862222162321
0.2645491596382272
0.26280999258911947
0.2614687666183719
0.26048667830679556
0.25970433972499163
0.2591952405113928
0.25892964864305085
0.25888222024957874
0.2585344657822929
0.2584360239022263
0.2585668421714469
0.25890355881880933
0.25919758749900884
0.2596486617452811
0.2602529655611064
0.2599341110367658
0.25986904177916287
0.2596056421183909
0.2596681833182178
0.2600649254708464
0.2607468374955734
0.2618331208716109
0.2602588247525481
0.25857044224171233
0.25722541239435337
0.2562216111992975
0.25553274078682187
0.25513676832313276
0.25502608757199596
0.2547817386291783
0.254809239149976
0.25507787325962056
0.25556102445587736
0.2562368911027864
0.2563027237814869
0.2566255571131266
0.25719216086708063
0.2574162130081197
0.2579007526677596
0.2584881618849353
0.25911824624357743
0.25996675421364474
0.260926466587576
0.25989851012688725
0.25919116913238943
0.25835915317960434
0.257825339203461
0.25766401945877304
0.2577862073472363
0.25820291815310037
0.25898451799298494
0.2601039889269554
0.2577662366888619
0.25674807907355646
0.25653054313042695
0.256955986799439
0.25779943906559305
0.25847094078922084
0.25916780138355816
0.2598600839429678
0.26057550069432583
0.26136787717381976
0.2622739792671644
0.26331657347511
0.2622766896388556
0.26152944960818986
0.261048504775684
0.26081484687124523
0.2608155713542556
0.2610375365787042
0.2608200171307835
0.26084285459987633
0.2606325907831446
0.2605309613729958
0.26052314387366887
0.2606429285411633
0.2609076485475088
0.26132201388926074
0.2618868511721485
0.26260238250088064
0.26346763040577903
0.26405946629821786
0.2648111815648968
0.26565839652343765
0.26659002884348465
0.2663069844667975
0.26637516564191754
0.2668766686858901
0.26811719698406894
0.26762335855883634
0.26688575996440256
0.266087722058014
0.26561462007315345
0.265415657005809
0.2654688869373121
0.2657701751421431
0.2663315718476379
0.2671865554268548
0.26840553540152134
0.27012729267684926
0.2720993715117793
0.272375740378412
0.2731170959972362
0.27440708902314764
0.27306089948130136
0.27223066521445033
0.27074715011568684
0.2698777542582134
0.2695742839935391
0.2697873478880751
0.27047584620967263
