0.7230844773180953
0.6652567173293495
0.6039105586042097
0.5146871675875435
0.4112797974875747
0.29836192482208157
0.18571093507955416
0.08900252614698312
0.024221747757962375
0.00023144099025784737
0.013334033044746452
0.047176982669796974
0.08070732628579369
0.09995164684643554
0.10309900405722983
0.09401545493253805
0.07747538173210489
0.057903742361310684
0.03908937968511672
0.023966152361874937
0.014355347167410493
0.010786989223898646
0.012535887568645876
0.017918617489949717
0.02477752154232471
0.03100537653704072
0.0349714883823008
0.0357725652022175
0.03330126220644691
0.02816566381344454
0.021499522136356197
0.014696316028562806
0.009102576929152395
0.00572215034072554
0.004997758400906327
0.0067287014604474615
0.010148197917005164
0.014137303270515766
0.01751713866911342
0.01934520679112628
0.01914113707909948
0.01698383720604202
0.01345824948007246
0.009473343468270667
0.006005516238361097
0.003837056281074447
0.003359047038066776
0.004490581095400459
0.006731651548566142
0.009325828473991993
0.01147789885222783
0.01256289865781357
0.012275123661200982
0.010687904595738762
0.008216942650722925
0.005498776918616222
0.0032133607547909504
0.0018955008182931499
0.0017878713457313289
0.0027803022698810187
0.004454453936073022
0.006218867095919678
0.00749086180858638
0.007868878365707599
0.007243905200957745
0.005818501173860846
0.004030392365688584
0.0024065952774380284
0.001395260729543324
0.0012292891245637705
0.0018647739298177646
0.003010993945661178
0.004236812472459328
0.00511401991947491
0.005350101385019013
0.004871109615216085
0.003833434080975473
0.002564377769187498
0.0014512320333839313
0.0008137706396333932
0.0008014474956525852
0.0013498016699583504
0.002210640377671713
0.0030442306205121783
0.0035396700306833395
0.0035205319020565895
0.002999515294865307
0.002164876360361112
0.001305778463744911
0.0007050589617008107
0.0005389443847971798
0.0008197270370519094
0.0014003147092322976
0.002035710515923994
0.0024758670497218027
0.002554954115632113
0.002246012552939436
0.0016638940884678988
0.001017646884311385
0.0005306148218578999
0.00035765374017737717
0.0005300579893555701
0.0009485612509684271
0.0014262084711247347
0.001763359025572231
0.0018248231058320963
0.0015891112553571007
0.0011515874698106998
0.0006819009281926469
0.00035403953519475007
0.0002776823106115378
0.0004581067100732916
0.0007993703550518427
0.0011473631707149545
0.001353574694972437
0.0013334231192415613
0.0010966843845116037
0.0007394431467057094
0.00040212790358484796
0.000211192176928221
0.0002282343198500847
0.00042717760505173175
0.0007083786273840431
0.0009429092573910447
0.0010275865639810533
0.0009272030860004721
0.0006864842482663391
0.0004076955930724102
0.0002046319426804999
0.0001535576288635987
0.0002623186740313699
0.000470173661591744
0.0006770284056542009
0.0007881478426603472
0.0007545321733087862
0.0005919841658706959
0.0003716158191314767
0.00018682709486539384
0.00011166960986097596
0.00016897930488346535
0.000322133724782403
0.0004935664389176253
0.0006010480296985143
0.0005948547434915241
0.0004789399560874985
0.00030697020690462207
0.0001558513804366113
8.964189879534512e-05
0.0001307855777762379
0.0002516270639456586
0.0003892846352112622
0.0004760487394509516
0.00047070946135463476
0.00037644856368335144
0.00023762102985946942
0.00011761002655175101
6.854349036522489e-05
0.00010721114162326462
0.0002083784084540019
0.0003182594316907261
0.00038120389769258356
0.0003664215170345875
0.00028185163532412627
0.00016884912914216788
8.086614500812939e-05
5.7033578413245856e-05
0.0001037083942775352
0.00019270669318904865
0.00027644439100438234
0.00031193852004307576
0.0002816380991923495
0.00020106101933048404
0.00010995698936688836
5.182099714673427e-05
5.217254238631952e-05
0.00010642615564393498
0.0001832009217642705
0.00024103195093594376
0.00024968214549103696
0.0002050912888735823
0.00013050868245445546
6.363157269240194e-05
3.677707519356144e-05
6.050724556827536e-05
0.00011902103084582283
0.00017927274089613032
0.00020863253563818684
0.0001917030087149607
0.00013767058004499066
7.470131253917156e-05
3.464885389858896e-05
3.627734488509393e-05
7.581742350792897e-05
0.00012966419104942783
0.0001675096353537242
0.00016867046018609333
0.00013280550567029703
7.942275691463774e-05
3.674678832821243e-05
2.624853281496531e-05
