1.2402563349119522
0.12473678613252066
0.11576241137565106
0.10735247152539999
0.09935498361926969
0.09173129580198307
0.08447034961676107
0.07756835338895034
0.07102331274148843
0.06483324005507594
0.058995488066271196
0.05350648743534136
0.048361648797587475
0.04355533875588894
0.03908089187780058
0.034930641443748724
0.031095960646002462
0.02756731020675798
0.024334290640597823
0.021385698708309416
0.018709588441710886
0.01629333764312868
0.014123721042417213
0.012186991343708304
0.01046896921367835
0.008955142858834676
0.007630777234660709
0.006481032171404939
0.005491087859893583
0.004646275302821514
0.003932208595321806
0.003334915338927718
0.0028409611815241923
0.002437564450169566
0.002112697108732501
0.001855168801826176
0.0016546914888448956
0.001501923058747568
0.001388489272472591
0.0013069843325172797
0.001250951264400947
0.0012148440622100176
0.0011939741655143906
0.001184444278320836
0.0011830728066489677
0.0011873122849455
0.0011951650960889586
0.0012050995837529562
0.0012159693313047416
0.0012269379621297346
0.001237411327466274
0.0012469784156039548
0.0012553617673995534
0.001262377644453549
0.0012679056942813563
0.0012718674158180847
0.001274212369533521
0.0012749108150861986
0.0012739513050049783
0.001271341717033016
0.0012671122644522857
0.0012613191697389654
0.0012540479032967994
0.0012454151529196426
0.0012355689765488288
0.0012246868769379023
0.0012129718007613513
0.001200646289425398
0.0011879451824118048
0.0011751073899561799
0.0011623673090735494
0.0011499464588874701
0.0011380458650988654
0.0011268396390736696
0.0011164700857499012
0.001107044548141527
0.0010986340659637382
0.0010912738019525252
0.0010849650802035257
0.0010796787926330338
0.0010753598665394276
0.001071932450020916
0.0010693054623726155
0.0010673781713636022
0.0010660454947993957
0.0010652027752515582
0.001064749838905613
0.0010645942166087965
0.0010646534721219577
0.0010648566446490237
0.0010651448661930841
0.0010654712564984886
0.0010658002277671747
0.0010661063475940677
0.0010663729122777192
0.0010665903753064175
0.0010667547595024703
0.0010668661585239534
0.0010669274068177104
0.0010669429692632694
0.0010669180749486894
0.0010668580956741877
0.0010667681502803219
0.0010666529015848694
0.001066516503888399
0.0010663626554785236
0.0010661947117232508
0.001066015819291635
0.0010658290396842816
0.0010656374394452264
0.0010654441340521674
0.0010652522815694642
0.0010650650299266417
0.0010648854276233462
0.0010647163114819935
0.0010645601867378034
0.0010644191144444073
0.0010642946192202494
0.0010641876272097079
0.0010640984402765514
0.0010640267483783274
0.0010639716782271846
0.0010639318730830954
0.0010639055960988658
0.0010638908481782258
0.0010638854908404602
0.0010638873650323122
0.001063894398038239
0.0010639046924042067
0.0010639165928805247
0.0010639287295719077
0.0010639400375481358
0.0010639497549478657
0.0010639574029780348
0.00106396275210577
0.001063965779146959
0.0010639666199070694
0.0010639655215965995
0.0010639627985248262
0.001063958793674368
0.0010639538477904874
0.0010639482766782577
0.0010639423565689885
0.0010639363167551162
0.0010639303382291032
0.001063924556807033
0.0010639190691587822
0.0010639139402710649
0.0010639092110993453
0.001063904905470117
0.0010639010356328716
0.0010638976061872853
0.0010638946163961174
0.0010638920611121582
0.0010638899306899092
0.001063888210315901
0.001063886879185937
0.0010638859098943084
0.0010638852682996205
0.0010638849140125414
0.0010638848015298654
0.0010638848819331927
0.001063885104990189
0.0010638854214463523
0.00106388578527955
0.001063886155703388
0.0010638864987448698
0.0010638867882772297
0.0010638870064527703
0.0010638871435443922
0.0010638871972606751
0.0010638871716422869
0.0010638870756754758
0.001063886921768057
0.0010638867242283403
0.0010638864978681473
0.001063886256823389
0.0010638860136520196
0.0010638857787345056
0.001063885559971393
0.0010638853627452612
0.001063885190096717
0.0010638850430535005
0.0010638849210489153
0.0010638848223707231
0.0010638847445907278
0.0010638846849386472
0.001063884640597055
0.0010638846089091822
0.0010638845875015613
0.0010638845743339267
0.0010638845676927313
0.0010638845661486388
0.0010638845684964266
0.0010638845736935744
0.0010638845808094803
0.0010638845889919112
0.0010638845974532938
0.0010638846054749063
0.001063884612424013
