0.9999917237301211
0.9999756950248114
0.9999348273381355
0.9998411370338279
0.9996551121470453
0.9993403650538979
0.9988865261961078
0.9983291097810028
0.9977537786482505
0.9972617826979748
0.9969023898122049
0.9966159276654024
0.9962939468556534
0.995898586830933
0.9954565324076176
0.9949744253300536
0.9944359887927984
0.9938312032941404
0.9931682625606895
0.9924422612623083
0.9916331899016774
0.9907254779684134
0.989722006992401
0.9886414683519503
0.9875363713955418
0.9864596309304725
0.985456328632228
0.9845470528168582
0.9837201716384615
0.9829487778303664
0.9822085651660839
0.981476924816239
0.9807352308417312
0.9799642872129757
0.9791612388045484
0.9783379235892011
0.9775241381478978
0.9767487089277419
0.9760143138038639
0.9753074908285049
0.974588465062153
0.9738115040870235
0.9729261741342556
0.9719020127883009
0.97072431491714
0.9694215539169537
0.9680472623488258
0.9666691007196803
0.9653298302948761
0.9640374575896704
0.9627723337550255
0.9615016843691271
0.9602113558817613
0.9589029471108548
0.9575982216370608
0.9562909124530485
0.9549821981842683
0.9536597735754702
0.9523278604011646
0.9509814364674142
0.9496123534713846
0.9481935801295548
0.9466984722369973
0.9450963852985077
0.9433786024685193
0.9415383559097623
0.9395739709471972
0.9374824612736408
0.9352445015138706
0.932813289550381
0.9301359504107278
0.9271448031917914
0.9237894794768581
0.9200001100559484
0.9156991887974741
0.9108028773802468
0.9052191005762388
0.8988107271156751
0.8914529493887573
0.8830058152019732
0.8733305238229725
0.8623175369290744
0.8498861302009282
0.8359990891713953
0.820598860351036
0.8036854131827036
0.7852590447581532
0.7653947786647333
0.7441351847164261
0.7215392736601878
0.6977468434808267
0.672836169003269
0.6470183355691104
0.6204172001091979
0.5932356314958306
0.5656828767284803
0.5379354345159669
0.5102056241461518
0.48267519518277213
0.45557800939457904
0.42909918985370954
0.4033673850836794
0.3786006903929493
0.3548353501642566
0.3321701162732663
0.3106887782237515
0.2904531686069336
0.2715063690263865
0.2537829264664806
0.2372431343712862
0.22191486008281014
0.20773759003038994
0.19465768689169816
0.18265151691235826
0.17157245060727333
0.161412661811158
0.15210843165744992
0.1436137575355706
0.13583402849439297
0.12873475805780554
0.12221289837163851
0.11621457086483888
0.11075931072767631
0.1057825518615022
0.10127546607875526
0.09716978296709766
0.09341391262288878
0.0900028081665254
0.08684012505891459
0.08394964584476738
0.08127404316134734
0.07883828379665625
0.07662236022376523
0.07461749327489353
0.072741307970424
0.07105823075255291
0.0695485471884234
0.06814269666896122
0.06685481107530111
0.06569529700660115
0.06460695090935942
0.06362441998742374
0.06274747665197522
0.06195605873215637
0.061269155359121585
0.06067407049891149
0.06015162318037781
0.05969806290561552
0.05927286223585426
0.058871687647760074
0.05851676455168131
0.05819353070733713
0.057927453083446045
0.057698890458732444
0.057496927304468426
0.05732358145338945
0.05719143013846506
0.057103065938006625
0.05703784832771053
0.05699337528046611
0.05696246983668618
0.056985819429698936
0.05703636027104286
0.057111247175128055
0.057198288818557486
0.05731001154327908
0.05738678542198339
0.05744576441084537
0.057548771621136585
0.0576361982897905
0.05773494385808309
0.05786343162208252
0.05801854905880721
0.058213787081436985
0.05848086771185734
0.058732531859696846
0.05894781687102435
0.05920126697728534
0.05941271532119874
0.05961427062799274
0.05977600841286246
0.05996696155504522
0.0601523342751622
0.06036365408239319
0.06057200330427914
0.06084668253642023
0.06109243169547629
0.06134439845089834
0.061552157813208885
0.06178843414459845
0.06199516972229613
0.06221488737576297
0.06247378129894954
0.06277555499997067
0.06310200263935062
0.06341267203296852
0.06374848932886867
0.06409934846815812
0.06439758115989846
0.06466669171046391
