0.9972935474271295
0.9969775089120779
0.9966670763909914
0.9963270549998392
0.9959626705614633
0.9955671618399685
0.995138240312838
0.9946747469481009
0.9941721907397802
0.9936292306293532
0.9930403192192311
0.9924062737074008
0.9917267346458127
0.9909918498917205
0.9902003120570828
0.9893465191446911
0.988424561822754
0.987432481809881
0.9863510174294807
0.9851851237783708
0.9839443641366747
0.9825893321807252
0.9811100063297368
0.9794891716958496
0.9777529991791786
0.9758904644044581
0.9738982079757741
0.971792453636931
0.9695441549922166
0.9671669386510554
0.964651678620343
0.9620249602632027
0.9592334907240503
0.9563104943623717
0.9532257788254059
0.9499557999661333
0.9464488077557085
0.9427764434824699
0.9389026215978136
0.9349166495031784
0.9307262533320086
0.9263776460477006
0.9218395304954832
0.9170021946503641
0.9119771165929641
0.9067286161652133
0.9012445108115222
0.89553573785504
0.8897090120449972
0.8837904412178512
0.8777848997709328
0.8714782911498082
0.8650971243948444
0.8585895425532338
0.8521334684418196
0.8453570382368585
0.8386121819660238
0.8315750672092623
0.824379332797001
0.8172271392544628
0.8100109090285557
0.8029348737456699
0.7957408861213007
0.7885298768810741
0.7811911321886094
0.7737560327118942
0.7662159611338313
0.758721932066363
0.7512507756449267
0.7438565305179223
0.7365728620351057
0.729330409185377
0.7219267642679907
0.7146530937490148
0.7072576075113277
0.7001056412119262
0.6931028203330643
0.6862200017955034
0.6793466728458839
0.6723724362511458
0.6656810453560836
0.6592478802646536
0.6526871589703056
0.646384297076009
0.6402367596312539
0.6342051942040623
0.6280311828592121
0.622035765697257
0.616367918316399
0.6111339004454941
0.6060205688789516
0.6011312955943355
0.5966056775583557
0.5919239271335837
0.5871841562353665
0.5829220783103661
0.5787994234026665
0.5751498836167601
0.5711224581627439
0.5670598713641224
0.563521742417128
0.559853219676654
0.5564939161866507
0.5536939678724907
0.5503653888498883
0.5477908329728824
0.5451075676196249
0.5426044122327061
0.5395953211730887
0.5369214812401094
0.5342079986647933
0.5319557506645737
0.5299063231816931
0.5281072222494771
0.5263350376386061
0.5247733448394398
0.5235153445003501
0.5226609861221095
0.5217893982504387
0.5198596538476263
0.5178866667844972
0.5163325092655289
0.5151577824981636
0.5142697216387797
0.5136177693707198
0.5129217142703637
0.5126344526654448
0.5122972659777574
0.5117538331131544
0.5111785704359634
0.5105564633459847
0.5103656892369333
0.510181495469341
0.5099642764681169
0.5106546768611511
0.5109235885224483
0.5116026372211578
0.5116419799823417
0.5115899907212478
0.5117751108951185
0.5118475631422212
0.5116159931709998
0.5114279682083365
0.5115211823362099
0.5117195221017345
0.512205551863496
0.512648959389278
0.5135339837056607
0.5139477383399904
0.5142369153463415
0.514156605677283
0.514427150296875
0.5146003923837013
0.5140251066781547
0.5132785486864059
0.5129137266944268
0.5126976009842009
0.512799319346654
0.513329497431608
0.5136904185556949
0.5137853065972199
0.513880301520671
0.5141856280058511
0.5145804303165133
0.5149390433408816
0.5156981659481388
0.515940076085919
0.5160939999451639
0.5166841748078784
0.517383510067583
0.5173177763315557
0.5167211216728742
0.5165420044406466
0.5163358500696389
0.5162944503556954
0.5163172480931155
0.5160815075647183
0.5158074742547649
0.5160690729267837
0.5165783780797395
0.5170169448676247
0.5171586493623274
0.5173258042312872
0.5173622431820215
0.5172545161733424
0.5173374650853708
0.5170491810571968
0.5175512000099369
0.5182237930223964
0.5189436908800357
0.5195585300742409
0.5200695826324016
0.5204679962273682
0.5210429606761368
0.5218417282946668
0.5222297734380863
0.5228213612302961
0.5237822851264597
0.5240938572143548
0.5244606655980999
