1.1407426161083773
1.1344537535524368
1.1320657174662212
1.129332665401626
1.1262560664938743
1.1227912263769606
1.1189852496171024
1.1148674541583123
1.1104312436697878
1.1053619579506737
1.0998995830704614
1.09380618320214
1.0874369008558213
1.0806818609191557
1.0735659239429747
1.0661201334231436
1.0584366611526306
1.0504925752155807
1.0419586171052782
1.0331985338908585
1.0239772498772044
1.014408654122635
1.004324630994701
0.9937534491939152
0.9831119076749762
0.9720852500778174
0.9608556583362764
0.9495881228085513
0.9382800484395803
0.925862587196096
0.9135441698072256
0.9009006468812677
0.8880622986932571
0.8750057626781905
0.8618788561859027
0.8486457243643644
0.8353526611465777
0.8222131494692424
0.8090828126325165
0.7957269428196808
0.7823906878777798
0.7690593960488262
0.7557240460947912
0.7424217472619745
0.7291676039795678
0.7159319901338654
0.7028106213728605
0.6897133101021008
0.6764475782928911
0.6631752801396931
0.6498906152747868
0.6364792392851792
0.6231455913765639
0.6098878691485751
0.5967495891976629
0.5837960751978094
0.5710204399037401
0.5585651424983156
0.5464977763337501
0.5346592259923401
0.5231829917026836
0.512040278188346
0.5014302371216253
0.49142171080317176
0.48207210654139004
0.47312649930742884
0.46383276381031563
0.45525578560489893
0.4474151744860733
0.4403225057456055
0.4338599123131875
0.42814180147810577
0.42314762723876814
0.4186665369500059
0.4134010433526094
0.4088320674689831
0.4047567898128033
0.40139102567043294
0.3985858528045516
0.39643657580209357
0.3940281933195823
0.39223842232021106
0.3910797163669103
0.39018234533073576
0.38928706272768393
0.38829322918008574
0.3874521656547012
0.38687164748141634
0.3865162337062277
0.3853962506621494
0.38464473503301805
0.3842758898666554
0.3843041678053604
0.3841355748075317
0.38441234450375994
0.38370401600324383
0.38304045037163775
0.38283083903289256
0.3830675984022227
0.383731363190957
0.38344263231415426
0.3833841046093479
0.38367068358049017
0.3832813975846216
0.38327349297376173
0.38362924207955196
0.3839010895814137
0.3831809561565228
0.3829574829227025
0.3830318608083799
0.3831058506699828
0.3835848647751327
0.38453205293106507
0.38445042979294386
0.3840326636548454
0.383926541544162
0.3842327760305217
0.38463972931733964
0.3850242302903363
0.3848792248491313
0.38463231915114793
0.38482893574944277
0.38532047556001753
0.386019247360636
0.38575249834024317
0.3856172236951944
0.385851560303542
0.3861564184653448
0.3868359147221426
0.3868285578454572
0.38691151506937094
0.38664819560611813
0.38685737620466154
0.38743823515161
0.3883124312394347
0.3883440545146018
0.38875348732004494
0.38958432713861174
0.3900621858604298
0.39111731163094926
0.38994277523240756
0.3895955345710198
0.3894204340835441
0.38982122623073573
0.3901172651501775
0.39007902536516664
0.39000242305655014
0.38965502995955026
0.38945587344039295
0.389852968793114
0.39029565166684466
0.39042024510027956
0.3902456428536062
0.3904864583045386
0.3911007613450597
0.3911218120182062
0.39089900418487816
0.3906694828681198
0.39043757092431425
0.39049930229935503
0.39073919900750165
0.39090063512421774
0.39110274709311177
0.39138787200795444
0.3918913729901132
0.391985492323464
0.39136460823783625
0.3910698223061595
0.3911446206768372
0.39155917006358293
0.39122273231144383
0.3910969716155916
0.39116138208368717
0.3915365012182546
0.3918932193180403
0.39240810911953367
0.39258395896486853
0.39243556248346084
0.3925296749612555
0.39264322110353367
0.3924763168788527
0.39213074670975895
0.392098489955955
0.39237327922499815
0.3925475318868149
0.3929913016922301
0.393388329174048
0.3937904701678793
0.3932994199486499
0.39298379737337985
0.39270418316208916
0.39254991393934935
0.39255258924314124
0.3928287742463886
0.39290804067486623
0.3932511331505684
0.3938377780944537
0.39466794938733607
0.39506412905441335
0.39589387658296454
