0.9408528083076193
0.8561193985275138
0.8498231457349898
0.8425505961533928
0.8347705223356738
0.826659356102252
0.8183058877472299
0.8097630388987322
0.8010662616248289
0.7922414529856008
0.7833088153630237
0.7742849179721113
0.765183875183221
0.7560180506070123
0.7467984831996201
0.7375351408005777
0.7282370683966048
0.7189124789624426
0.7095688203717938
0.7002128404169438
0.6908506634123056
0.681487885014483
0.6721296855215892
0.6627809558814503
0.653446425886149
0.644130781809229
0.6348387617251655
0.6255752205336718
0.616345161946272
0.6071537397294503
0.5980062340941106
0.5889080108072297
0.5798644706138791
0.5708809955030592
0.5619628968664229
0.5531153691502735
0.5443434514292954
0.5356519984928841
0.527045662476478
0.5185288856852321
0.5101059049310996
0.5017807673336736
0.493557357034204
0.48543943156951097
0.47743066568985765
0.4695346991533167
0.46175518353994705
0.4540958216183091
0.44656039171631473
0.439152749537482
0.4318768014959942
0.42473644703374663
0.4177354919228889
0.4108775390728042
0.4041658666522599
0.3976033047466117
0.39119212136773235
0.3849339269880089
0.3788296045411211
0.37287926948974043
0.36708226230506397
0.3614371735497759
0.355941899661013
0.35059372549342266
0.34538942779507825
0.34032539222656094
0.33539773551726054
0.3306024240955345
0.3259353811764514
0.3213925758626439
0.31697009015661953
0.3126641625576184
0.3084712096543085
0.3043878293527286
0.300410790761825
0.2965370161904045
0.2927635603069818
0.2890875905356253
0.28550637149627955
0.2820172549880171
0.2786176758172305
0.27530515277569007
0.27207729331859104
0.26893180001227834
0.2658664766528155
0.2628792321343181
0.25996808066889654
0.25713113775512414
0.25436661220243784
0.25167279533693104
0.24904804904833233
0.24649079448046404
0.24399950292237513
0.24157268992232034
0.2392089129651117
0.23690677236636853
0.2346649144561761
0.23248203572464796
0.23035688642791255
0.22828827222667625
0.2262750527482167
0.22431613649114363
0.22241047215349086
0.22055703714167788
0.21875482457470533
0.21700283041635957
0.21530004238455805
0.21364543201083294
0.21203795072851025
0.21047653026506533
0.20896008701386729
0.20748752955280259
0.20605776812189147
0.20466972470194297
0.203322342363685
0.20201459277468733
0.20074548112971913
0.19951404825046792
0.19831937009777775
0.19716055535654928
0.19603674200589324
0.19494709382876063
0.19389079765115502
0.1928670617832583
0.19187511574427069
0.1909142109767157
0.18998362196953542
0.18908264706493882
0.1882106082465454
0.18736684939137652
0.1865507327812405
0.18576163404823937
0.1849989360943751
0.1842620227946804
0.1835502734042592
0.18286305851606557
0.1821997381755324
0.1815596624041948
0.18094217399138451
0.18034661305652064
0.17977232262698167
0.1792186543587971
0.17868497356510868
0.1781706628999192
0.177675124336132
0.17719777941979364
0.17673806810708262
0.17629544672965494
0.17586938573927902
0.17545936783795352
0.1750648869239999
0.1746854480259599
0.17432056811768443
0.17396977747270012
0.17363262107354213
0.17330865957023034
0.17299746938350635
0.17269864174873886
0.1724117807494213
0.17213650063587851
0.17187242290647908
0.1716191737018303
0.17137638201017316
0.17114367901821628
0.17092069870563778
0.1707070795279298
0.17050246681697384
0.17030651539674055
0.17011889188868942
0.169939276270165
0.16976736242801935
0.16960285767777833
0.16944548144367771
0.16929496346521075
0.16915104197338185
0.16901346224973263
0.1688819758552145
0.16875634062850567
0.16863632135195505
0.16852169081634377
0.16841223092142515
0.16830773344781344
0.16820800022532623
0.16811284257996456
0.16802208012681444
0.16793553914287
0.16785305086044902
0.1677744500424468
0.16769957413143138
0.16762826312469165
0.16756036015300266
0.16749571257560056
0.16743417328747653
0.16737560189457146
0.1673198654559952
0.16726683860783947
0.1672164030409099
0.16716844646480616
0.16712286131296802
0.167079543497424
