0.8064141007488509
0.7284909528569015
0.7275097375190378
0.7265257719699636
0.7255394301234774
0.7245508451126854
0.7235600716068761
0.7225671308830774
0.7215720277232904
0.7205747579842084
0.7195753124297236
0.7185736788566874
0.7175698433616766
0.7165637911412045
0.7155555070221866
0.7145449758279603
0.7135321826392544
0.7125171129851762
0.7114997529857383
0.7104800894596253
0.709458110006175
0.7084338030676769
0.7074071579762284
0.7063781649882044
0.7053468153086014
0.7043131011069729
0.7032770155263143
0.702238552685978
0.7011977076795175
0.7001544765682144
0.6991088563709433
0.6980608450509329
0.6970104414999213
0.6959576455201475
0.6949024578045742
0.6938448799156851
0.6927849142631803
0.6917225640808388
0.6906578334028091
0.6895907270395383
0.6885212505535414
0.6874494102351797
0.6863752130785991
0.6852986667579501
0.6842197796040113
0.6831385605812919
0.6820550192657091
0.6809691658228818
0.6798810109871098
0.6787905660410585
0.6776978427961885
0.6766028535739428
0.6755056111877014
0.6744061289255048
0.6733044205335517
0.6722005002004461
0.6710943825421961
0.6699860825879402
0.6688756157663802
0.6677629978929027
0.6666482451573628
0.6655313741124989
0.664412401662964
0.6632913450549327
0.6621682218662648
0.6610430499971931
0.6599158476615095
0.6587866333782204
0.6576554259636465
0.6565222445239374
0.6553871084479772
0.6542500374006577
0.6531110513164908
0.651970170393543
0.6508274150876621
0.6496828061069841
0.6485363644066935
0.6473881111840201
0.6462380678734554
0.6450862561421684
0.6439326978856088
0.6427774152232792
0.6416204304946647
0.6404617662553007
0.6393014452729762
0.6381394905240525
0.6369759251898879
0.6358107726533619
0.6346440564954843
0.6334758004920862
0.6323060286105779
0.6311347650067718
0.6299620340217591
0.6287878601788368
0.627612268180479
0.6264352829053412
0.6252569294053016
0.6240772329025277
0.6228962187865661
0.6217139126114524
0.6205303400928326
0.6193455271051047
0.6181594996785624
0.616972283996545
0.6157839063925972
0.6145943933476241
0.6134037714870497
0.6122120675779681
0.6110193085262976
0.609825521373923
0.6086307332958332
0.6074349715972507
0.6062382637107535
0.6050406371933827
0.603842119723744
0.6026427390990927
0.6014425232324119
0.6002415001494734
0.5990396979858894
0.5978371449841475
0.5966338694906352
0.5954298999526477
0.5942252649153859
0.5930199930189366
0.5918141129952423
0.5906076536650553
0.5894006439348793
0.5881931127938975
0.5869850893108881
0.5857766026311262
0.5845676819732755
0.5833583566262639
0.5821486559461517
0.5809386093529867
0.5797282463276472
0.578517596408678
0.5773066891891121
0.5760955543132897
0.5748842214736585
0.5736727204075749
0.5724610808940958
0.5712493327507573
0.570037505830354
0.5688256300177086
0.5676137352264374
0.5664018513957114
0.5651900084870125
0.5639782364808856
0.5627665653736931
0.5615550251743593
0.5603436459011184
0.5591324575782657
0.5579214902328984
0.5567107738916666
0.5555003385775201
0.5542902143064643
0.5530804310843058
0.5518710189034195
0.5506620077395035
0.5494534275483485
0.5482453082626104
0.5470376797885892
0.545830572003015
0.5446240147498396
0.5434180378370446
0.5422126710334463
0.5410079440655218
0.539803886614241
0.5386005283119071
0.5373978987390173
0.536196027421125
0.5349949438257278
0.5337946773591604
0.5325952573635047
0.5313967131135182
0.5301990738135747
0.5290023685946248
0.5278066265111723
0.5266118765382677
0.5254181475685227
0.5242254684091452
0.5230338677789881
0.5218433743056281
0.5206540165224545
0.5194658228657898
0.5182788216720307
0.5170930411748063
0.5159085095021654
0.5147252546737884
0.5135433045982198
0.5123626870701314
0.5111834297676048
0.5100055602494467
0.5088291059525283
0.5076540941891503
0.5064805521444407
0.5053085068737753
0.5041379853002308
0.5029690142120682
0.5018016202602444
0.5006358299559506
0.4994716696681857
0.49830916562136673
0.4971483438929545
0.49598923041112697
0.4948318509524787
0.4936762311397501
0.49252239643959816
0.49137037216039026
0.4902201834500406
0.4890718552938792
0.4879254125125463
0.486780879759937
0.4856382815211683
0.4844976421105869
0.48335898566981206
0.48222233616581456
0.4810877173890312
0.47995515295151414
0.4788246662851211
0.4776962806397377
0.47657001908154095
0.4754459044912961
0.4743239595626929
0.4732042068007215
0.47208666852007963
0.4709713668436246
0.46985832370085956
0.4687475608264575
0.4676390997588261
0.4665329618387076
0.46542916820781777
0.46432773980752595
0.46322869737756955
0.4621320614548091
0.46103785237202277
0.45994609025673605
0.458856795030092
0.45776998640576283
0.4566856838888923
0.4556039067750841
0.4545246741494253
0.4534480048855468
0.45237391764472656
0.4513024308750243
0.4502335628104609
0.4491673314702318
0.44810375465795915
0.44704284996098154
0.44598463474968353
0.4449291261768581
0.44387634117711194
0.4428262964663022
0.4417790085410158
0.4407344936780808
0.43969276793411816
0.4386538471451251
0.437617746926105
0.43658448267071603
0.4355540695509741
0.4345265225169791
0.43350185629668236
0.4324800853956837
0.43146122409707
0.4304452864612859
0.4294322863260338
0.42842223730621554
0.4274151527939055
0.42641104595834933
0.4254099297460118
0.42441181688064067
0.4234167198633748
0.42242465097287707
0.4214356222655071
0.42044964557551534
0.41946673251527744
0.418486894475556
0.4175101426257911
0.41653648791442155
0.4155659410692438
0.41459851259778424
0.41363421278771795
0.4126730517073035
0.41171503920585417
0.4107601849142317
0.40980849824537124
0.4088599883948314
0.40791466434137413
0.406972534847565
0.4060336084604065
0.4050978935119953
0.4041653981201988
0.40323613018936544
0.4023100974110555
0.4013873072647923
0.40046776701884246
0.39955148373102
0.39863846424950744
0.39772871521370334
0.3968222430550945
0.39591905399814187
0.39501915406119603
0.3941225490574285
0.39322924459578434
0.3923392460819569
0.39145255871937923
0.3905691875102356
0.38968913725649135
0.3888124125609441
0.38793901782828855
0.38706895726620016
0.38620223488643957
0.38533885450596417
0.38447881974807097
0.3836221340435372
0.38276880063179364
0.3819188225621001
0.38107220269474096
0.38022894370223903
0.37938904807057106
0.3785525181004098
0.37771935590837125
0.37688956342827773
0.37606314241242966
0.3752400944328953
0.37442042088280614
0.3736041229776633
0.37279120175666103
0.37198165808401373
0.37117549265029415
0.3703727059737857
0.3695732984018355
0.36877727011222605
0.36798462111454444
0.36719535125157454
0.36640946020067655
0.36562694747519286
0.36484781242585274
0.36407205424217737
0.363299671953906
0.36253066443241455
0.361765030392146
0.36100276839204637
0.3602438768370001
0.3594883539792778
0.3587361979199841
0.3579874066105079
0.3572419778539787
0.35649990930672404
0.355761198479736
0.3550258427401288
0.35429383931261127
0.35356518528095315
0.35283987758945556
0.3521179130444222
0.35139928831563616
0.3506839999378307
0.34997204431216156
0.3492634177076893
0.34855811626284716
0.3478561359869202
0.347157472761517
0.34646212234204465
0.3457700803591799
0.3450813423203437
0.34439590361116845
0.3437137594969626
0.3430349051241878
0.34235933552190956
0.3416870456032698
0.34101803016693777
0.3403522838985704
0.3396898013722657
0.33903057705201045
0.33837460529312524
0.3377218803437111
0.33707239634608543
0.33642614733821363
0.3357831272551475
0.33514332993044116
0.3345067490975814
0.33387337839139364
0.3332432113494658
0.33261624141354196
0.3319924619309318
0.3313718661559012
0.33075444725106395
0.3301401982887655
0.32952911225245984
0.32892118203808085
0.32831640045540833
0.3277147602294299
0.3271162540016883
0.3265208743316309
0.32592861369794723
0.32533946449990336
0.3247534190586644
0.32417046961861473
0.3235906083486677
0.32301382734356865
0.3224401186251923
0.3218694741438316
0.3213018857794764
0.32073734534308984
0.32017584457786696
0.3196173751605028
0.31906192870243066
0.31850949675107076
0.3179600707910599
0.31741364224547663
0.31687020247705966
0.31632974278941184
0.3157922544282057
0.31525772858236945
0.3147261563852718
0.3141975289158956
0.3136718372000038
0.31314907221129307
0.31262922487254785
0.312112286056769
0.31159824658831814
0.31108709724402284
0.3105788287543033
0.3100734318042635
0.30957089703479534
0.30907121504365753
0.3085743763865546
0.30808037157820245
0.3075891910933871
0.30710082536801453
0.3066152648001461
0.30613249975103685
0.30565252054614833
0.3051753174761668
0.3047008807980035
0.3042292007357882
0.30376026748185614
0.30329407119772045
0.3028306020150403
0.30236985003657724
0.30191180533714335
0.30145645796453824
0.3010037979404788
0.3005538152615257
0.30010649989998106
0.2996618418048046
0.2992198309024955
0.29878045709798273
0.29834371027549744
0.29790958029943704
0.2974780570152231
0.29704913025014734
0.29662278981421275
0.2961990255009578
0.2957778270882816
0.29535918433925323
0.29494308700291416
0.2945295248150698
0.294118487499078
0.2937099647666218
0.29330394631847867
0.2929004218452764
0.292499381028244
0.29210081353995265
0.2917047090450472
0.29131105720096884
0.2909198476586715
0.29053107006333045
0.29014471405503395
0.28976076926947714
0.2893792253386449
0.2890000718914788
0.28862329855454594
0.28824889495269224
0.2878768507096936
0.28750715544889127
0.28713979879382834
0.28677477036886556
0.2864120597998072
0.28605165671449706
0.28569355074342584
0.2853377315203227
0.2849841886827291
0.28463291187258866
0.2842838907368047
0.2839371149278037
0.28359257410409067
0.28325025793078973
0.2829101560801859
0.2825722582322522
0.2822365540751721
0.2819030333058562
0.2815716856304533
0.28124250076484225
0.2809154684351344
0.28059057837815393
0.28026782034192077
0.27994718408612085
0.27962865938257087
0.27931223601567645
0.2789979037828839
0.2786856524951279
0.2783754719772591
0.2780673520684881
0.2777612826228003
0.2774572535093761
0.27715525461300394
0.2768552758344818
0.2765573070910191
0.2762613383166216
0.2759673594624844
0.2756753604973693
0.2753853314079727
0.27509726219929675
0.27481114289501096
0.27452696353780237
0.2742447141897292
0.27396438493255737
0.27368596586810456
0.2734094471185631
0.2731348188268323
0.27286207115683314
0.27259119429382395
0.27232217844470774
0.2720550138383354
0.2717896907258027
0.2715261993807391
0.27126453009960005
0.2710046732019423
0.2707466190307005
0.27049035795245835
0.2702358803577166
0.26998317666114546
0.26973223730184726
0.2694830527436022
0.2692356134751157
0.26898991001025474
0.2687459328882871
0.2685036726741079
0.2682631199584685
0.26802426535819535
0.267787099516406
0.26755161310272413
0.2673177968134789
0.2670856413719159
0.2668551375283902
0.266626276060561
0.26639904777358125
0.26617344350028116
0.2659494541013504
0.2657270704655157
0.2655062835097084
0.26528708417923796
0.2650694634479499
0.26485341231839454
0.26463892182197224
0.26442598301909415
0.2642145869993263
0.2640047248815328
0.2637963878140228
0.26358956697467695
0.2633842535710874
0.26318043884068754
0.2629781140508758
0.26277727049913346
0.2625778995131528
0.262379992450943
0.2621835407009451
0.261988535682144
0.2617949688441651
0.2616028316673841
0.2614121156630178
0.261222812373226
0.2610349133711952
0.2608484102612364
0.2606632946788623
0.26047955829087355
0.2602971927954364
0.2601161899221621
0.2599365414321744
0.2597582391181854
0.25958127480455906
0.259405640347376
0.25923132763450063
0.2590583285856315
0.25888663515236254
0.2587162393182353
0.2585471330987895
0.25837930854161384
0.25821275772638375
0.25804747276491236
0.2578834458011876
0.2577206690114089
0.257559134604025
0.25739883481976167
0.25723976193165987
0.25708190824509736
0.25692526609781596
0.2567698278599463
0.2566155859340292
0.25646253275502906
0.256310660790361
0.2561599625398915
0.2560104305359623
0.25586205734339706
0.25571483555950314
0.2555687578140863
0.2554238167694526
0.2552800051204023
0.2551373155942406
0.25499574095077016
0.25485527398228325
0.2547159075135671
0.25457763440188164
0.25444044753695927
0.2543043398409952
0.25416930426862405
0.25403533380691323
0.25390242147534214
0.2537705603257857
0.25363974344249274
0.25350996394206626
0.2533812149734326
0.25325348971782635
0.25312678138875677
0.2530010832319819
0.2528763885254769
0.2527526905794035
0.2526299827360776
0.2525082583699346
0.2523875108874908
0.2522677337273116
0.2521489203599653
0.2520310642879906
0.2519141590458496
0.25179819819988536
0.2516831753482812
0.2515690841210111
0.25145591817979707
0.25134367121805445
0.25123233696085023
0.25112190916484745
0.2510123816182551
0.25090374814077565
0.2507960025835486
0.25068913882909927
0.2505831507912778
0.2504780324152035
0.2503737776772087
0.2502703805847757
0.250167835176477
0.2500661355219136
0.24996527572165483
0.24986524990716685
0.24976605224075998
0.24966767691551095
0.24957011815520236
0.24947337021425653
0.24937742737766333
0.24928228396091023
0.24918793430991526
0.24909437280095437
0.24900159384058995
0.2489095918655969
0.24881836134288682
0.24872789676944207
0.2486381926722282
0.24854924360812847
0.24846104416386117
0.24837358895590234
0.24828687263041316
0.24820088986315192
0.24811563535940095
0.24803110385388571
0.24794729011068883
0.24786418892317685
0.24778179511390774
0.24770010353455574
0.24761910906582385
0.24753880661736416
0.247459191127684
0.24738025756406967
0.24730200092249788
0.2472244162275432
0.247147498532303
0.24707124291829663
0.24699564449538736
0.2469206984016883
0.2468463998034749
0.24677274389509474
0.24669972589887834
0.24662734106505002
0.24655558467163352
0.2464844520243602
0.24641393845657988
0.2463440393291706
0.24627475003044041
0.246206065976037
0.24613798260885444
0.24607049539893755
0.24600359984339093
0.2459372914662813
0.2458715658185433
0.2458064184778861
0.24574184504869512
0.24567784116193592
0.24561440247506228
0.24555152467191477
0.24548920346262604
0.24542743458352423
0.24536621379703416
0.24530553689157975
0.24524539968148806
0.2451857980068909
0.24512672773362143
0.24506818475312608
0.2450101649823515
0.24495266436365914
0.2448956788647193
0.24483920447840946
0.24478323722272288
0.24472777314065963
0.24467280830013083
0.24461833879386263
0.24456436073928778
0.2445108702784502
0.244457863577905
0.24440533682861443
0.24435328624584984
0.24430170806908968
0.24425059856191977
0.24419995401192962
0.24414977073061372
0.244100045053267
0.2440507733388877
0.2440019519700748
0.24395357735292256
0.24390564591692276
0.24385815411486378
0.24381109842272497
0.24376447533957757
0.2437182813874852
0.24367251311139582
0.2436271670790432
0.2435822398808476
0.2435377281298131
0.2434936284614171
0.2434499375335234
0.24340665202626743
0.24336376864196296
0.24332128410499243
0.24327919516171193
0.24323749858034782
0.24319619115089264
0.24315526968500178
0.2431147310159013
0.24307457199827442
0.24303478950816715
0.2429953804428836
0.24295634172088665
0.24291767028169797
0.24287936308579028
0.2428414171144917
0.24280382936988365
0.24276659687470004
0.24272971667222543
0.24269318582619104
0.24265700142068047
0.24262116056002458
0.24258566036870322
0.24255049799124118
0.24251567059211288
0.24248117535563762
0.2424470094858836
0.2424131702065635
0.24237965476093848
0.24234646041171548
0.24231358444095263
0.24228102414995334
0.242248776859172
0.24221683990810983
0.24218521065522547
0.24215388647782443
0.24212286477196787
0.24209214295237358
0.2420617184523154
0.2420315887235266
0.24200175123610068
0.2419722034783972
0.24194294295693952
0.2419139671963212
0.2418852737391054
0.24185686014573304
0.24182872399441868
0.2418008628810635
0.24177327441914898
0.24174595623964912
0.24171890599092716
0.24169212133864748
0.24166559996567327
0.24163933957197603
0.24161333787453776
0.2415875926072606
0.2415621015208621
0.24153686238279315
0.2415118729771364
0.24148713110451514
0.24146263458199702
0.24143838124300476
0.2414143689372178
0.24139059553048592
0.24136705890472898
0.24134375695785015
0.24132068760364256
0.2412978487716958
0.2412752384073077
0.24125285447138667
0.2412306949403663
0.24120875780611273
0.24118704107583555
0.24116554277199176
0.24114426093220265
0.24112319360916334
0.2411023388705451
0.24108169479891595
0.24106125949164792
0.24104103106082686
0.24102100763316558
0.2410011873499167
0.24098156836678408
0.24096214885383072
0.24094292699539877
0.24092390099002126
0.2409050690503295
0.2408864294029719
0.2408679802885283
0.24084971996142057
0.2408316466898287
0.24081375875560818
0.2407960544542006
0.24077853209455136
0.2407611899990264
0.24074402650332527
0.2407270399564
0.24071022872037073
0.2406935911704422
0.24067712569482236
0.24066083069463706
0.2406447045838519
0.2406287457891848
0.24061295275003047
0.2405973239183764
0.24058185775872032
0.2405665527479912
0.24055140737547187
0.24053642014271315
0.24052158956345604
0.24050691416355796
0.24049239248090226
0.24047802306533417
0.24046380447856874
0.24044973529412006
0.2404358140972236
0.2404220394847557
0.2404084100651579
0.2403949244583612
0.24038158129570641
0.24036837921987164
0.24035531688479483
0.2403423929555979
0.24032960610851317
0.2403169550308052
0.24030443842069937
0.24029205498730777
0.24027980345055155
0.24026768254109288
0.2402556910002569
0.24024382757996243
0.24023209104264642
0.24022048016119235
0.2402089937188614
0.24019763050921572
0.24018638933605352
0.24017526901333053
0.2401642683650954
0.24015338622541726
0.24014262143831788
0.24013197285769383
0.24012143934726227
0.240111019780476
0.24010071304046565
0.2400905180199686
0.2400804336212552
0.24007045875607103
0.24006059234556332
0.24005083332021515
0.24004118061977853
0.24003163319320964
0.24002218999860092
0.24001285000311656
0.24000361218292487
0.23999447552313935
0.2399854390177475
0.23997650166954776
0.23996766249008872
0.239958920499603
0.23995027472694164
0.2399417242095172
0.23993326799323667
0.23992490513243758
0.2399166346898305
0.23990845573643382
0.23990036735151588
0.23989236862252772
0.23988445864504948
0.23987663652272395
0.23986890136720318
0.23986125229808153
0.2398536884428385
0.23984620893678266
0.23983881292299092
0.23983149955224814
0.23982426798299106
0.23981711738124944
0.23981004692059038
0.2398030557820614
0.23979614315412456
0.2397893082326138
0.23978255022067219
0.23977586832869324
0.23976926177426738
0.2397627297821282
0.23975627158409807
0.23974988641903006
0.239743573532754
0.23973733217802673
0.23973116161447194
0.23972506110853475
0.23971902993341943
0.2397130673690414
0.2397071727019794
0.23970134522541253
0.2396955842390761
0.23968988904920918
0.23968425896850132
0.23967869331604208
0.2396731914172716
0.23966775260393136
0.23966237621400666
0.23965706159168743
0.2396518080873129
0.23964661505732165
0.2396414818642033
0.23963640787645668
0.2396313924685306
0.23962643502078318
0.23962153491943072
0.23961669155650478
0.23961190432979984
0.2396071726428296
0.23960249590477956
0.23959787353046258
0.23959330494026998
0.2395887895601262
0.23958432682144737
0.23957991616109042
0.23957555702131528
0.23957124884973402
0.2395669910992696
0.23956278322811342
0.23955862469967626
0.23955451498255176
0.23955045355047122
0.23954643988225566
0.23954247346178148
0.23953855377793243
0.23953468032455982
0.23953085260044216
0.23952707010923913
0.239523332359456
0.23951963886439998
0.23951598914214067
0.23951238271546815
0.23950881911185273
0.2395052978634108
0.23950181850685714
0.23949838058347106
0.2394949836390553
0.23949162722389794
0.2394883108927366
0.2394850342047149
0.23948179672334857
0.23947859801648674
0.239475437656274
0.2394723152191146
0.23946923028563383
0.23946618244064422
0.23946317127310524
0.23946019637609028
