0.7764402605975933
0.7632632088848117
0.7522842992305762
0.740943496564451
0.7292606312830447
0.7172534138100571
0.7049349208235787
0.6923159915479293
0.6794066875177935
0.6662171052124213
0.6527578502615503
0.6390403311923067
0.6250769502025562
0.610881229950281
0.5964678966379073
0.5818529302363353
0.5670535877705032
0.5520884029624449
0.5369771641280687
0.5217408715095269
0.5064016749107076
0.49098279243131693
0.4755084111735225
0.4600035709673955
0.4444940323898744
0.42900613060953996
0.4135666168554366
0.3982024895652213
0.3829408175017033
0.36780855732484197
0.3528323682579567
0.33803842658389527
0.32345224274280004
0.3090984837741889
0.2950008037509021
0.2811816846925562
0.26766229022537846
0.2544623339803138
0.24159996440069154
0.2290916672751856
0.2169521869330736
0.2051944666496679
0.1938296084228277
0.1828668519091904
0.17231357196212282
0.16217529390222463
0.15245572538299879
0.14315680349453974
0.13427875557962665
0.12582017212031926
0.11777808998725581
0.11014808432505419
0.10292436737049926
0.09609989255925788
0.08966646236516462
0.08361483842631168
0.07793485263751254
0.07261551802273536
0.06764513833803809
0.06301141549076528
0.05870155399038113
0.05470236176775645
0.051000346811117425
0.04758180916749588
0.044432927948122036
0.041539843055468206
0.03888873141919158
0.03646587758949982
0.03425773859044445
0.032251002983814
0.03043264413770308
0.028789967733419797
0.02731065358108864
0.025982791848495168
0.02479491383985899
0.023736017491443717
0.022795587779087856
0.021963612258914966
0.021230591986239333
0.020587548078849882
0.020026024209162663
0.019538085324824706
0.019116312909171485
0.01875379710118752
0.018444125999379613
0.018181372475092772
0.01796007881856676
0.01777523953546989
0.017622282603012795
0.01749704948341535
0.017395774178680212
0.01731506159476559
0.01725186546570623
0.017203466069259377
0.017167447945890202
0.017141677812407496
0.01712428284085299
0.017113629452574664
0.017108302757086302
0.017107086745436706
0.017108945328888736
0.017113004295495116
0.01711853424022458
0.017124934508390144
0.017131718177606725
0.01713849809014112
0.017144973935684038
0.017150920373852685
0.017156176176502114
0.017160634361882976
0.017164233285869024
0.01716694864993229
0.01716878638095576
0.017169776334551412
0.017169966771056644
0.01716941955164053
0.017168206001197395
0.017166403384474727
0.017164091942403537
0.01716135243655781
0.017158264151178937
0.017154903304070768
0.0171513418198036
0.017147646421181606
0.017143877997474966
0.017140091210769093
0.017136334304570622
0.017132649081759488
0.017129071021857345
0.01712562951042862
0.01712234815626079
0.017119245174667896
0.017116333817831175
0.01711362283560225
0.017111116952457373
0.017108817348504668
0.01710672213441089
0.017104826811976115
0.01710312471373776
0.01710160741650768
0.017100265125073455
0.017099087023490278
0.017098061592419445
0.017097176891859522
0.01709642080939011
0.017095781274647393
0.017095246441275358
0.017094804838056032
0.017094445491131816
0.017094158019548278
0.0170939327064773
0.017093760548504533
0.017093633285488963
0.017093543413386203
0.017093484182423402
0.017093449582884612
0.01709343432066357
0.01709343378455641
0.017093444007185266
0.017093461621173756
0.01709348381211262
0.017093508269641844
0.017093533137784722
0.017093556965560253
0.017093578658679554
0.017093597433035068
0.017093612770505362
0.017093624377525152
0.017093632146689575
0.017093636121629507
0.01709363646523221
0.017093633431265687
0.017093627339356376
0.017093618553227663
0.01709360746206634
0.017093594464834827
0.017093579957339178
0.017093564321813304
0.017093547918805796
0.017093531081115554
0.017093514109549623
0.017093497270266322
0.01709348079345918
0.017093464873198294
0.01709344966819648
0.01709343530333829
0.017093421871778314
0.017093409437481277
0.01709339803805021
0.017093387687717954
0.017093378380429236
0.01709337009289691
0.017093362787584332
0.017093356415533667
0.017093350919029415
0.017093346234027584
0.017093342292362812
0.01709333902369592
0.01709333635721777
0.017093334223087564
0.017093332553643426
0.017093331284364743
0.0170933303546269
0.017093329708260274
0.017093329293912274
0.017093329065268947
0.01709332898113003
0.01709332900535776
0.017093329106740884
0.017093329258769274
0.017093329439350158
0.017093329630477494
0.017093329817870706
0.017093329990590544
0.017093330140657947
0.01709333026266313
0.017093330353397662
0.017093330411490304
0.017093330437077836
0.01709333043149197
0.017093330396980577
0.017093330336457213
0.017093330253279304
0.0170933301510533
0.017093330033484677
0.017093329904238175
0.017093329766829535
0.017093329624546683
0.017093329480389108
0.017093329337022678
0.017093329196761764
0.01709332906155181
0.017093328932976992
0.01709332881227077
0.01709332870033642
0.01709332859777213
0.017093328504900973
0.017093328421801668
0.01709332834834776
0.017093328284234488
0.01709332822901899
0.017093328182144263
0.017093328142974484
0.017093328110821093
0.017093328084963333
0.017093328064671454
0.01709332804922503
0.01709332803792607
0.017093328030113875
0.01709332802517094
0.01709332802253105
0.017093328021684395
0.017093328022176668
0.017093328023615406
0.017093328025661436
0.017093328028032873
0.01709332803050223
0.017093328032884103
0.017093328035041933
0.017093328036875022
0.017093328038317535
0.017093328039336497
0.017093328039916145
0.017093328040065803
0.017093328039809008
0.01709332803918162
0.017093328038226274
0.01709332803699304
0.017093328035532984
0.017093328033898292
0.01709332803213881
0.017093328030304167
0.017093328028435106
0.017093328026572596
0.01709332802475172
0.01709332802299901
0.01709332802133734
0.017093328019786358
0.017093328018358722
0.017093328017061427
0.017093328015899023
0.01709332801487229
0.017093328013977893
0.017093328013211395
0.01709332801256458
0.017093328012031672
0.017093328011597797
0.01709332801125585
0.017093328010993836
0.0170933280108011
0.01709332801066743
0.01709332801058172
0.017093328010535536
0.01709332801052099
0.017093328010528985
0.017093328010553077
0.017093328010587938
0.01709332801062724
0.017093328010668984
0.01709332801070851
0.017093328010745257
0.0170933280107749
0.017093328010797326
0.017093328010813535
0.01709332801082286
0.017093328010823305
0.017093328010816755
0.01709332801080432
0.017093328010785225
0.017093328010762687
0.01709332801073682
0.017093328010707842
0.01709332801067609
0.017093328010644115
0.017093328010612807
0.017093328010581388
0.017093328010550635
0.01709332801052188
0.017093328010494235
0.017093328010469477
0.01709332801044694
0.017093328010427178
0.01709332801040986
0.01709332801039498
0.017093328010380993
0.017093328010370556
0.017093328010361453
0.01709332801035568
0.017093328010349906
0.017093328010345465
0.0170933280103428
0.017093328010341136
0.017093328010340136
0.017093328010339692
0.017093328010341025
0.017093328010341247
0.017093328010341136
0.017093328010343023
0.017093328010343467
0.01709332801034469
0.017093328010345132
0.017093328010345132
0.017093328010346465
0.01709332801034691
0.017093328010347242
0.01709332801034613
0.017093328010346354
0.017093328010346576
0.017093328010345465
0.017093328010345687
0.0170933280103448
0.017093328010343467
0.017093328010343467
0.017093328010343245
0.017093328010342135
0.017093328010341247
0.01709332801034036
0.01709332801034036
0.01709332801033936
0.017093328010339248
0.01709332801033836
0.017093328010338138
0.01709332801033714
0.017093328010337583
0.01709332801033836
0.01709332801033725
0.01709332801033625
0.017093328010337694
0.017093328010336584
0.017093328010336806
0.017093328010337472
0.017093328010336806
0.017093328010337028
0.017093328010337472
0.017093328010336806
0.01709332801033714
0.01709332801033725
0.01709332801033725
0.01709332801033714
0.017093328010336806
0.01709332801033714
0.017093328010337472
0.01709332801033714
0.01709332801033714
0.01709332801033725
0.017093328010336806
0.017093328010337583
0.01709332801033636
0.017093328010336695
0.017093328010336695
0.017093328010336806
0.01709332801033725
0.017093328010337472
0.017093328010336695
0.017093328010336695
0.01709332801033625
0.01709332801033614
0.01709332801033625
0.017093328010336584
0.017093328010336695
0.01709332801033714
0.017093328010336806
0.017093328010336806
0.017093328010336695
0.017093328010336806
0.01709332801033625
0.017093328010336584
0.01709332801033625
0.01709332801033714
0.017093328010337028
0.017093328010337028
0.017093328010336695
0.01709332801033725
0.01709332801033614
0.017093328010335918
0.017093328010335918
0.017093328010336584
0.01709332801033725
0.017093328010336806
0.017093328010336806
0.01709332801033725
0.017093328010337472
0.017093328010336695
0.017093328010337472
0.017093328010337028
0.017093328010336695
0.017093328010337472
0.01709332801033636
0.01709332801033725
0.01709332801033614
0.017093328010337472
0.01709332801033714
0.017093328010336806
0.01709332801033725
0.01709332801033725
0.017093328010337028
0.01709332801033725
0.01709332801033725
0.017093328010337472
0.01709332801033714
0.017093328010337028
0.017093328010336584
0.017093328010336584
0.017093328010337028
0.01709332801033714
0.01709332801033725
0.01709332801033725
0.017093328010336806
0.017093328010336695
0.01709332801033714
0.01709332801033714
0.01709332801033714
0.017093328010336695
0.01709332801033714
0.017093328010336695
0.017093328010336806
0.017093328010337028
0.017093328010337028
0.01709332801033725
0.01709332801033636
0.01709332801033725
0.017093328010337472
0.017093328010336695
0.017093328010336584
0.01709332801033714
0.01709332801033725
0.017093328010337028
0.017093328010336584
0.01709332801033725
0.017093328010336806
0.017093328010336695
0.017093328010336584
0.01709332801033714
0.01709332801033725
0.017093328010336806
0.017093328010337028
0.017093328010337583
0.01709332801033714
0.017093328010336584
0.017093328010336806
0.017093328010336806
0.01709332801033636
0.01709332801033714
0.017093328010336806
0.01709332801033714
0.01709332801033725
0.01709332801033725
0.017093328010336806
0.017093328010337028
0.017093328010337028
0.01709332801033636
0.017093328010337583
0.017093328010337028
0.017093328010336806
0.01709332801033725
0.017093328010337472
0.017093328010337472
0.017093328010337028
0.01709332801033725
0.01709332801033725
0.017093328010337028
0.017093328010337472
0.017093328010336695
0.017093328010337028
0.017093328010336584
0.017093328010336806
0.01709332801033714
0.017093328010336695
0.017093328010336695
0.01709332801033725
0.01709332801033714
0.01709332801033636
0.017093328010336584
0.017093328010337028
0.01709332801033725
0.01709332801033725
0.01709332801033625
0.017093328010336695
0.01709332801033714
0.017093328010336584
0.01709332801033714
0.017093328010337583
0.017093328010337472
0.017093328010336695
0.01709332801033714
0.017093328010336806
0.017093328010336584
0.017093328010336806
0.017093328010336695
0.017093328010336584
0.017093328010336806
0.01709332801033725
0.017093328010337028
0.017093328010337472
0.01709332801033725
0.01709332801033714
0.01709332801033714
0.01709332801033714
0.017093328010336695
0.01709332801033714
0.017093328010336695
0.017093328010337028
0.017093328010337028
0.017093328010337028
0.017093328010336806
0.017093328010336695
0.017093328010336584
0.017093328010336806
0.017093328010336806
0.01709332801033636
0.017093328010336695
0.017093328010336695
0.017093328010335918
0.017093328010336695
0.017093328010336695
0.01709332801033725
0.017093328010337028
0.017093328010336695
0.01709332801033725
0.01709332801033725
