1.391743140531264
1.3694035100521351
1.3616134324297915
1.3532354700290818
1.344312587693799
1.3345858648560218
1.3246873885935702
1.314472225671877
1.303872723562344
1.2928023139609968
1.2813769232098133
1.2696163615353233
1.2575753669165497
1.245235749614523
1.23262201351817
1.2197595547939069
1.2066341086285846
1.1932708516056973
1.1796936168733239
1.1659305854444033
1.1520431557799422
1.137995629502447
1.12380691164266
1.1094470761851094
1.0944372145469758
1.079192233579998
1.0635489558802196
1.0476142493033929
1.031404407696992
1.014935321439378
0.998224947260548
0.9812995779527497
0.9642050758297828
0.9458952599208671
0.9271206327667442
0.9080406468769582
0.8885715705934563
0.8689727318506284
0.8493242481425041
0.8296719443565957
0.8100745248706034
0.7903136255810792
0.7703567300197264
0.7501200485972163
0.729725890379557
0.7091196926285539
0.6882042844491421
0.6669735067744799
0.6453830358595884
0.6230313848906369
0.6003486853809483
0.5773989678601463
0.5543587063985085
0.5311966727726317
0.5074942332000183
0.4837307908046625
0.4602344157235032
0.43689681584483564
0.413170246219651
0.3897566663682477
0.36677278804481833
0.3443367324427207
0.3227120112392731
0.3015473390229924
0.28149131812285455
0.2619942378667748
0.24353688176749133
0.22629458232053049
0.20986328928259776
0.19457317843739513
0.18040281692332313
0.1671587065159826
0.15499592373169233
0.1437053196557962
0.13345850018056943
0.12391326173622431
0.11533244272564633
0.10769138971875877
0.10096179363724415
0.09463650950519312
0.08920561997491525
0.0846072582393873
0.08077014828814315
0.07721576126557153
0.0742927837068012
0.07193198411163075
0.07007100494727034
0.06865465623621538
0.06710335121226503
0.06594196917478003
0.06511751974442542
0.06456919767146599
0.06421465963460625
0.06396005985292907
0.0637648760405375
0.06301802876733925
0.062427985427038264
0.061994330136203604
0.061710215984985516
0.0615673832838938
0.061558323690462165
0.06167704262418832
0.06191919233258853
0.061604093748801256
0.061452430482421
0.06145993060024635
0.06162063252859871
0.06192630376064009
0.062369655454441696
0.06294943614192929
0.06363364744572836
0.06409249585005587
0.06339380768688319
0.06270853531762241
0.06215388848127451
0.06174138734941833
0.06146778482512034
0.061329929725236466
0.06132708159368144
0.06146118672148567
0.061736990439816515
0.0621624107245939
0.0620039156917823
0.06210955298961606
0.06249165866259851
0.0631770022697158
0.06422256158891447
0.06575991988571986
0.06818363839813167
0.07529253170828742
0.07318322034921577
0.07189113089124739
0.06987921761397647
0.06804718316267452
0.06645635809940284
0.06516749731193984
0.0642018558796507
0.06355520384369046
0.06320957048092561
0.06313922882309592
0.0633138680398324
0.06370057472917975
0.06426529295392369
0.06402720755516972
0.0639672768972281
0.06405178881781888
0.06425477612080573
0.06456380449094656
0.06498503414104781
0.06554557061886385
0.06629501736936513
0.06731168390964501
0.0687210917807665
0.07073139909606149
0.07335470383026471
0.07287718968060115
0.07126192836216542
0.07004075015621984
0.06914628242900174
0.06851525770190323
0.06810407758778367
0.0678827053431942
0.0678302839785952
0.06793263067940628
0.06818082841109191
0.06857050774182001
0.06910166754513987
0.06977900211978777
0.07061276049929709
0.07059979207232646
0.0709216439951385
0.07160147336244242
0.0726830435039297
0.07424327517776416
0.07641409605392852
0.07942118791533748
0.0760126559597744
0.07312268741828269
0.07100936750295953
0.06974303624126661
0.06926872168220542
0.06836598058683385
0.06821031685607425
0.06870443883408617
0.06976557358681251
0.07133003166362499
0.07335639198924973
0.07582778931368273
0.07875354492628776
0.07661595013737185
0.07507498281950863
0.07316138706957359
0.07192931258536776
0.07132548266781237
0.07128792517708889
0.07175345359981626
0.07266325159396257
0.07396659663840148
0.07562313388642977
0.07760420971794547
