0.8064115987106104
0.7285409375892358
0.7275595222894575
0.7265753500098724
0.7255887961222265
0.7245999949473589
0.7236090018927354
0.7226158387004117
0.7216205104558644
0.7206230132200546
0.719623337897535
0.718621472383423
0.7176174028433551
0.7166111145222179
0.7156025922803151
0.7145918209633095
0.7135787856659725
0.7125634719251785
0.7115458658639201
0.7105259543001883
0.7095037248298126
0.7084791658894176
0.707452266803803
0.7064230178208226
0.7053914101360594
0.7043574359090299
0.7033210882722809
0.7022823613344837
0.7012412501784204
0.7001977508546322
0.6991518603713776
0.698103576681474
0.6970528986665179
0.6959998261189302
0.6949443597222189
0.6938865010298131
0.6928262524427811
0.6917636171867187
0.6906985992880501
0.6896312035499716
0.6885614355282277
0.6874893015068921
0.6864148084743089
0.6853379640993145
0.6842587767078531
0.6831772552600829
0.6820934093280413
0.6810072490739396
0.6799187852291297
0.6788280290737857
0.6777349924173246
0.6766396875795843
0.6755421273727713
0.674442325084178
0.6733402944596666
0.6722360496879132
0.6711296053853963
0.6700209765821148
0.6689101787080146
0.6677972275801001
0.6666821393902107
0.6655649306934324
0.6644456183971155
0.6633242197504798
0.6622007523347699
0.6610752340539372
0.6599476831258186
0.6588181180737891
0.657686557718852
0.6565530211721518
0.6554175278278731
0.6542800973565088
0.6531407496984685
0.6519995050580072
0.6508563838974506
0.6497114069316949
0.6485645951229648
0.6474159696758066
0.6462655520322989
0.6451133638674695
0.643959427084889
0.6428037638124469
0.6416463963982706
0.6404873474067978
0.6393266396149704
0.638164296008555
0.6370003397785626
0.6358347943177685
0.6346676832173261
0.6334990302634453
0.6323288594341558
0.631157194896123
0.6299840610015253
0.6288094822849779
0.6276334834604986
0.6264560894185178
0.6252773252229071
0.6240972161080536
0.6229157874759383
0.621733064893252
0.6205490740885102
0.6193638409491926
0.6181773915188844
0.616989751994427
0.6158009487230724
0.6146110081996383
0.6134199570636591
0.6122278220965445
0.6110346302187211
0.6098404084867814
0.608645184090612
0.6074489843505251
0.6062518367143761
0.6050537687546711
0.6038548081656621
0.6026549827604348
0.6014543204679808
0.600252849330257
0.5990505974992351
0.5978475932339344
0.5966438648974426
0.5954394409539239
0.5942343499656115
0.5930286205897872
0.5918222815757472
0.5906153617617556
0.589407890071981
0.5881998955134233
0.5869914071728284
0.5857824542135834
0.5845730658726092
0.5833632714572299
0.5821531003420435
0.5809425819657692
0.5797317458280893
0.578520621486484
0.5773092385530478
0.576097626691306
0.5748858156130163
0.573673835074962
0.57246171487574
0.5712494848525436
0.5700371748779327
0.568824814856602
0.5676124347221454
0.5664000644338103
0.5651877339732545
0.5639754733412956
0.5627633125546574
0.5615512816427168
0.5603394106442474
0.5591277296041635
0.5579162685702643
0.5567050575899777
0.555494126707107
0.5542835059585756
0.5530732253711843
0.5518633149583589
0.5506538047169156
0.5494447246238172
0.5482361046329478
0.5470279746718889
0.5458203646386994
0.5446133043987065
0.5434068237813077
0.5422009525767779
0.540995720533086
0.5397911573527274
0.5385872926895621
0.537384156145668
0.5361817772682067
0.534980185546301
0.5337794104079296
0.5325794812168327
0.5313804272694369
0.5301822777917928
0.5289850619365342
0.5277888087798461
0.5265935473184642
0.5253993064666782
0.5242061150533666
0.5230140018190415
0.5218229954129261
0.52063312439004
0.5194444172083186
0.5182569022257442
0.51707060769751
0.5158855617731979
0.5147017924939932
0.5135193277899059
0.5123381954770412
0.5111584232548705
0.5099800387035491
0.5088030692812502
0.5076275423215288
0.5064534850307132
0.5052809244853287
0.5041098876295433
0.5029404012726484
0.5017724920865685
0.5006061866033984
0.49944151121297675
0.4982784921604806
0.49711715554406755
0.49595752731253095
0.4947996332630028
0.49364349903868543
0.4924891501266073
0.4913366118554281
0.4901859093932628
0.48903706774555145
0.4878901117529554
0.48674506608929147
0.4856019552595039
0.4844608035976662
0.48332163526502214
0.482184474248064
0.48104934435664126
0.4799162692221136
0.4787852722955356
0.47765637684587525
0.47652960595827976
0.47540498253236463
0.47428252928055514
0.47316226872645517
0.47204422320325357
0.47092841485217585
0.46981486562096475
0.46870359726240984
0.46759463133290147
0.46648798919103573
0.4653836919962493
0.46428176070749705
0.46318221608196897
0.4620850786738365
0.46099036883305233
0.45989810670417597
0.45880831222524265
0.45772100512667235
0.4566362049302116
0.45555393094792407
0.4544742022812066
0.4533970378198532
0.4523224562411532
0.4512504760090291
0.45018111537321115
0.44911439236845274
0.4480503248137774
0.44698893031177367
0.44593022624791623
0.44487422978993496
0.44382095788721265
0.44277042727022486
0.44172265445001724
0.4406776557177182
0.4396354471440832
0.43859604457908985
0.43755946365155085
0.4365257197687784
0.4354948281162726
0.43446680365745916
0.4334416611334442
0.4324194150628231
0.43140007974150985
0.4303836692426083
0.42937019741631866
0.4283596778898685
0.4273521240674948
0.4263475491304375
0.42534596603698505
0.42434738752254564
0.42335182609974886
0.42235929405857897
0.4213698034665502
0.4203833661688987
0.41939999378881776
0.41841969772772003
0.41744248916552495
0.41646837906098666
0.41549737815204235
0.4145294969561981
0.41356474577093605
0.4126031346741562
0.41164467352464484
0.41068937196257094
0.4097372394100066
0.408788285071484
0.4078425179345697
0.40689994677047026
0.4059605801346622
0.4050244263675492
0.4040914935951435
0.4031617897297738
0.40223532247081306
0.4013120993054372
0.4003921275094019
0.39947541414784826
0.39856196607612226
0.3976517899406259
0.39674489217968856
0.3958412790244532
0.3949409564997949
0.3940439304252472
0.39315020641596465
0.3922597898836878
0.3913726860377421
0.3904888998860492
0.3896084362361568
0.3887312996962894
0.3878574946764163
0.3869870253893354
0.38611989585177553
0.38525610988551506
0.3843956711185189
0.38353858298608534
0.38268484873201647
0.38183447140979787
0.38098745388379207
0.38014379883045535
0.3793035087395519
0.37846658591540094
0.37763303247812197
0.37680285036489825
0.3759760413312532
0.3751526069523353
0.37433254862422116
0.37351586756521804
0.37270256481719166
0.3718926412468908
0.3710860975472905
0.37028293423894165
0.3694831516713293
0.36868675002424256
0.36789372930914466
0.3671040893705668
0.3663178298874923
0.3655349503747579
0.3647554501844601
0.36397932850737
0.3632065843743474
0.3624372166577716
0.3616712240729668
0.3609086051796401
0.36014935838332207
0.3593934819368112
0.3586409739416223
0.3578918323494441
0.35714605496358753
0.3564036394404563
0.3556645832910019
0.35492888388219057
0.35419653843847465
0.3534675440432612
0.3527418976403812
0.35201959603556354
0.3513006358979137
0.35058501376138207
0.34987272602624797
0.34916376896058776
0.34845813870175435
0.3477558312578546
0.3470568425092243
0.34636116820990004
0.3456688039890976
0.34497974535268017
0.34429398768463326
0.3436115262485294
0.3429323561890011
0.342256472533202
0.3415838701922699
0.34091454396278753
0.3402484885282434
0.33958569846048015
0.33892616822114474
0.33826989216314496
0.33761686453208384
0.3369670794677021
0.3363205310053149
0.3356772130772425
0.33503711951423776
0.33440024404690816
0.3337665803071316
0.3331361218294693
0.3325088620525781
0.33188479432060347
0.3312639118845815
0.3306462079038299
0.3300316754473317
0.32942030749511086
0.3288120969396119
0.3282070365870614
0.3276051191588284
0.3270063372927813
0.32641068354463076
0.325818150389274
0.3252287302221232
0.3246424153604387
0.32405919804463856
0.32347907043962243
0.322902024636063
0.32232805265171527
0.3217571464326966
0.3211892978547741
0.3206244987246363
0.32006274078116226
0.31950401569667297
0.3189483150781919
0.3183956304686788
0.3178459533482666
0.31729927513548795
0.3167555871884916
0.3162148808062507
0.31567714722976525
0.3151423776432546
0.31461056317533787
0.3140816949002109
0.31355576383881123
0.31303276095997934
0.3125126771816017
0.3119955033717542
0.3114812303498308
0.31096984888766954
0.31046134971066053
0.3099557234988529
0.3094529608880522
0.30895305247089844
0.3084559887979528
0.3079617603787591
0.30747035768290487
0.3069817711410704
0.3064959911460692
0.30601300805388076
0.3055328121846692
0.3050553938238001
0.30458074322284123
0.30410885060055903
0.3036397061439038
0.30317330000898346
0.302709622322034
0.3022486631803746
0.3017904126533556
0.3013348607833001
0.30088199758643397
0.3004318130538032
0.299984297152188
0.29953943982500864
0.2990972309932113
0.29865766055615994
0.29822071839250597
0.2977863943610557
0.2973546783016304
0.2969255600359083
0.29649902936826955
0.2960750760866223
0.2956536899632226
0.29523486075549155
0.2948185782068128
0.2944048320473279
0.29399361199472385
0.29358490775500856
0.29317870902327403
0.292775005484461
0.29237378681410764
0.2919750426790878
0.2915787627383478
0.29118493664362655
0.2907935540401726
0.29040460456745365
0.2900180778598497
0.28963396354734783
0.289252251256221
0.2888729306097009
0.28849599122864544
0.28812142273219143
0.28774921473840553
0.28737935686492666
0.28701183872958735
0.28664664995105316
0.2862837801494248
0.28592321894685346
0.28556495596813847
0.2852089808413171
0.2848552831982536
0.2845038526752096
0.2841546789134156
0.28380775155963256
0.28346306026670165
0.28312059469409345
0.2827803445084447
0.28244229938408516
0.28210644900356563
0.2817727830581709
0.28144129124842854
0.28111196328461074
0.2807847888872258
0.2804597577875051
0.2801368597278868
0.27981608446247996
0.2794974217575411
0.2791808613919189
0.2788663931575196
0.2785540068597415
0.2782436923179167
0.2779354393657435
0.27762923785170734
0.277325077639505
0.277022948608446
0.2767228406538673
0.27642474368752357
0.27612864763798795
0.2758345424510277
0.2755424180899926
0.275252264536181
0.2749640717892099
0.27467782986737854
0.2743935288080154
0.2741111586678353
0.2738307095232778
0.27355217147084376
0.2732755346274286
0.2730007891306473
0.27272792513914945
0.27245693283294103
0.27218780241368734
0.27192052410501655
0.2716550881528158
0.2713914848255262
0.27112970441442696
0.2708697372339163
0.27061157362178767
0.27035520393950063
0.2701006185724437
0.26984780793019914
0.2695967624467932
0.26934747258094804
0.2690999288163276
0.268854121661778
0.268610041651561
0.26836767934558325
0.2681270253296262
0.2678880702155647
0.26765080464158275
0.2674152192723843
0.26718130479940305
0.2669490519410057
0.266718451442682
0.2664894940772514
0.26626217064504065
0.26603647197407465
0.26581238892025627
0.2655899123675427
0.26536903322811567
0.26514974244255385
0.2649320309799924
0.2647158898382861
0.2645013100441659
0.26428828265338433
0.26407679875087375
0.263866849450884
0.2636584258971254
0.26345151926290233
0.26324612075125
0.2630422215950642
0.26283981305722204
0.26263888643070865
0.26243943303873507
0.26224144423485185
0.2620449114030602
0.2618498259579237
0.26165617934466867
0.2614639630392892
0.26127316854864324
0.2610837874105457
0.2608958111938674
0.2607092314986139
0.2605240399560179
0.2603402282286199
0.2601577880103453
0.25997671102658126
0.25979698903425374
0.25961861382189033
0.25944157720969363
0.2592658710496085
0.25909148722537145
0.2589184176525833
0.25874665427875654
0.25857618908336966
0.25840701407792566
0.2582391213059867
0.2580725028432299
0.2579071507974867
0.2577430573087862
0.25758021454938307
0.25741861472380745
0.25725825006888414
0.2570991128537711
0.2569411953799866
0.2567844899814299
0.25662898902441267
0.2564746849076709
0.2563215700623912
0.2561696369522225
0.25601887807329315
0.25586928595422254
0.2557208531561296
0.2555735722726412
0.2554274359299017
0.25528243678656803
0.2551385675338249
0.2549958208953691
0.25485418962742035
0.25471366651870664
0.25457424439046805
0.25443591609644134
0.2542986745228534
0.25416251258841116
0.2540274232442833
0.2538933994740876
0.2537604342938765
0.2536285207521165
0.2534976519296652
0.2533678209397534
0.2532390209279599
0.2531112450721823
0.25298448658262007
0.25285873870173636
0.25273399470422964
0.25261024789700615
0.2524874916191432
0.2523657192418577
0.25224492416846844
0.2521250998343558
0.25200623970692915
0.2518883372855817
0.25177138610164984
0.2516553797183717
0.2515403117308419
0.25142617576596293
0.251312965482407
0.2512006745705556
0.2510892967524617
0.25097882578179187
0.2508692554437776
0.2507605795551585
0.25065279196413426
0.2505458865503033
0.2504398572246118
0.25033469792929075
0.25023040263780183
0.2501269653547712
0.25002438011593997
0.24992264098809114
0.24982174206899188
0.2497216774873291
0.24962244140264478
0.24952402800526985
0.24942643151625787
0.2493296461873148
0.24923366630073762
0.24913848616933254
0.24904410013635914
0.2489505025754476
0.2488576878905322
0.2487656505157757
0.2486743849155012
0.24858388558410638
0.24849414704600115
0.24840516385552303
0.24831693059686477
0.2482294418839901
0.24814269236056619
0.24805667669987363
0.2479713896047322
0.2478868258074226
0.24780298006959856
0.24771984718221185
0.24763742196542549
0.24755569926853094
0.247474673969866
0.24739434097673263
0.24731469522530503
0.24723573168055057
0.2471574453361448
0.24707983121437493
0.24700288436606643
0.2469265998704827
0.24685097283524648
0.2467759983962431
0.24670167171754087
0.24662798799129293
0.24655494243764797
0.24648253030466416
0.2464107468682153
0.24633958743189943
0.24626904732694566
0.24619912191212556
0.24612980657365435
0.24606109672510568
0.24599298780731005
0.24592547528826492
0.24585855466304274
0.24579222145368906
0.2457264712091355
0.2456612995051014
0.24559670194399363
0.24553267415481794
0.24546921179307724
0.24540631054067663
0.24534396610583153
0.2452821742229604
0.24522093065259298
0.2451602311812785
0.2451000716214743
0.24504044781145862
0.24498135561522805
0.24492279092239977
0.2448647496481109
0.24480722773292118
0.2447502211427134
0.24469372586859484
0.24463773792679522
0.24458225335856676
0.24452726823008997
0.24447277863236305
0.24441878068111356
0.24436527051668833
0.2443122443039566
0.24425969823221116
0.24420762851506372
0.2441560313903438
0.24410490312000432
0.24405423999001374
0.2440040383102523
0.24395429441442207
0.24390500465993104
0.24385616542780586
0.24380777312257862
0.2437598241721921
0.2437123150278916
0.24366524216413366
0.24361860207847286
0.2435723912914689
0.24352660634657608
0.24348124381004965
0.2434363002708405
0.2433917723404898
0.24334765665303382
0.24330394986489756
0.24326064865479158
0.2432177497236151
0.24317524979434835
0.2431331456119582
0.24309143394328547
0.24305011157695355
0.24300917532326138
0.24296862201408143
0.24292844850276074
0.24288865166401674
0.2428492283938355
0.2428101756093749
0.24277149024885736
0.24273316927146826
0.24269520965726266
0.24265760840705342
0.24262036254231967
0.24258346910509532
0.24254692515788
0.24251072778352956
0.2424748740851581
0.24243936118603704
0.2424041862294959
0.24236934637882068
0.2423348388171519
0.24230066074739076
0.24226680939208833
0.2422332819933587
0.24220007581276848
0.24216718813124238
0.2421346162489627
0.2421023574852711
0.24207040917856615
0.24203876868620988
0.2420074333844222
0.24197640066819026
0.24194566795116035
0.24191523266554815
0.24188509226203703
0.24185524420967874
0.24182568599579968
0.24179641512589678
0.24176742912354943
0.24173872553031284
0.24171030190562615
0.24168215582671682
0.24165428488850027
0.24162668670348442
0.2415993589016776
0.24157229913048273
0.24154550505461625
0.24151897435599812
0.2414927047336649
0.24146669390367492
0.24144093959900614
0.24141543956947198
0.24139019158161634
0.24136519341862728
0.24134044288023881
0.2413159377826416
0.24129167595838297
0.24126765525627814
0.24124387354131704
0.24122032869457233
0.24119701861310194
0.2411739412098638
0.24115109441361848
0.2411284761688406
0.24110608443562498
0.24108391718960032
0.24106197242182947
0.24104024813872726
0.2410187423619674
0.2409974531283895
0.2409763784899145
0.24095551651344882
0.24093486528080132
0.24091442288858944
0.24089418744815394
0.2408741570854679
0.24085432994105005
0.24083470416987607
0.24081527794129087
0.24079604943892197
0.2407770168605926
0.24075817841823355
0.24073953233780065
0.24072107685917932
0.2407028102361125
0.2406847307361022
0.24066683664033217
0.24064912624357915
0.24063159785413057
0.2406142497936984
0.24059708039733552
0.2405800880133514
0.24056327100323127
0.2405466277415501
0.2405301566158915
0.2405138560267609
0.2404977243875126
0.2404817601242576
0.24046596167578815
0.24045032749349404
0.24043485604128179
0.24041954579549663
0.24040439524483947
0.24038940289028465
0.24037456724500572
0.24035988683429255
0.24034536019547348
0.2403309858778352
0.24031676244254452
0.24030268846257385
0.24028876252261588
0.2402749832190142
0.240261349159681
0.24024785896402223
0.2402345112628591
0.2402213046983569
0.24020823792394108
0.2401953096042302
0.24018251841495408
0.2401698630428819
0.24015734218574958
0.240144954552179
0.2401326988616136
0.2401205738442348
0.24010857824089538
0.24009671080304518
0.2400849702926564
0.24007335548215492
0.2400618651543428
0.2400504981023347
0.24003925312947694
0.24002812904928705
0.24001712468537295
0.24000623887136985
0.23999547045086678
0.23998481827733986
0.23997428121407627
0.23996385813411691
0.23995354792017454
0.23994334946457652
0.23993326166918882
0.2399232834453553
0.23991341371382136
0.23990365140467595
0.23989399545728263
0.2398844448202082
0.239874998451162
0.23986565531692727
0.2398564143932994
0.23984727466501743
0.23983823512569835
0.23982929477777815
0.23982045263244112
0.23981170770956217
0.2398030590376402
0.23979450565373417
0.23978604660340197
0.239777680940639
0.2397694077278132
0.23976122603560623
0.2397531349429496
0.23974513353696603
0.23973722091290617
0.23972939617408906
0.239721658431844
0.23971400680544563
0.23970644042206068
0.23969895841668531
0.23969155993208602
0.23968424411874212
0.23967701013478815
0.23966985714595357
0.23966278432550847
0.2396557908542034
0.23964887592021322
0.23964203871908385
0.2396352784536696
0.23962859433408212
0.23962198557763426
0.23961545140878238
0.23960899105907252
0.23960260376708664
0.23959628877838934
0.23959004534546668
0.23958387272768356
0.23957777019122017
0.23957173700902556
0.23956577246076094
0.23955987583274707
0.23955404641791533
0.2395482835157562
0.23954258643226034
0.2395369544798739
0.23953138697744836
0.2395258832501851
0.2395204426295897
0.23951506445341464
0.2395097480656192
0.23950449281631414
0.23949929806171166
0.23949416316408
0.23948908749169318
0.23948407041878284
0.23947911132548894
0.2394742095978145
0.2394693646275785
0.23946457581236436
0.23945984255547825
0.23945516426589863
0.2394505403582362
0.23944597025267866
0.23944145337495237
0.23943698915627343
0.23943257703330667
0.2394282164481174
0.23942390684812376
0.2394196476860624
0.23941543841993385
0.2394112785129664
0.2394071674335696
0.23940310465529147
0.23939908965677403
0.23939512192171486
0.2393912009388216
0.23938732620177328
0.23938349720917262
0.23937971346451248
0.2393759744761268
0.23937227975715658
0.23936862882550491
0.23936502120379977
0.23936145641934925
0.23935793400410865
0.2393544534946347
0.23935101443205076
0.2393476163620042
0.23934425883462918
0.23934094140450946
0.2393376636306428
0.23933442507639235
0.2393312253094626
0.2393280639018508
0.23932494042981844
0.23932185447384946
0.23931880561861207
0.2393157934529282
0.23931281756973488
