0.7726481179395894
0.7630362150259402
0.7504503931299127
0.7374008792207669
0.7239117498561043
0.7100057688418826
0.6957008214810172
0.6810126864244143
0.6659567585675625
0.6505490160622551
0.63480658600671
0.6187480916835892
0.602393870765662
0.5857661090553195
0.5688889125789645
0.5517883300021358
0.5344923318005281
0.5170307498230566
0.4994351795575974
0.4817388469179287
0.4639764413683044
0.44618391749382436
0.42839826758921074
0.4106572683940457
0.3929992056885915
0.3754625810327762
0.3580858054415894
0.3409068852087276
0.3239631053887314
0.3072907166038137
0.2909246308399531
0.27489813173010713
0.25924260449101333
0.24398729019299303
0.2291590684161079
0.21478227160504637
0.20087853360904695
0.18746667401596628
0.1745626189974293
0.16217935851073506
0.15032693888668314
0.13901248909980468
0.1282402783923956
0.11801180242219944
0.1083258947345308
0.0991788601237853
0.0905646263407952
0.08247491060920387
0.07489939751936425
0.06782592505283003
0.06124067573334724
0.055128370181001696
0.04947246064601485
0.04425532240121255
0.039458441164621605
0.03506259499656916
0.031048029363182295
0.027394624277849555
0.024082052623976224
0.021089928928615276
0.018397948000729136
0.015986012974319563
0.013834352410052264
0.01192362621305687
0.010235020223251623
0.008750329429867754
0.007452029855737674
0.00632333924979378
0.005348266817849612
0.004511652311216197
0.003799194878580159
0.0031974721671556017
0.0026939502325813436
0.00227698488184902
0.0019358151280272073
0.0016605494788867192
0.0014421458126604447
0.001272385613181659
0.0011438433432670037
0.001049851730189899
0.0009844637210608687
0.000942411840063162
0.0009190656448372359
0.0009103879375224055
0.0009128903381155906
0.0009235887756049443
0.0009399593970086384
0.0009598953372944585
0.0009816647355092023
0.0010038703251030734
0.001025410870625909
0.0010454446692153008
0.001063355284454004
0.0010787196325562354
0.001091278496954895
0.0011009095074684394
0.0011076025843910209
0.0011114378162263572
0.0011125657123258748
0.001111189748328023
0.0011075511028536544
0.0011019154682648802
0.0010945618061506401
0.0010857729093957103
0.0010758276268337807
0.001064994603480418
0.001053527388639064
0.001041660765768726
0.001029608161389084
0.0010175599952706449
0.0010056828405270446
0.0009941192695213097
0.0009829882698192405
0.0009723861230468422
0.0009623876488609184
0.0009530477254835468
0.0009444030077667698
0.0009364737729562478
0.0009292658334825177
0.0009227724647292712
0.0009169763040551837
0.0009118511850593203
0.0009073638783401172
0.0009034757165272689
0.0009001440873769306
0.0008973237840605996
0.0008949682064404163
0.0008930304112574339
0.0008914640125915474
0.000890223936870993
0.0008892670390734381
0.0008885525886163093
0.0008880426347933623
0.0008877022626690989
0.000887499750849785
0.0008874066428880001
0.0008873977440604364
0.0008874510549782277
0.0008875476530668669
0.0008876715323391515
0.0008878094111609558
0.0008879505168613022
0.0008880863551913309
0.0008882104717141681
0.0008883182112757737
0.0008884064808049041
0.000888473519834232
0.0008885186822363833
0.0008885422319676595
0.0008885451548014123
0.0008885289874638325
0.0008884956649320985
0.0008884473861776598
0.0008883864982132117
0.0008883153978848091
0.0008882364506144214
0.0008881519250133474
0.0008880639421317005
0.0008879744379850507
0.0008878851379412467
0.0008877975414814943
0.0008877129158970654
0.0008876322975081008
0.0008875564990254992
0.0008874861218233221
0.0008874215719041345
0.0008873630785405373
0.0008873107146097903
0.0008872644178125055
0.0008872240120578745
0.0008871892284307847
0.0008871597252552155
0.0008871351068632238
0.0008871149408133938
0.0008870987733445856
0.000887086142956961
0.0008870765920664381
0.0008870696767462327
0.0008870649746094417
0.000887062090928481
0.0008870606631191658
0.0008870603637274321
0.0008870609021011111
0.0008870620248857541
0.0008870635155494577
0.0008870651930803497
0.0008870669100403683
0.0008870685501133346
0.0008870700252998631
0.0008870712728840102
0.0008870722522842378
0.0008870729418893886
0.0008870733359632732
0.0008870734416775994
0.000887073276340633
0.0008870728648523452
0.0008870722374035855
0.000887071427470687
0.0008870704700617571
0.0008870694002611756
0.0008870682520288886
0.0008870670572586059
0.000887065845079138
0.0008870646413500216
0.0008870634683644241
0.0008870623447156945
0.0008870612852898141
0.0008870603013885203
0.000887059400936363
0.0008870585887574833
0.0008870578669033513
0.000887057235005706
0.0008870566906545863
0.0008870562297663698
0.0008870558469474821
0.0008870555358359011
0.0008870552894202355
0.0008870551003236082
0.0008870549610540124
0.0008870548642163634
0.0008870548026921332
0.0008870547697782394
0.0008870547592964018
0.0008870547656650851
0.0008870547839484599
0.0008870548098739439
0.0008870548398355327
0.0008870548708707071
0.0008870549006276818
0.0008870549273188866
0.0008870549496676761
0.0008870549668501537
0.0008870549784312232
0.0008870549843056352
0.0008870549846347053
0.0008870549797849181
0.0008870549702836295
0.0008870549567615571
0.0008870549399148109
0.0008870549204634814
0.0008870548991231075
0.0008870548765803621
0.0008870548534707368
0.000887054830363998
0.0008870548077578588
0.000887054786069652
0.000887054765634665
0.0008870547467100254
0.0008870547294748121
0.0008870547140383822
0.0008870547004494744
0.0008870546886982078
0.000887054678728294
0.0008870546704490279
0.0008870546637381738
0.0008870546584517358
0.0008870546544358371
0.0008870546515238331
0.0008870546495535203
0.000887054648362251
0.0008870546477979246
0.0008870546477193209
0.0008870546479982089
0.0008870546485196806
0.0008870546491873688
0.0008870546499184506
0.00088705465064709
0.0008870546513183308
0.0008870546518969791
0.0008870546523557232
0.0008870546526797973
0.0008870546528619849
0.0008870546529052836
0.0008870546528156886
0.0008870546526072998
0.000887054652294661
0.0008870546518952027
0.0008870546514280209
0.0008870546509122113
0.0008870546503648713
0.0008870546498028764
0.0008870546492417697
0.00088705464869554
0.0008870546481718478
0.0008870546476821284
0.0008870546472329321
0.0008870546468271456
0.0008870546464687656
0.0008870546461575701
0.000887054645893115
0.0008870546456732908
0.0008870546454960992
0.0008870546453564332
0.0008870546452527384
0.0008870546451779093
0.0008870546451288375
0.000887054645101415
0.0008870546450898686
0.0008870546450922001
0.0008870546451031913
0.0008870546451197336
0.0008870546451408279
0.0008870546451617001
0.0008870546451819061
0.0008870546452008909
0.000887054645215879
0.0008870546452275363
0.0008870546452349748
0.0008870546452381944
0.0008870546452371952
0.0008870546452314221
0.0008870546452239836
0.0008870546452127703
0.0008870546452004469
0.0008870546451847927
0.0008870546451701378
0.0008870546451537065
0.000887054645136498
0.0008870546451208439
0.0008870546451059669
0.0008870546450912009
0.0008870546450775452
0.0008870546450672201
0.000887054645056673
0.0008870546450475691
0.0008870546450404637
0.0008870546450339134
0.0008870546450302497
0.0008870546450258088
0.0008870546450232553
0.0008870546450211458
0.0008870546450202577
0.0008870546450197025
0.0008870546450204797
0.0008870546450198136
0.0008870546450209238
0.0008870546450214789
0.0008870546450227002
0.0008870546450229222
0.0008870546450232553
0.0008870546450233663
0.0008870546450235883
0.0008870546450253647
0.0008870546450241434
0.0008870546450250316
0.0008870546450242545
0.0008870546450238104
0.0008870546450231442
0.0008870546450224781
0.0008870546450224781
0.000887054645021923
0.0008870546450215899
0.0008870546450209238
0.0008870546450202577
0.0008870546450197025
0.0008870546450201466
0.0008870546450193695
0.0008870546450187033
0.0008870546450187033
0.0008870546450187033
0.0008870546450182593
0.0008870546450182593
0.0008870546450180372
0.0008870546450175931
0.0008870546450179262
0.0008870546450178152
0.0008870546450179262
0.0008870546450178152
0.0008870546450174821
0.0008870546450179262
0.0008870546450182593
0.0008870546450179262
0.0008870546450179262
0.0008870546450175931
0.0008870546450178152
0.0008870546450179262
0.0008870546450174821
0.0008870546450175931
0.0008870546450180372
0.0008870546450179262
0.0008870546450178152
0.0008870546450178152
0.0008870546450179262
0.0008870546450182593
0.0008870546450183703
0.0008870546450184813
0.0008870546450179262
0.0008870546450174821
0.0008870546450175931
0.0008870546450189254
0.0008870546450183703
0.0008870546450179262
0.0008870546450179262
0.0008870546450175931
0.0008870546450178152
0.0008870546450179262
0.0008870546450174821
0.0008870546450175931
0.0008870546450179262
0.0008870546450180372
0.0008870546450175931
0.0008870546450178152
0.0008870546450180372
0.0008870546450173711
0.0008870546450182593
0.0008870546450184813
0.0008870546450180372
0.0008870546450175931
0.0008870546450179262
0.0008870546450184813
0.0008870546450180372
0.0008870546450183703
0.0008870546450173711
0.0008870546450179262
0.0008870546450173711
0.000887054645017149
0.0008870546450179262
0.0008870546450183703
0.0008870546450175931
0.0008870546450178152
0.0008870546450173711
0.0008870546450173711
0.0008870546450182593
0.0008870546450174821
0.0008870546450178152
0.0008870546450175931
0.0008870546450173711
0.0008870546450182593
0.0008870546450178152
0.0008870546450184813
0.0008870546450175931
0.0008870546450178152
0.0008870546450175931
0.0008870546450173711
0.0008870546450184813
0.0008870546450179262
0.0008870546450173711
0.0008870546450180372
0.0008870546450174821
0.0008870546450174821
0.0008870546450182593
0.0008870546450179262
0.0008870546450179262
0.0008870546450175931
0.0008870546450175931
0.0008870546450179262
0.0008870546450175931
0.0008870546450175931
0.0008870546450183703
0.0008870546450183703
0.0008870546450178152
0.0008870546450174821
0.0008870546450184813
0.0008870546450179262
0.0008870546450182593
0.0008870546450175931
0.0008870546450175931
0.0008870546450179262
0.0008870546450173711
0.0008870546450175931
0.0008870546450179262
0.0008870546450174821
0.0008870546450178152
0.000887054645017038
0.000887054645017149
0.0008870546450178152
0.0008870546450180372
0.0008870546450175931
0.0008870546450182593
0.0008870546450182593
0.0008870546450174821
0.0008870546450180372
0.0008870546450178152
0.0008870546450182593
0.0008870546450180372
0.0008870546450173711
0.0008870546450175931
0.0008870546450174821
0.0008870546450173711
0.0008870546450175931
0.0008870546450184813
0.0008870546450180372
0.0008870546450178152
0.0008870546450180372
0.0008870546450173711
0.0008870546450175931
0.0008870546450178152
0.0008870546450183703
0.0008870546450182593
0.0008870546450184813
0.0008870546450182593
0.0008870546450178152
0.0008870546450179262
0.0008870546450173711
0.0008870546450174821
0.0008870546450175931
0.0008870546450178152
0.0008870546450175931
0.0008870546450178152
0.0008870546450175931
0.0008870546450173711
0.0008870546450173711
0.0008870546450175931
