1.2060356572704454
1.0709540333814194
1.0617624672297374
1.051650077325637
1.0410253606616404
1.0300427305421038
1.0187782976154969
1.0072761620371635
0.9955649563120799
0.9836649441711623
0.9715914636425248
0.9593567475692937
0.946970947377173
0.9344427328535416
0.9217796484825824
0.9089883148030887
0.8960745112876057
0.8830431397073266
0.869898031645655
0.8566415283418622
0.8432737457931218
0.8297915319068528
0.8161875564783152
0.8024509683656244
0.7885716449905202
0.7745471715228801
0.760386601414208
0.7461075532151883
0.7317308643987217
0.717277229280988
0.7027661555497317
0.6882160255009248
0.6736444330240527
0.6590684853284129
0.6445050029492689
0.6299706286718969
0.6154818702056992
0.6010550981192874
0.5867065145388628
0.5724521031727137
0.5583075678000774
0.5442882641259251
0.5304091284682816
0.5166846058196675
0.5031285792147485
0.4897543019192351
0.4765743336542566
0.46360048183926
0.45084374864662746
0.4383142844956952
0.4260213484626831
0.4139732759405178
0.40217745374583896
0.3906403027388581
0.37936726789646763
0.3683628156634567
0.3576304383070931
0.34717266492546905
0.33699107872047107
0.32708634015093485
0.31745821563230475
0.3081056115340023
0.2990266133153941
0.2902185296935907
0.28167794171116034
0.2734007564516433
0.2653822649542062
0.2576172036570356
0.2500998185135122
0.24282393082065598
0.23578300378810654
0.22897020894021075
0.2223784915503368
0.21600063442270906
0.20982931944060929
0.2038571863808974
0.1980768885531705
0.19248114486252665
0.18706278792467876
0.18181480788777654
0.17673039164244841
0.17180295713483254
0.1670261825402031
0.1623940301096286
0.15790076457018778
0.153540966040573
0.1493095375168726
0.1452017070848627
0.14121302512073558
0.13733935684624943
0.13357687070072813
0.129922023075175
0.1263715400179379
0.12292239656311715
0.11957179435035942
0.11631713819778561
0.11315601226029043
0.11008615635650072
0.10710544298340724
0.10421185546271163
0.10140346758187155
0.0986784250099493
0.09603492868734252
0.09347122031218086
0.09098556997675457
0.08857626594615138
0.08624160651905016
0.0839798938675393
0.0817894297186757
0.0796685127147713
0.07761543727139548
0.07562849374101861
0.07370596968525371
0.07184615205895326
0.07004733011417895
0.06830779884054061
0.06662586276989073
0.06499983998724213
0.06342806620544739
0.061908898778119496
0.06044072054299024
0.059021943405939595
0.05765101159388705
0.05632640452221957
0.05504663923911713
0.05381027242471433
0.05261590193726103
0.051462167911101364
0.050347753422241744
0.049271384746412926
0.048231831241831086
0.04722790489433101
0.04625845956626504
0.04532238999264141
0.0444186305685846
0.0435461539715019
0.04270396965956203
0.04189112228542227
0.0411066900608052
0.040349783103721365
0.039619541796046834
0.03891513517496426
0.03823575937760311
0.037580636154193416
0.036949011461266126
0.036340154142969455
0.03575335470546597
0.03518792418666378
0.03464319312122489
0.0341185105988808
0.03361324341255774
0.03312677529164155
0.03265850621486872
0.032207851796775516
0.03177424274133507
0.031357124356319294
0.03095595612200229
0.03057021130803761
0.030199376632649926
0.029842951958663013
0.029500450021300934
0.029171396183134794
0.02885532821197257
0.028551796077906907
0.02826036176611488
0.027980599102358877
0.027712093588449983
0.027454442245215052
0.027207253460755303
0.026970146842000282
0.026742753067755105
0.026524713741617138
0.026315681243298875
0.026115318577056585
0.025923299216077587
0.025739306941840283
0.02556303567762295
0.025394189315506813
0.025232481536395034
0.025077635622747604
0.024929384263916797
0.02478746935414944
0.024651641783503476
0.024521661222098794
0.02439729589828366
0.024278322371448162
0.024164525300341924
0.024055697207865368
0.023951638243385115
0.0238521559436831
0.023757064993683682
0.023666186988102602
0.023579350195143865
0.023496389323322292
0.023417145292417077
0.023341465009475613
0.023269201150672998
0.02320021194971702
0.023134360993353
0.023071517024390496
