0.8142652853279788
0.7210965921136308
0.6854898393055223
0.6711367532339829
0.6794641800808697
0.6916694655934914
0.6778332654736245
0.6545410225915922
0.5954635455431664
0.5068210918561796
0.40898690958747475
0.3238557314341359
0.2106195108281412
0.13796727441130444
0.10103293149346167
0.08606173953640654
0.08086770165463272
0.07874008327226993
0.07727242907476316
0.07609254667635555
0.07533102225046359
0.07496455547584538
0.07470577112023222
0.07413523226985545
0.07288262406790934
0.07075971320648598
0.06781187100103879
0.06429204234174253
0.06058074091442391
0.05708438451625971
0.054142924493809176
0.05196736335451876
0.05061417713450653
0.049993749546679594
0.04990544210738515
0.05008942305844594
0.05028253829384303
0.05026468372629373
0.04988602831539202
0.04907254636911388
0.04781383812447706
0.04614087037642738
0.04410201376667047
0.0417444168959569
0.03910509889916389
0.03621283842756086
0.03309876098054761
0.02981121619035239
0.02642951024431785
0.023071336837777803
0.01989012359529535
0.017060732738723654
0.014754797914904624
0.013110095288672323
0.012200965950485941
0.012017689958796861
0.012460921588030962
0.01335334629614938
0.014466540452700002
0.015558187997037549
0.016413129953477473
0.016880135186651154
0.01689512711012301
0.016483167868968435
0.015737572002500647
0.01478325752429588
0.013737675330002275
0.01268241383950445
0.011652739448132138
0.01064496499510393
0.009635868695363462
0.008605554243223254
0.007555287698312006
0.006514661979923265
0.005536849208451065
0.00468493787901835
0.004014813941135998
0.003560172493759322
0.003323625125960608
0.0032755656403735726
0.0033603254249444728
0.0035076152365064975
0.003646446187463716
0.0037186190243634343
0.003689330561795632
0.003553262268961556
0.003335414171633711
0.0030866223260728174
0.002874036396381337
0.002767192463252187
0.002821335635453662
0.003061424174224068
0.0034717312850055387
0.003995573729683774
0.00454677842658563
0.00503011899976455
0.005364316917446932
0.0055002203441719974
0.005428897311572069
0.005178384036535591
0.004801666637308666
0.004360606147457312
0.0039107045478152065
0.0034905301739959413
0.003117903666892817
0.0027928648446606326
0.002505389782384349
0.0022445260291259904
0.002005622035173644
0.0017935637759367979
0.0016217336078333307
0.0015079116003267733
0.001468908093824485
0.001515320748905446
0.001647139801813196
0.0018508122952869798
0.0020988595624808737
0.002353299881287902
0.002573085236748869
0.002723780428427632
0.0027861118460914508
0.0027600328259241385
0.0026627308687238883
0.0025215166402997556
0.0023644277204891645
0.0022118936543587477
0.0020720654800827436
0.0019409813441324739
0.00180713513805106
0.0016586214596526873
0.0014902208816605065
0.0013078588965658715
0.0011288364600962639
0.0009777531251597695
0.0008795451527287829
0.0008519522258993738
0.000899715864361029
0.0010120950355370511
0.001164347573704665
0.0013229752687952895
0.0014536909507789422
0.0015301469481320328
0.0015407921133323817
0.0014914102591189323
0.0014022237459228462
0.0013004693228884149
0.0012110984852712157
0.0011488872827850798
0.0011145669977336552
0.0010960399123103818
0.0010739982912539906
0.001029886804426624
0.0009534801179204329
0.0008475220804326279
0.0007278335393174689
0.0006187823546142311
0.000545571206190574
0.0005258996193166804
0.0005637868291106417
0.0006476284968601997
0.0007531881694908283
0.0008506524342180325
0.0009135505980983257
0.0009266382043877008
0.0008900698838211285
0.0008184066368016196
0.0007348596999921976
0.0006629333090776376
0.0006185311287352594
0.0006052741645537317
0.000614453996530191
0.0006293232852850114
0.0006319649108318425
0.000610227961458191
0.0005623269877137854
0.0004975726734825539
0.00043305049681497337
0.00038746861400113094
0.00037438977021899924
0.00039727896146666674
0.00044813753998701336
0.0005101874876451664
0.000563597531989511
0.0005921468984694219
0.0005884087885043763
0.0005556302172765196
0.0005057684303182655
0.0004546086939246115
0.00041593763926195117
0.00039696938464194525
0.00039658315887800433
0.00040676125790148685
0.000416418472767726
0.00041602828238079684
0.00040130140554001586
0.0003746399622588569
0.0003439669782141382
0.00031949952810149797
0.0003097596811230013
0.0003183474473040869
