0.5428435235519858
0.4807310611401969
0.45699322298558226
0.4474244954040137
0.45297610865212656
0.46111296663207585
0.45188883475926
0.43636067517841076
0.39697569547665074
0.33788073168475696
0.2726579468862146
0.21590382901434552
0.14041301521746896
0.0919781887316162
0.06735529121588477
0.05737449540957133
0.053911803295346006
0.05249339131075782
0.05151495549632585
0.050728367378293296
0.050220684345887966
0.049976372886208646
0.04980384958823239
0.049423489927127494
0.048588417404038305
0.04717314320106063
0.045207914899103405
0.04286136244963298
0.04038716165764997
0.03805625772339294
0.03609528486142209
0.03464491136809714
0.03374278786510317
0.03332917007345302
0.0332702989168638
0.033392953158615006
0.03352169670086469
0.03350979349699536
0.033257356226425276
0.03271503447963883
0.031875895130525404
0.030760582746115935
0.029401344442841135
0.027829612630894455
0.026070066737536708
0.02414189253638338
0.022065840375223803
0.019874143369724276
0.017619672351796883
0.015380889834082248
0.013260080948941003
0.011373820548366326
0.009836531075831595
0.008740063284861738
0.008133977841996745
0.008011794696606487
0.008307283262713846
0.008902233749957187
0.009644363665510261
0.010372128930536519
0.010942090228222385
0.011253426838434093
0.011263421100747557
0.010988781187927963
0.010491716865057489
0.009855506864094324
0.009158451816390904
0.008454944013102123
0.007768494374929367
0.007096644769638742
0.0064239139745918
0.0057370377547740605
0.005036860126971763
0.004343109691931099
0.0036912345269394234
0.0031232936308169526
0.002676544306221563
0.0023734499536579483
0.002215751631004872
0.002183711869727533
0.0022402182578079265
0.002338411298077693
0.0024309650689107514
0.0024790800788662697
0.0024595542231859464
0.0023688418397024265
0.002223609639440897
0.002057748350583595
0.0019160244314111283
0.0018447952718934982
0.0018808909321175642
0.002040950224940455
0.0023144885800196755
0.002663717125317209
0.003031187096981371
0.0033534142161630626
0.0035762127889987843
0.003666814942959557
0.0036192660686253644
0.003452257021279717
0.003201111919758391
0.002907071479582692
0.0026071370294182064
0.002327020783043506
0.002078603144288678
0.0018619106291590031
0.0016702605941901051
0.0014963513888531803
0.0013370819785710134
0.0011957096944580673
0.0010811561329204928
0.0010052747023252884
0.0009792723190202334
0.001010214099317769
0.001098093526370967
0.0012338752722545483
0.0013992401933164496
0.0015688671088668125
0.0017153906526842354
0.0018158540190463081
0.0018574081494296566
0.0018400219665558658
0.001775153844151116
0.0016810109288252436
0.00157628496232308
0.0014745956431695387
0.001381376978783972
0.0012939877011741866
0.0012047570337296231
0.0011057480085405473
0.0009934809872067017
0.0008719062956466691
0.0007525579198164725
0.0006518355900024533
0.0005863635125698419
0.0005679681693036251
0.0005998105857571853
0.0006747300687287654
0.0007762318213408708
0.0008819836758759565
0.0009691274926036761
0.0010200981406946255
0.001027194853881941
0.0009942735217044793
0.0009348157431404057
0.0008669793791495987
0.0008073987821053648
0.0007659246614383885
0.0007430445333392922
0.000730693234478289
0.0007159989161298353
0.0006865913331879333
0.0006356535784100407
0.0005650148779364184
0.0004852224698461772
0.00041252161097500453
0.0003637141094962119
0.00035059966851645356
0.00037585778983286036
0.0004317522484071965
0.0005021253992769163
0.0005671016178570461
0.0006090337586731498
0.0006177588385520845
0.0005933799412251979
0.000545604406192903
0.0004899064040397801
0.0004419554403105067
0.0004123539703147185
0.00040351600313014445
0.0004096359224411863
0.00041954882526727634
0.00042130995120958205
0.0004068186794158977
0.0003748847019075128
0.00033171514007877394
0.0002887003187804701
0.00025831235360405437
0.00024959308760142166
0.00026485252846147797
0.00029875824897304627
0.00034012490143607354
0.0003757316295065135
0.0003947645726644381
0.00039227252202756504
0.00037042014877161714
0.00033717895009919717
0.00030307244228743545
0.0002772917210391271
0.00026464620642663186
0.00026438872227195877
0.00027117413241370305
0.0002776122930350288
0.00027735218302747715
0.0002675342747065552
0.0002497599772110205
0.00022931130762791452
0.00021299965320730396
0.0002065064001926858
0.00021223156229143624
