1.7720610521350357
1.7623143170492959
1.751184006199695
1.7385330189230122
1.7245845238602928
1.7092671566322386
1.6927732247282092
1.6750264197163809
1.6563009166426275
1.6365067500611334
1.6157062064790715
1.5941233065065978
1.571605106104638
1.5482446135597578
1.5241011558759396
1.4990330062218435
1.4732058436353743
1.4464239435186252
1.4188901923467878
1.3907661842818988
1.3620393280217853
1.332933020978762
1.3035386249872458
1.2739778152355827
1.244251618365766
1.2142832255720295
1.184082229079658
1.1534995977748057
1.1226725057947788
1.0919813009888144
1.060971825831749
1.0299407248885128
0.9989956566334534
0.968390013531413
0.9378025520504765
0.9073759326834249
0.8771298122759544
0.84694219514167
0.8168338946923743
0.787132685608454
0.7580048249352149
0.7293277284228428
0.7011449621020013
0.6739674148262134
0.647240562626842
0.6216831563521124
0.5969553177582186
0.5732490278543875
0.5498140218125297
0.5269557777971601
0.5052157329204572
0.4843966711365763
0.4642624767980071
0.44468728853378586
0.4258602559806629
0.40812040540247946
0.39019117979815454
0.3726780446903564
0.356400755887283
0.34119924720614864
0.3270987113261723
0.3116825949288941
0.2972063801538474
0.28321973570899084
0.2690492281856055
0.2551445430814668
0.24138716333411753
0.22872742321212297
0.21640640902567204
0.20319307545409884
0.1904664656181025
0.17861468981639522
0.167342726592722
0.15664325979079916
0.14643792047990845
0.1370835555664767
0.12878118758707446
0.12098487196552216
0.11318555711241793
0.10621609200061419
0.10005725968729431
0.09483975362033453
0.08970345398161063
0.08598028323596656
0.08300762500680625
0.08034091401171728
0.07757050139102536
0.0753642523797321
0.07276535351662686
0.0702420732002399
0.06827573648589194
0.0670863971795104
0.06532393075318786
0.06404533638842307
0.06276599660499324
0.06161928667431076
0.061356769513525394
0.060520535643053486
0.05967195331468298
0.059349913624010014
0.05979410505535896
0.060361423726342685
0.06008118123584695
0.0601140907861315
0.059536508757167865
0.0597981962636968
0.05998362274803718
0.05883616912673413
0.05735405386956149
0.056334746112084826
0.05685642799632359
0.05754528787047432
0.05784083138990075
0.058190119793964254
0.0585949550365579
0.05985055121425311
0.060716513886650905
0.05968877829244637
0.05983555746471975
0.060492123733819535
0.060126757542320754
0.06029714207810654
0.059553063140341256
0.059463318462920446
0.05985792851101205
0.06087026139740087
0.06223412616999965
0.06450995926758851
0.06369868283857101
0.06421337438082086
0.06390387915317695
0.06509355370373278
0.06697646968596051
0.06827300187915324
0.072758462650629
0.07124730846884364
0.07111064492989284
0.07016654057424189
0.07186142760663466
0.07123481779687942
0.07220132565931574
0.07461143116662934
0.07422914552223893
0.0717627661691333
0.06984326634854564
0.06973429795241524
0.06881427508475407
0.06936338800588297
0.07067119389925246
0.07173299659005206
0.07341466232782294
0.07339433055010894
0.07335752209591549
0.0738182264569028
0.07445674745987302
0.07559867643830526
0.07660219483368308
0.0764786630959479
0.07506035793602138
0.07415321356411196
0.07489088851120448
0.0747637614776555
0.07511697418855702
0.07458248560097072
0.0749178718686097
0.0754077461602544
0.07690923298205359
0.07894740561674199
0.08116313050767548
0.08227323341793936
0.08300020695329685
0.0845537508305737
0.08585787139769
0.0860835393243133
0.08573116633667176
0.08552908958191918
0.08443184433958272
0.08434447202131619
0.0852247672453775
0.08549132065783166
0.08699941850618294
0.08849055601899894
0.08821703007648332
0.08863502445799153
0.08994127746997302
0.09093318916604307
0.09057699151660673
0.09058343372121347
0.09188762506983486
0.09248356069331598
0.09366310369734095
0.09473679814310104
0.09655708742163048
0.0982632955341573
0.09913249982621498
0.10115722613928747
0.10129052879399139
0.10073950151678987
0.09983508332424151
0.09900177393967721
